0.000223160
0.000288725
0.000229359
0.000225782
0.000224590
0.000227690
0.000225306
0.000324249
0.000224829
0.000225544
0.000225067
0.000229120
0.001104116
0.000691652
0.000699759
0.000242472
0.000227451
0.000223398
0.000283241
0.000225544
0.000257254
0.000232458
0.000267744
0.000281334
0.000244379
0.000251532
0.000231743
0.000252962
0.000230551
0.000225067
0.000306845
0.000225306
0.000247240
0.000265360
0.000229836
0.000238180
0.000323296
0.000443697
0.000462532
0.000236511
0.000227213
0.000350237
0.000655651
0.000225306
0.000244617
0.000222206
0.000249147
0.000285387
0.000224590
0.000254869
0.000223160
0.000251055
0.000290394
0.000221729
0.000229359
0.000225306
0.000242949
0.000258207
0.000223160
0.000306129
0.000275373
0.000314713
0.000395536
0.000372171
0.000364780
0.000296116
0.000258684
0.000222921
0.000225067
0.000294209
0.000222683
0.000250816
0.000222921
0.000251293
0.000224113
0.000222445
0.000317812
0.000223398
0.000253916
0.000229120
0.000222683
0.000233650
0.000223398
0.000314474
0.000230312
0.000248432
0.000270367
0.000224113
0.000256538
0.000342369
0.000302315
0.000445604
0.000422478
0.000465631
0.000416994
0.000399351
0.000227928
0.000248432
0.000236750
0.000227451
0.000223398
0.000219345
0.000219345
0.000219107
0.000241995
0.000214815
0.000246048
0.000223398
0.000225544
0.000217438
0.000216722
0.000240326
0.000217199
0.000227451
0.000245333
0.000220299
0.000217676
0.000294924
0.000247478
0.000268936
0.000394344
0.000402212
0.000303984
0.000788689
0.000572681
0.000247002
0.000257969
0.000218630
0.000220299
0.000219107
0.000219584
0.000220299
0.000244379
0.000223875
0.000248432
0.000214338
0.000218153
0.000220060
0.000219584
0.000220299
0.000224590
0.000250101
0.000227451
0.000229597
0.000243664
0.000221491
0.000225306
0.000732899
0.000351429
0.000292063
0.000222206
0.000236750
0.000221014
0.000224352
0.000245333
0.000228405
0.000249386
0.000231743
0.000219345
0.000222206
0.000221491
0.000254631
0.000219345
0.000246286
0.000221491
0.000228167
0.000222921
0.000228405
0.000226021
0.000223637
0.000265598
0.000267982
0.000281811
0.000420570
0.000390291
0.000342846
0.000597715
0.000249386
0.000625372
0.000225782
0.000246286
0.000231266
0.000221968
0.000221252
0.000223875
0.000234842
0.000243664
0.000251532
0.000228167
0.000249863
0.000249624
0.000226974
0.000223160
0.000224113
0.000180244
0.000231743
0.000225544
0.000224590
0.000279427
0.000249863
0.000240564
0.000226498
0.000223160
0.000226974
0.000222921
0.000224113
0.000227690
0.000252724
0.000251293
0.000241518
0.000217199
0.000190735
0.000225544
0.000222921
0.000232935
0.000223160
0.000224590
0.000247955
0.000249386
0.000228405
0.000226498
0.000224829
0.000228643
0.000221729
0.000177383
0.000224352
0.000235319
0.000239372
0.000222445
0.000222206
0.000221729
0.000230789
0.000258684
0.000287771
0.000252008
0.000236273
0.000221729
0.000222445
0.000221729
0.000221968
0.000235796
0.000190735
0.000220776
0.000246525
0.000222445
0.000226021
0.000224829
0.000270128
0.000284672
0.000257254
0.000255585
0.000262976
0.000255346
0.000260353
0.000245571
0.000277758
0.000286341
0.000290394
0.000253916
0.000259399
0.000348091
0.000263691
0.000390291
0.000368834
0.000274420
0.000390768
0.000353098
0.000373125
0.000434399
0.000454903
0.000373363
0.000482798
0.000398159
0.000776768
0.000383377
0.000771284
0.000800610
0.000309229
0.000876665
0.000328302
0.000854015
0.000573874
0.000723600
0.000764370
0.000710964
0.000896931
0.000650883
0.000625610
0.000811100
0.000533342
0.000554800
0.000654221
0.000330687
0.000312328
0.000433445
0.000485897
0.000258923
0.000236034
0.000742674
0.000246763
