0.021917105
0.024630547
0.037523746
0.020401716
0.032204390
0.026380777
0.021374702
0.035461187
0.013387442
0.034937382
0.029133558
0.031862020
0.012790918
0.031787157
0.018829823
0.041549683
0.022374392
0.018723488
0.031903505
0.026492596
0.019996405
0.020098925
0.030879498
0.028119564
0.021306753
0.021451712
0.032346249
0.019023180
0.020406008
0.032639742
0.018825531
0.032123327
0.031317472
0.009709120
0.032190800
0.018902540
0.034441710
0.018994808
0.034240484
0.034782887
0.018810511
0.035221577
0.031508684
0.020522118
0.034978867
0.033550024
0.018773317
0.016249657
0.010597229
0.015851021
0.019435644
0.031056404
0.020623684
0.030535698
0.020870447
0.032382727
0.019139767
0.032485008
0.027290106
0.024667263
0.011368275
0.029518366
0.019503117
0.015152216
0.016710758
0.015324593
0.024068594
0.027615547
0.030198574
0.029715061
0.015896797
0.030200481
0.035427570
0.015838146
0.017039299
0.030033112
0.011155605
0.015856981
0.014914036
0.015230656
0.016853333
0.026947260
0.030861616
0.014115810
0.015052319
0.012755394
0.019508123
0.016876936
0.014094830
0.022855043
0.014540911
0.010823727
0.010047197
0.073444605
0.024253368
0.010334015
0.009498119
0.008509159
0.007052660
0.006261349
0.025596619
0.015255928
0.007463217
0.006880283
0.007520914
0.007634401
0.007072449
0.009401560
0.006488562
0.008738518
0.006611586
0.007384062
0.007351637
0.007362127
0.007695198
0.028451681
0.008245945
0.006953001
0.036161661
0.006988287
0.020436049
0.020778418
0.030423403
0.019335270
0.020541191
0.019840717
0.020059586
0.026599884
0.034809113
0.018976927
0.005432844
0.005575657
0.005459309
0.005475760
0.005411625
0.006552696
0.014295340
0.005641699
0.006551266
0.007813692
0.006462336
0.006473541
0.006402969
0.006558180
0.006432295
0.006484509
0.006454229
0.006536961
0.006497622
0.006449938
0.006493568
0.006468773
0.006453514
0.006497383
0.006423235
0.006452560
0.018522024
0.006562710
0.006485701
0.006441116
0.007250071
0.006778717
0.031434536
0.019493818
0.019957542
0.016428232
0.005332470
0.005363226
0.005405188
0.005330563
0.005293369
0.006601334
0.006536484
0.015966892
0.006539822
0.006443024
0.006515741
0.006460905
0.006502867
0.006523848
0.006496906
0.006533146
0.006497145
0.006504536
0.006496668
0.006537437
0.006524801
0.006519079
0.006428242
0.006476402
0.015478611
0.006478548
0.006448507
0.015665293
0.006839037
0.006537437
0.006651640
0.006530046
0.006672621
0.006606102
0.006631613
0.016668320
0.006693363
0.006761789
0.006705999
0.006738186
0.015547276
0.006556273
0.006584406
0.006563663
0.006664753
0.006580114
0.009881735
0.006604910
0.008929253
0.018769741
0.030131578
0.007781982
0.031719446
0.018766880
0.031773329
0.018735170
0.030453682
0.018608332
0.030632019
0.018584490
0.030732870
0.030744791
0.018675566
0.030489922
0.028923035
0.029039383
0.008620262
0.030553102
0.018484592
0.030856133
0.018587112
0.031581640
0.018680573
0.030984640
0.019102335
0.030852318
0.018936157
0.030864477
0.019248009
0.031386852
0.020551443
0.030466557
0.030621052
0.021601439
0.032931089
0.030805349
0.020102262
0.030841351
0.019363880
0.031445026
0.020197868
0.028316021
0.021480322
0.031430006
0.020302534
0.031074524
0.020310640
0.030962706
0.021737099
0.031525612
0.028707027
0.017512560
0.021987915
0.021943092
0.031880140
0.023284435
0.023429871
0.022775888
0.023149729
0.023331881
0.010002375
0.023324251
0.007626772
0.020503998
0.034145117
0.007310867
0.007695436
0.020270348
0.021789312
0.022666931
0.007013798
0.036000967
0.006644964
0.020374298
0.019927979
0.021713734
0.006744862
0.033175945
0.022627354
0.020642757
0.023105860
0.021879196
0.008453846
0.037686348
