0.000281811
0.000286818
0.000260830
0.000214815
0.000464916
0.000203848
0.000206709
0.000225544
0.000198126
0.000223398
0.000199556
0.000274420
0.000195265
0.000221014
0.000198364
0.000191927
0.000196695
0.000195503
0.000241756
0.000188828
0.000189066
0.000240326
0.000209570
0.000236511
0.000214577
0.000223875
0.000215292
0.000276566
0.000201464
0.000255823
0.000257492
0.000247955
0.000562906
0.000205517
0.000197649
0.000218630
0.000211477
0.000224352
0.000199795
0.000226498
0.000197887
0.000223160
0.000248432
0.000199080
0.000240088
0.000179529
0.000216246
0.000214100
0.000215769
0.000213385
0.000242710
0.000214815
0.000241756
0.000317812
0.000238895
0.000410318
0.000246525
0.000222683
0.000244141
0.000215769
0.000215292
0.000217915
0.000257730
0.000312328
0.000220537
0.000240088
0.000326633
0.000198603
0.000226498
0.000197172
0.000240326
0.000196695
0.000195026
0.000213146
0.000196695
0.000194788
0.000192165
0.000288963
0.000191212
0.000189304
0.000240564
0.000211716
0.000213146
0.000212908
0.000222921
0.000429392
0.000407457
0.000277758
0.000205278
0.000220537
0.000226498
0.000267029
0.000233650
0.000231266
0.000198126
0.000197172
0.000204086
0.000200033
0.000199318
0.000200987
0.000198364
0.000214100
0.000202656
0.000202179
0.000149250
0.000194550
0.000195503
0.000194073
0.000195742
0.000195026
0.000237465
0.000188828
0.000207186
0.000254393
0.000211477
0.000213861
0.000208616
0.000220537
0.000212908
0.000487804
0.000501156
0.000253677
0.000195742
0.000286341
0.000228167
0.000278473
0.000298738
0.000466108
0.000197172
0.000230551
0.000194311
0.000224113
0.000194073
0.000217915
0.000195265
0.000223875
0.000193596
0.000224113
0.000195742
0.000220060
0.000211239
0.000195503
0.000245333
0.000196695
0.000205755
0.000242233
0.000209808
0.000237465
0.000214100
0.000219584
0.000215292
0.000533104
0.000365019
0.000346422
0.000192404
0.000190973
0.000232935
0.000286579
0.000259638
0.000387907
0.000198364
0.000195980
0.000197411
0.000201464
0.000184774
0.000195742
0.000196218
0.000197411
0.000204802
0.000196934
0.000197172
0.000196934
0.000202417
0.000192642
0.000200748
0.000236273
0.000189543
0.000187397
0.000241041
0.000211477
0.000214100
0.000212669
0.000218630
0.000466108
0.000354528
0.000271797
0.000191212
0.000236988
0.000237226
0.000213623
0.000580311
0.000223160
0.000201941
0.000197649
0.000212193
0.000193357
0.000195026
0.000519753
0.000194788
0.000195026
0.000190258
0.000194550
0.000192165
0.000195742
0.000193596
0.000238180
0.000184536
0.000188828
0.000216484
0.000186682
0.000197649
0.000357866
0.000267267
0.000410080
0.000195503
0.000203609
0.000193596
0.000190973
0.000224352
0.000542402
0.000203609
0.000196934
0.000195026
0.000246048
0.000143290
0.000193834
0.000220060
0.000202656
0.000257254
0.000227928
0.000223875
0.000215054
0.000218868
0.000189781
0.000191450
0.000190735
0.000189781
0.000190258
0.000193357
0.000190973
0.000221491
0.000215769
0.000192404
0.000192642
0.000191689
0.000189781
0.000199556
0.000195265
0.000196457
0.000217915
0.000222921
0.000192404
0.000192642
0.000196218
0.000140905
0.000191450
0.000195265
0.000195503
0.000189781
0.000216246
0.000208616
0.000192165
0.000195026
0.000194311
0.000192404
0.000192881
0.000196695
0.000192404
0.000211000
0.000212431
0.000206232
0.000185490
0.000193596
0.000191450
0.000248194
0.000247717
0.000207663
0.000184298
0.000184298
0.000185251
0.000185966
0.000194073
0.000200272
0.000195265
0.000144720
0.000184774
0.000221014
0.000185490
0.000209570
0.000257254
0.000248432
0.000230074
0.000234604
0.000236273
0.000190973
0.000190735
0.000190973
0.000191450
0.000216722
0.000218391
