0.032977343
0.032160282
0.037541389
0.036114693
0.014577627
0.013616323
0.013081789
0.011566877
0.011308908
0.011432409
0.011523962
0.011414528
0.011628628
0.011361837
0.002255201
0.021774054
0.016338348
0.014350414
0.001081944
0.001077890
0.011914253
0.021790981
0.011705875
0.001078367
0.001062632
0.014047146
0.014595985
0.013231516
0.013713837
0.011417866
0.011411667
0.011469364
0.011540651
0.011291981
0.011519432
0.011576414
0.012314558
0.002367735
0.001161337
0.001055002
0.001071692
0.001063824
0.011868238
0.032106638
0.012688160
0.012297630
0.022085190
0.001078367
0.011671782
0.011633635
0.011267185
0.013820887
0.013613462
0.011273384
0.011698246
0.011469841
0.011458158
0.011648417
0.003199577
0.001050472
0.011141777
0.011482716
0.021700382
0.015786409
0.023370266
0.001103401
0.012462378
0.022121668
0.000952244
0.001080513
0.011072397
0.011725187
0.011418819
0.011417866
0.011395454
0.000921249
0.011372566
0.011547327
0.011613607
0.011561155
0.011586905
0.001211882
0.021785975
0.011562824
0.002396584
0.001985550
0.001278639
0.001115084
0.000940561
0.000941753
0.013186455
0.021661758
0.011632204
0.021873713
0.012580633
0.022189856
0.012359619
0.022033453
0.000942707
0.011515379
0.012429237
0.012598753
0.011908531
0.000928640
0.011235952
0.000915766
0.011308670
0.011271477
0.011236429
0.011455774
0.000893116
0.012005568
0.011589289
0.002074242
0.001125813
0.001010895
0.013213634
0.012595177
0.012295485
0.021831989
0.000912666
0.011583328
0.031908035
0.012142420
0.000934839
0.000914335
0.011648417
0.011339903
0.000918150
0.012740374
0.012064934
0.012025595
0.011224031
0.011218786
0.011294127
0.000894785
0.011246920
0.011777639
0.011770725
0.012052059
0.011197090
0.011543989
0.002042294
0.001692772
0.011845350
0.011685848
0.031954765
0.012454510
0.000933647
0.000905037
0.012114286
0.000900745
0.011979818
0.011362076
0.011377096
0.011498928
0.000917912
0.011337280
0.011392832
0.011250734
0.011611700
0.011295557
0.012134790
0.011242628
0.011364222
0.011615515
0.002043724
0.032242298
0.012058735
0.000927687
0.012582064
0.022211790
0.011553288
0.021689177
0.000910759
0.012528658
0.012275934
0.000931978
0.012424946
0.011448860
0.031850576
0.021523714
0.012213469
0.021888733
0.011393309
0.032324553
0.012648582
0.021506310
0.011780262
0.011569500
0.021455765
0.012074947
0.013011456
0.025393963
0.013143778
0.012984276
0.012951851
0.011574507
0.012433290
0.013221741
0.012658119
0.012532949
0.012272358
0.012347937
0.013647318
0.011351585
0.000924587
0.013700247
0.013665915
0.013710737
0.013418674
0.012554407
0.011995554
0.011875868
0.023605824
0.011686087
0.011233330
0.011260748
0.011250496
0.011304855
0.011284590
0.011797190
0.011383772
0.000975132
0.011259556
0.011363983
0.011277437
0.012878418
0.011433363
0.011376858
0.011445045
0.011519670
0.011786938
0.011388063
0.011430502
0.011418819
0.011259079
0.010972977
0.011290073
0.011454582
0.011369944
0.011556864
0.011278868
0.011480808
0.011413574
0.011389971
0.011420250
0.001162529
0.011503458
0.011188269
0.011238098
0.011292458
0.001235008
0.011360645
0.011303663
0.001125336
0.011496544
0.011270046
0.011270285
0.001169443
0.022476673
0.011438131
0.011400223
0.011365652
0.001808643
0.011678219
0.001779079
0.011486053
0.002288342
0.022241354
0.011804581
0.001852751
0.002253532
0.011774778
0.002152920
0.033485651
0.032244682
0.021851778
0.011482477
0.002016544
0.002019644
0.001969337
0.002046108
0.002050400
0.002365828
0.002355337
0.001373768
0.012013912
0.001345634
0.000911713
0.000914335
0.000913620
0.001261950
0.000923157
0.001293182
0.001749754
0.001132965
0.001985788
0.002081156
0.001906633
