0.011143923
0.011509180
0.010901451
0.010893822
0.010988951
0.010840893
0.010876417
0.010892391
0.011178017
0.010964155
0.010859013
0.010899782
0.010999203
0.010987043
0.010874987
0.011080265
0.011327982
0.011163473
0.011203766
0.011554003
0.011329889
0.011248112
0.010708570
0.010805130
0.010827065
0.011085749
0.011162996
0.011175394
0.011082649
0.000633478
0.012905121
0.012860775
0.012552738
0.011462927
0.012467146
0.012091160
0.010851622
0.013039827
0.010838509
0.010791540
0.010764837
0.010792971
0.010884285
0.010891914
0.011138201
0.010830164
0.010966063
0.010993004
0.010745525
0.011095285
0.010952234
0.011111021
0.011049747
0.011140108
0.011003494
0.011338711
0.011726618
0.011698723
0.010655880
0.010910749
0.010843754
0.010812521
0.010819197
0.011141777
0.011156321
0.011224747
0.011089802
0.011161566
0.011446714
0.011627197
0.011417389
0.010796785
0.010803223
0.010857105
0.012506485
0.013309479
0.013064384
0.012739182
0.012773514
0.010824203
0.010912895
0.010885477
0.011031389
0.011049986
0.010904312
0.010751724
0.010789633
0.010997772
0.011030197
0.010871172
0.010821819
0.011232853
0.011053801
0.011792660
0.011468410
0.011061430
0.010701418
0.010858774
0.010741472
0.010865927
0.010940075
0.011065245
0.011172533
0.011317492
0.011003971
0.011188745
0.011563063
0.011595726
0.011577845
0.011508703
0.011459351
0.011445999
0.010824203
0.010799170
0.010780811
0.010860443
0.010779381
0.010830164
0.011090279
0.010822535
0.010882139
0.010795593
0.010934591
0.011007071
0.011501312
0.010787725
0.010781050
0.011054039
0.011056900
0.010942459
0.011253595
0.010813236
0.010854006
0.011151791
0.010963440
0.011107922
0.011067629
0.011119366
0.011011839
0.010770559
0.010708809
0.010822773
0.010794878
0.010863781
0.011382341
0.011029243
0.010968924
0.011271715
0.011537552
0.012589931
0.011342525
0.011800051
0.011695623
0.011368036
0.012597322
0.011857271
0.011612177
0.011461020
0.011255026
0.010846615
0.011212111
0.010822773
0.010862827
0.010828972
0.010827065
0.010799170
0.010915041
0.010980844
0.010847569
0.010934591
0.010964394
0.011010170
0.011008739
0.011576891
0.011353970
0.010763884
0.010670662
0.010677099
0.011144400
0.014979839
0.014425278
0.010733604
0.013892651
0.012296200
0.012441635
0.011066675
0.011064529
0.010925531
0.011474371
0.011455536
0.011248112
0.011337042
0.011574507
0.011567354
0.011413097
0.012935162
0.013716698
0.011430979
0.010787010
0.010814428
0.010781288
0.010832071
0.010869741
0.010843754
0.010867119
0.010961771
0.010948181
0.010812521
0.010913610
0.010860682
0.010944605
0.010901213
0.010995865
0.010954380
0.011198759
0.010948658
0.011096478
0.011604786
0.010918617
0.011354446
0.010673523
0.011255503
0.010899305
0.013565063
0.013562441
0.013445854
0.013167858
0.014164209
0.010964394
0.011055708
0.010952473
0.011187315
0.011317015
0.011764526
0.011365652
0.011530399
0.010740519
0.011091232
0.011276484
0.011034250
0.010878086
0.010771036
0.010810375
0.010836124
0.010873318
0.010874748
0.010822535
0.010967016
0.011090755
0.010902882
0.010928869
0.010981321
0.010770798
0.010859251
0.010851860
0.011222601
0.010860443
0.011066437
0.010931969
0.011006117
0.011005878
0.011478901
0.011270046
0.011165857
0.011108875
0.010825157
0.010713100
0.013679266
0.012105703
0.013884306
0.013188601
0.012535095
0.012597322
0.010839224
0.011146545
0.011548758
0.010792017
0.010762215
0.011113167
0.010811806
0.010791302
0.010767221
0.010858059
0.010780811
0.010800600
0.010858059
0.010843277
0.010862827
0.010801315
0.010783434
0.011085272
0.010967493
0.010948181
0.010895967
0.010946989
0.011058092
0.010931015
0.010885954
0.010972500
0.011809111
