0.000226498
0.000254869
0.000196695
0.000195742
0.000193596
0.000194788
0.000195026
0.000194073
0.000194550
0.000189304
0.000193834
0.000191689
0.000198364
0.000196695
0.000194311
0.000192642
0.000242233
0.000192642
0.000193834
0.000210762
0.000194550
0.000222683
0.000553370
0.000347376
0.000452757
0.000236273
0.000196457
0.000194073
0.000194550
0.000194788
0.000196695
0.000216722
0.000240564
0.000222206
0.000200987
0.000226021
0.000194788
0.000220060
0.000195503
0.000220537
0.000196457
0.000204563
0.000195980
0.000197887
0.000203371
0.000205040
0.000242472
0.000195026
0.000203133
0.000245810
0.000269175
0.000260115
0.000391245
0.000406027
0.000347853
0.000200987
0.000197172
0.000254393
0.000286579
0.000266075
0.000455141
0.000229359
0.000204802
0.000231743
0.000204802
0.000230074
0.000260592
0.000201941
0.000203371
0.000204086
0.000199080
0.000216961
0.000204802
0.000201941
0.000200272
0.000205278
0.000208139
0.000195503
0.000206232
0.000213861
0.000257969
0.000238657
0.000585318
0.000459433
0.000200510
0.000202894
0.000296116
0.000286102
0.000381470
0.000465155
0.000206232
0.000202894
0.000212908
0.000202417
0.000202894
0.000198364
0.000204086
0.000207186
0.000196934
0.000232935
0.000193834
0.000218868
0.000196695
0.000218391
0.000200510
0.000192642
0.000196934
0.000216007
0.000200033
0.000226259
0.000197649
0.000222445
0.000197887
0.000229120
0.000285149
0.000395775
0.000369549
0.000233889
0.000196218
0.000211239
0.000285387
0.000317574
0.000413418
0.000212908
0.000200033
0.000201702
0.000201464
0.000200748
0.000199080
0.000201464
0.000209808
0.000202656
0.000209808
0.000200272
0.000213385
0.000198841
0.000197649
0.000199795
0.000194788
0.000194788
0.000201464
0.000197887
0.000199795
0.000196695
0.000208616
0.000204563
0.000251770
0.000412226
0.000217438
0.000246286
0.000281572
0.000226498
0.000480413
0.000201225
0.000203848
0.000199318
0.000201464
0.000200748
0.000206947
0.000209093
0.000201941
0.000198841
0.000200272
0.000206470
0.000199080
0.000198603
0.000198603
0.000199318
0.000195265
0.000193357
0.000218630
0.000213146
0.000202417
0.000197649
0.000198364
0.000223160
0.000256777
0.000215292
0.000389814
0.000364780
0.000221252
0.000247955
0.000296116
0.000291348
0.000253677
0.000599623
0.000202179
0.000223875
0.000199556
0.000229836
0.000199556
0.000198364
0.000198841
0.000197172
0.000198364
0.000204086
0.000198364
0.000196934
0.000199556
0.000200272
0.000263453
0.000187874
0.000195265
0.000199556
0.000196934
0.000195265
0.000200272
0.000211239
0.000211716
0.000241995
0.000514507
0.000405550
0.000336170
0.000210762
0.000322580
0.000241280
0.000251532
0.000267744
0.000422955
0.000199795
0.000229120
0.000198126
0.000226259
0.000200033
0.000242710
0.000233412
0.000210524
0.000209332
0.000211477
0.000209570
0.000225782
0.000206947
0.000211239
0.000243425
0.000152588
0.000208378
0.000211000
0.000212908
0.000211716
0.000204802
0.000201702
0.000214815
0.000248194
0.000247240
0.000237703
0.000224590
0.000207663
0.000203371
0.000202656
0.000203371
0.000202417
0.000202179
0.000230789
0.000233650
0.000214815
0.000211716
0.000204086
0.000202894
0.000205278
0.000205040
0.000204802
0.000216722
0.000220060
0.000212908
0.000149488
0.000204563
0.000206947
0.000253916
0.000269413
0.000220060
0.000232220
0.000209093
0.000200033
0.000203609
0.000198126
0.000202894
0.000205755
0.000199318
0.000240326
0.000199795
0.000272751
0.000200987
0.000241756
0.000243664
0.000228882
0.000204086
0.000197649
0.000203371
0.000207424
0.000206470
0.000204086
0.000235558
0.000234604
0.000236988
0.000167608
0.000218391
0.000204325
0.000204325
0.000244856
0.000193119
