0.000185251
0.000183105
0.000181675
0.000181913
0.000183105
0.000182152
0.000181198
0.000185251
0.000182629
0.000181198
0.000181913
0.000181437
0.000226736
0.000182867
0.000186443
0.000194073
0.000200272
0.000596046
0.000454426
0.000190258
0.000187397
0.000360489
0.000183821
0.000207186
0.000182867
0.000213146
0.000181198
0.000208139
0.000180244
0.000180006
0.000183821
0.000182390
0.000191212
0.000181675
0.000183821
0.000190735
0.000181913
0.000180244
0.000180721
0.000182152
0.000182867
0.000183105
0.000190020
0.000226259
0.000181198
0.000180721
0.000331163
0.000450134
0.000250578
0.000185490
0.000184774
0.000278234
0.000260830
0.000207186
0.000188589
0.000205278
0.000184536
0.000212908
0.000190258
0.000211954
0.000184298
0.000207424
0.000184774
0.000211239
0.000185490
0.000210762
0.000188112
0.000209332
0.000189066
0.000211239
0.000188112
0.000181198
0.000182629
0.000185728
0.000183344
0.000182390
0.000214577
0.000486612
0.000328541
0.000266314
0.000189066
0.000182629
0.000190496
0.000187874
0.000228405
0.000236750
0.000186682
0.000182152
0.000189781
0.000183105
0.000185251
0.000209570
0.000186205
0.000208378
0.000216722
0.000209570
0.000188828
0.000209570
0.000185728
0.000201464
0.000184774
0.000182152
0.000182867
0.000205278
0.000373602
0.000533819
0.000474215
0.000284672
0.000277042
0.000446558
0.000184298
0.000219822
0.000186443
0.000211954
0.000185013
0.000214338
0.000178099
0.000202894
0.000183105
0.000208855
0.000183582
0.000217676
0.000181198
0.000211000
0.000191212
0.000213146
0.000182629
0.000198126
0.000185966
0.000178814
0.000180483
0.000198603
0.000195980
0.000474215
0.000442028
0.000228405
0.000655651
0.000182629
0.000179291
0.000206709
0.000180244
0.000205755
0.000182867
0.000209570
0.000180721
0.000208855
0.000198603
0.000182390
0.000179291
0.000214100
0.000183105
0.000209093
0.000182867
0.000209093
0.000181913
0.000202179
0.000182152
0.000198841
0.000187874
0.000181198
0.000190020
0.000211239
0.000240803
0.000208139
0.000384808
0.000524282
0.000372410
0.000287771
0.000330925
0.000240803
0.000182390
0.000207663
0.000181437
0.000215292
0.000182390
0.000197887
0.000186920
0.000205040
0.000181675
0.000208378
0.000183344
0.000185013
0.000187159
0.000185966
0.000181675
0.000194073
0.000183582
0.000182867
0.000184298
0.000181198
0.000180960
0.000144243
0.000181675
0.000187159
0.000212431
0.000602961
0.000464439
0.000397921
0.000179529
0.000424862
0.000181913
0.000182152
0.000186920
0.000180721
0.000164032
0.000180006
0.000205994
0.000182867
0.000207901
0.000180960
0.000212669
0.000180006
0.000202894
0.000182390
0.000204086
0.000179529
0.000179052
0.000206470
0.000202656
0.000180960
0.000179529
0.000180006
0.000179529
0.000180244
0.000183821
0.000179529
0.000181198
0.000195980
0.000201464
0.000180244
0.000179291
0.000177860
0.000180721
0.000228167
0.000173092
0.000182152
0.000180006
0.000178099
0.000180483
0.000180721
0.000169277
0.000180006
0.000180244
0.000185728
0.000184536
0.000184298
0.000182629
0.000181198
0.000220537
0.000185013
0.000209570
0.000202179
0.000588179
0.000516653
0.000571251
0.000470400
0.000244617
0.000239849
0.000534296
0.000332594
0.000494957
0.000272512
0.000216246
0.000214577
0.000189066
0.000223398
0.000228643
0.000268221
0.000323057
0.000269890
0.000248432
0.000241756
0.000290394
0.000312090
0.000245094
0.000279903
0.000300646
0.000241756
0.000316381
0.000216961
0.000242710
0.000222206
0.000211477
0.000248194
0.000556469
0.000225067
0.000215292
0.000340223
0.000462055
0.000205517
0.000212431
0.000241518
0.000254393
0.000301838
0.000224590
0.000438929
0.000394583
0.000375509
0.000274658
0.000275850
