0.012975931
0.012626410
0.012680292
0.012565851
0.012655020
0.002967119
0.036309004
0.023732662
0.001946926
0.001651049
0.014627695
0.024377346
0.001662016
0.014169693
0.001663923
0.001946211
0.001961231
0.012262344
0.012567043
0.012253523
0.012479544
0.003308773
0.012543201
0.015093327
0.014326096
0.001704216
0.013424397
0.012846947
0.023287535
0.014431477
0.014851809
0.014050961
0.012546301
0.012320995
0.012603521
0.012539387
0.002347946
0.024190426
0.023174047
0.012396097
0.014403582
0.001778841
0.013710260
0.001992226
0.001967430
0.012389898
0.012295485
0.012552023
0.013613224
0.012261629
0.012993336
0.012300730
0.012970209
0.013049841
0.003832579
0.003358841
0.001712799
0.013370991
0.023779154
0.001948595
0.012336016
0.012517691
0.012526274
0.012292624
0.012290001
0.012571096
0.012353659
0.012759447
0.012937307
0.002819538
0.013544321
0.013996124
0.044322968
0.034078836
0.024199724
0.001953125
0.001946926
0.001688480
0.012580872
0.012610197
0.012318373
0.012333632
0.012607098
0.012464285
0.003142595
0.025115252
0.014755011
0.022899628
0.015251637
0.001698971
0.013113737
0.001718044
0.013383865
0.001915932
0.014957905
0.014026880
0.012327909
0.012668371
0.012454748
0.012807608
0.003208160
0.027093410
0.001756907
0.012285471
0.015323639
0.016288996
0.002123594
0.002145767
0.001351357
0.002019405
0.001415730
0.001686335
0.001886368
0.001720428
0.001793385
0.001915455
0.001662493
0.001654863
0.001697063
0.001628399
0.012940645
0.055157661
0.013012886
0.055405140
0.013034344
0.065558910
0.012928963
0.055211067
0.013004065
0.054301500
0.014073372
0.023303270
0.012887955
0.014125347
0.023777008
0.012659311
0.001617193
0.013432264
0.034034491
0.013543129
0.022933245
0.012629986
0.001650810
0.014359713
0.014115095
0.022982836
0.013547659
0.001711607
0.014143944
0.023185968
0.001644373
0.001623154
0.013525486
0.033602715
0.012935400
0.001632452
0.014088392
0.001626730
0.013905525
0.001584053
0.015249252
0.013907194
0.012198448
0.012395859
0.012306929
0.013256550
0.001645088
0.013203144
0.001611710
0.001575947
0.012239456
0.012204409
0.012971163
0.001622200
0.012139320
0.012216330
0.012596369
0.001611471
0.012495041
0.012703180
0.001721859
0.012176275
0.012701511
0.012226582
0.012238026
0.012172461
0.012234449
0.014574766
0.014756203
0.014495134
0.012215376
0.012259007
0.012317896
0.012230396
0.012191772
0.012219429
0.012161255
0.012278795
0.012273788
0.012213469
0.012289762
0.012288809
0.012308359
0.012299061
0.012200832
0.012357950
0.014663935
0.012244940
0.001635790
0.012444258
0.012237787
0.025317192
0.001593351
0.012274742
0.012289524
0.012215376
0.012302876
0.013590574
0.001688242
0.012774229
0.014179945
0.012424231
0.013469934
0.024598598
0.012887716
0.012983561
0.012986422
0.001758814
0.012170315
0.013029575
0.012355566
0.013411045
0.001752377
0.012346745
0.012347698
0.002571583
0.055770636
0.012710094
0.012429714
0.004367590
0.013634205
0.002483845
0.003086090
0.002444744
0.003097296
0.002454758
0.003095865
0.002534151
0.003023386
0.003135204
0.003417730
0.003269672
0.002359152
0.002525568
0.003382921
0.003324747
0.003346443
0.003361702
0.002547503
0.003061056
0.003149748
0.003105164
0.003197670
0.002991438
0.003037453
0.003037453
0.002933025
0.003097534
0.003948689
0.002980232
0.002220869
0.023411512
0.002637148
0.001798868
0.013889551
0.003149271
0.013516426
0.002086401
0.002072096
0.002134085
0.001835108
0.002150297
0.001622438
0.001699924
0.001633883
0.001749039
0.001907349
0.001821995
0.011458874
0.001656532
0.013022661
0.034368515
0.015300751
0.015736341
0.002248526
0.002536058
0.001616716
0.012480497
0.014963627
0.001858234
