0.000355959
0.000192165
0.000220776
0.000267267
0.000189066
0.000180244
0.000183105
0.000182152
0.000179529
0.000179768
0.000183821
0.000180244
0.000194311
0.000207424
0.000190973
0.000216246
0.000183344
0.000219345
0.000210762
0.000180721
0.000181437
0.000181913
0.000186205
0.000211477
0.000206470
0.000186920
0.000185490
0.000179291
0.000183582
0.000183344
0.000186205
0.000180960
0.000206709
0.000206947
0.000182629
0.000180960
0.000183582
0.000182629
0.000182867
0.000181437
0.000179529
0.000182152
0.000210524
0.000182629
0.000183105
0.000182629
0.000182629
0.000183582
0.000185251
0.000188589
0.000184536
0.000206947
0.000205040
0.000183582
0.000169277
0.000184298
0.000182152
0.000180721
0.000180721
0.000182390
0.000207186
0.000215292
0.000185490
0.000185728
0.000184298
0.000181198
0.000189543
0.000182867
0.000181913
0.000183344
0.000208139
0.000208139
0.000182152
0.000189543
0.000192881
0.000179768
0.000181675
0.000184059
0.000183105
0.000212193
0.000210762
0.000192404
0.000187159
0.000182152
0.000139236
0.000182152
0.000184774
0.000180721
0.000211477
0.000205755
0.000183105
0.000184059
0.000185251
0.000189304
0.000182867
0.000186205
0.000189304
0.000212669
0.000203848
0.000182390
0.000186682
0.000179291
0.000182629
0.000180721
0.000178576
0.000180006
0.000182390
0.000200272
0.000194788
0.000181198
0.000183105
0.000181198
0.000179768
0.000215530
0.000169754
0.000187397
0.000181198
0.000179529
0.000180483
0.000179768
0.000180483
0.000180244
0.000179052
0.000228882
0.000184298
0.000216961
0.000223160
0.000244379
0.000246525
0.000240564
0.000265121
0.000238180
0.000209332
0.000340700
0.000308752
0.000254869
0.000252247
0.000245810
0.000267267
0.000291109
0.000226021
0.000225067
0.000285149
0.000231028
0.000277281
0.000300169
0.000227213
0.000271797
0.000280857
0.000288248
0.000248432
0.000303030
0.000214577
0.000302792
0.000330210
0.000242233
0.000306368
0.000266314
0.000291586
0.000217915
0.000267982
0.000978708
0.000381708
0.000357866
0.000288010
0.000586271
0.000445366
0.000565052
0.000469446
0.000211477
0.000645161
0.000333786
0.000509501
0.000495434
0.000487804
0.000215530
0.000242472
0.000466108
0.000454426
0.000346661
0.000215292
0.000218630
0.000215292
0.000206709
0.000211954
0.000390530
0.000181437
0.000217676
0.000266314
0.000355482
0.000350237
0.000393391
0.000369072
0.000498056
0.000316620
0.000219584
0.000226736
0.000586271
0.000220060
0.000182629
0.000183344
0.000186205
0.000180721
0.000209093
0.000225067
0.000189066
0.000180244
0.000182390
0.000187397
0.000180006
0.000188828
0.000180960
0.000209570
0.000203609
0.000195980
0.000184298
0.000179291
0.000179291
0.000181437
0.000181913
0.000181198
0.000183105
0.000211954
0.000207663
0.000179291
0.000184774
0.000187397
0.000183821
0.000180721
0.000186682
0.000181198
0.000206709
0.000207424
0.000184059
0.000137329
0.000185013
0.000185251
0.000181437
0.000183105
0.000184774
0.000209093
0.000202179
0.000207186
0.000182867
0.000184059
0.000186682
0.000180960
0.000180006
0.000180483
0.000182390
0.000207901
0.000207901
0.000180721
0.000180006
0.000181675
0.000180960
0.000189066
0.000182629
0.000185728
0.000209332
0.000210524
0.000180721
0.000183344
0.000180006
0.000136375
0.000182390
0.000181913
0.000180244
0.000208855
0.000207424
0.000181198
0.000173092
0.000180483
0.000183344
0.000181198
0.000181913
0.000182629
0.000183344
0.000205278
0.000214577
0.000191689
0.000185013
0.000181675
0.000181913
0.000180006
0.000182390
0.000181675
0.000196457
0.000196695
0.000185490
0.000182867
0.000182867
0.000184536
0.000225306
0.000188351
0.000188112
0.000178337
0.000177383
0.000178576
0.000179052
