0.000257254
0.000208855
0.000227451
0.000204802
0.000249147
0.000190020
0.000256300
0.000195503
0.000189781
0.000188589
0.000197172
0.000217438
0.000212431
0.000205278
0.000205278
0.000212669
0.000260592
0.000208616
0.000264406
0.000220060
0.000267029
0.000554800
0.000217915
0.000541687
0.000403404
0.000210285
0.000206470
0.000265360
0.000216722
0.000209093
0.000209332
0.000230551
0.000203371
0.000222683
0.000205040
0.000290632
0.000211477
0.000209570
0.000241995
0.000211477
0.000237942
0.000204563
0.000224829
0.000255585
0.000205994
0.000204563
0.000323534
0.000707865
0.000613928
0.000534534
0.000326633
0.000207663
0.000233889
0.000203133
0.000289440
0.000204086
0.000211716
0.000207424
0.000210047
0.000216007
0.000200033
0.000204325
0.000203133
0.000236511
0.000206947
0.000286579
0.000203848
0.000203133
0.000228167
0.000209332
0.000205040
0.000206709
0.000210047
0.000217199
0.000357628
0.000818968
0.000395775
0.000578403
0.000308037
0.000204563
0.000225782
0.000210762
0.000204563
0.000203609
0.000265360
0.000206947
0.000205517
0.000202894
0.000205755
0.000238895
0.000208139
0.000231743
0.000212193
0.000234127
0.000268221
0.000203133
0.000205755
0.000210285
0.000207186
0.000202656
0.000282049
0.000307798
0.000499487
0.000715971
0.000438929
0.000198841
0.000225544
0.000199318
0.000230074
0.000202417
0.000201464
0.000209093
0.000204325
0.000205278
0.000206470
0.000213146
0.000206470
0.000207901
0.000203609
0.000235319
0.000204563
0.000224590
0.000206947
0.000227928
0.000192881
0.000224590
0.000258207
0.000200272
0.000230312
0.000250816
0.000341892
0.000454903
0.000419378
0.000379324
0.000255108
0.000204563
0.000203848
0.000231028
0.000206232
0.000204802
0.000211477
0.000203371
0.000200510
0.000229597
0.000205040
0.000228882
0.000203371
0.000230312
0.000211716
0.000207901
0.000205278
0.000205040
0.000205040
0.000205278
0.000235558
0.000194550
0.000207663
0.000213623
0.000643969
0.000500917
0.000396967
0.000273228
0.000203133
0.000211954
0.000205278
0.000208855
0.000207186
0.000200748
0.000234127
0.000211000
0.000228882
0.000201225
0.000229597
0.000203848
0.000228882
0.000201464
0.000204325
0.000219822
0.000205040
0.000203133
0.000208855
0.000212431
0.000200033
0.000227928
0.000368834
0.000516415
0.000215054
0.000226021
0.000313520
0.000269890
0.000237226
0.000208378
0.000231504
0.000202417
0.000224590
0.000202179
0.000202894
0.000204325
0.000203133
0.000233650
0.000243902
0.000210285
0.000206232
0.000204563
0.000207663
0.000200748
0.000206470
0.000199556
0.000236034
0.000223160
0.000204086
0.000204802
0.000201464
0.000200987
0.000205994
0.000200510
0.000208855
0.000231981
0.000228882
0.000205755
0.000203848
0.000206232
0.000205278
0.000211000
0.000210524
0.000203133
0.000229120
0.000225067
0.000226974
0.000210524
0.000199080
0.000171900
0.000200510
0.000201464
0.000200748
0.000198603
0.000228405
0.000225544
0.000201941
0.000200272
0.000202417
0.000202179
0.000201225
0.000200272
0.000204802
0.000216007
0.000217915
0.000201225
0.000210762
0.000200272
0.000200510
0.000232458
0.000234365
0.000199080
0.000199795
0.000199795
0.000200987
0.000198603
0.000199318
0.000198126
0.000199556
0.000176907
0.000217915
0.000227451
0.000219822
0.000201225
0.000237703
0.000226498
0.000261784
0.000244141
0.000235081
0.000244856
0.000240564
0.000237465
0.000246048
0.000278711
0.000279903
0.000227213
0.000254631
0.000278473
0.000266314
0.000240803
0.000245810
0.000265360
0.000279188
0.000305176
0.000360727
0.000399113
0.000319958
0.000285387
0.000314236
0.000307083
0.000358105
0.000360489
0.000308752
0.000289679
0.000347376
0.000257492
0.000438452
0.000760078
