0.000365019
0.000481844
0.000211716
0.000186682
0.000211954
0.000176191
0.000219822
0.000192165
0.000275612
0.000186443
0.000193357
0.000189304
0.000193357
0.000185728
0.000185251
0.000187874
0.000193596
0.000187635
0.000187397
0.000187159
0.000195265
0.000246763
0.000191689
0.000184059
0.000231743
0.000221491
0.000618935
0.000550032
0.000211716
0.000188828
0.000214100
0.000185490
0.000209332
0.000196218
0.000206470
0.000187159
0.000219822
0.000184774
0.000212431
0.000192165
0.000193834
0.000183821
0.000185013
0.000185013
0.000207424
0.000199080
0.000193834
0.000201702
0.000200510
0.000206947
0.000190258
0.000231266
0.000186682
0.000208139
0.000247478
0.000189543
0.000232935
0.000210047
0.000219345
0.000358343
0.000415325
0.000364065
0.000211954
0.000252247
0.000257254
0.000235081
0.000547647
0.000193834
0.000195742
0.000204563
0.000199556
0.000192404
0.000193357
0.000249863
0.000193834
0.000200033
0.000193596
0.000225544
0.000199795
0.000209093
0.000192881
0.000191689
0.000188112
0.000191212
0.000240326
0.000286818
0.000391960
0.000378847
0.000217438
0.000235319
0.000209093
0.000251055
0.000762939
0.000479937
0.000145912
0.000222683
0.000202656
0.000224352
0.000199556
0.000209570
0.000193357
0.000214577
0.000198364
0.000218391
0.000190496
0.000196934
0.000189781
0.000191927
0.000248194
0.000185966
0.000214100
0.000211954
0.000206947
0.000206470
0.000185251
0.000194073
0.000309706
0.000288963
0.000314951
0.000282049
0.000226259
0.000241280
0.000218391
0.000224829
0.000227690
0.000225306
0.000269175
0.000207663
0.000264883
0.000303984
0.000191927
0.000212669
0.000197887
0.000217676
0.000196457
0.000225067
0.000211954
0.000220060
0.000190973
0.000197649
0.000257969
0.000183821
0.000213623
0.000190258
0.000182152
0.000185728
0.000356913
0.000280857
0.000349045
0.000248909
0.000189543
0.000210762
0.000230789
0.000261545
0.000307322
0.000247478
0.000512838
0.000192881
0.000219345
0.000188351
0.000219345
0.000191212
0.000214338
0.000195503
0.000217676
0.000189066
0.000189781
0.000189304
0.000184536
0.000243425
0.000182629
0.000200987
0.000241756
0.000190020
0.000217438
0.000196695
0.000194311
0.000390768
0.000221968
0.000188112
0.000236034
0.000226974
0.000253916
0.000527143
0.000504017
0.000204325
0.000190020
0.000188828
0.000190020
0.000196695
0.000190973
0.000187635
0.000190973
0.000189543
0.000189066
0.000188589
0.000191212
0.000186682
0.000239134
0.000188589
0.000189066
0.000218630
0.000199318
0.000214577
0.000189066
0.000216961
0.000187159
0.000408888
0.000443935
0.000340700
0.000185013
0.000186682
0.000190735
0.000294447
0.000225067
0.000291824
0.000236273
0.000196457
0.000196934
0.000186920
0.000187874
0.000190258
0.000189543
0.000214338
0.000213623
0.000186443
0.000189304
0.000191927
0.000186443
0.000189781
0.000189304
0.000192404
0.000212431
0.000213861
0.000190735
0.000188351
0.000188828
0.000195026
0.000196457
0.000191212
0.000179768
0.000440598
0.000214100
0.000196457
0.000143051
0.000190735
0.000189304
0.000189304
0.000190735
0.000191927
0.000190973
0.000220537
0.000211954
0.000190496
0.000190020
0.000189304
0.000183821
0.000185966
0.000195503
0.000190735
0.000216007
0.000217915
0.000190020
0.000191450
0.000195026
0.000189543
0.000188828
0.000188828
0.000189781
0.000193119
0.000228167
0.000212908
0.000195742
0.000189066
0.000138283
0.000187397
0.000195026
0.000190496
0.000189781
0.000205755
0.000207424
0.000186920
0.000187159
0.000189543
0.000188351
0.000244617
0.000255108
0.000204802
0.000197411
0.000188351
0.000181437
0.000180721
0.000182867
0.000182867
0.000198841
0.000217438
0.000213146
0.000209570
0.000199080
0.000228882
