0.028332472
0.020038128
0.004240990
0.015940428
0.003314972
0.029157877
0.014509916
0.014352560
0.017241240
0.015595675
0.015045166
0.015218258
0.016109467
0.003871202
0.014645815
0.015155077
0.025333166
0.015306711
0.015282869
0.015606642
0.015949249
0.026717663
0.014557123
0.014894485
0.027325869
0.003465414
0.026655436
0.005240440
0.017947435
0.003354073
0.028074265
0.015283346
0.014875650
0.014923573
0.014768362
0.016299963
0.025252819
0.003403187
0.016291857
0.015544653
0.003978729
0.014408827
0.026916027
0.015927553
0.016864538
0.015012264
0.026695013
0.025293827
0.015558004
0.014876366
0.015492439
0.016066551
0.031434298
0.004668713
0.015144587
0.017473459
0.019057512
0.004241705
0.017353296
0.004287243
0.019345284
0.003521442
0.015800238
0.026991606
0.016944170
0.016424417
0.019023657
0.003515005
0.019075632
0.004481316
0.018416166
0.005414963
0.028336525
0.003301859
0.003871202
0.019414902
0.003654003
0.019606829
0.004023552
0.019502878
0.003992319
0.003477335
0.018667936
0.004022121
0.015711784
0.018309832
0.015940666
0.003517389
0.016325235
0.025720596
0.017315865
0.017678976
0.017437220
0.003379107
0.015846014
0.003523111
0.024184227
0.003429174
0.017549515
0.017050266
0.003917456
0.016756535
0.017181158
0.003210306
0.003165722
0.025874853
0.003130674
0.016474485
0.003158569
0.015213728
0.015191793
0.003198624
0.015250683
0.015152216
0.003169060
0.014991045
0.015219927
0.015561581
0.003205299
0.015505075
0.016234875
0.003195524
0.029011011
0.037588835
0.015996218
0.014724016
0.015670300
0.024245739
0.014314890
0.015621662
0.015177250
0.014985323
0.015772104
0.014147282
0.014831066
0.014606953
0.015877962
0.027873039
0.014157295
0.014230251
0.015577555
0.027554035
0.003144741
0.026165009
0.048199415
0.015164137
0.026894093
0.026169538
0.036186695
0.014327049
0.014937401
0.014125347
0.027277470
0.036704302
0.003139496
0.026769161
0.003181696
0.014238358
0.014254570
0.027888060
0.003156424
0.026587963
0.003261805
0.014171362
0.027396917
0.003216505
0.026069164
0.003188372
0.014185667
0.025953770
0.003223896
0.027402163
0.014150381
0.015961885
0.016384363
0.014425993
0.028846741
0.015930176
0.015072107
0.015720367
0.025866270
0.003232241
0.026545525
0.003418684
0.026432753
0.014276028
0.014223337
0.014376640
0.014278173
0.014171362
0.014364958
0.014220476
0.025450468
0.014296055
0.014365911
0.014257908
0.014700651
0.016780138
0.016746044
0.017542601
0.006543875
0.014614105
0.014550447
0.014348030
0.014603376
0.014392853
0.014524221
0.014591694
0.014590025
0.014363527
0.007038355
0.014599085
0.014525890
0.016299009
0.026919127
0.014762640
0.017623663
0.003278494
0.015623569
0.040175200
0.015860796
0.016058207
0.016340256
0.016800642
0.038302422
0.005875826
0.005352259
0.015431881
0.026129246
0.026523590
0.016059399
0.037391186
0.015918016
0.038245678
0.019371271
0.005398989
0.016126156
0.037968874
0.005300045
0.019172907
0.003403425
0.024222612
0.005072832
0.015443563
0.038072109
0.017009497
0.004960060
0.048846960
0.003503084
0.003997803
0.004475117
0.003580809
0.003658295
0.003944874
0.003391981
0.003472090
0.003266335
0.003497362
0.003235102
0.016423225
0.048275471
0.036429882
0.016372919
0.036823988
0.017117739
0.003217459
0.019339561
0.003234386
0.025200605
0.016913176
0.026730776
0.016960859
0.025592566
0.015801191
0.015875578
0.003500938
0.017505407
0.003706932
0.015422821
0.037003994
0.017030239
0.016017199
0.025408506
0.015923262
0.003182650
0.026677132
0.003288984
0.016241074
0.016048670
0.003267527
0.016058445
0.003169060
0.026300907
0.016004801
0.003204823
0.016234398
0.003192425
0.015900373
0.003191233
0.014986038
