0.081425190
0.000119925
0.000118494
0.000076056
0.000106812
0.000151634
0.000084162
0.000069380
0.000151396
0.000089169
0.000092268
0.000069141
0.000078201
0.000075817
0.000154972
0.000090122
0.000082493
0.000068665
0.000076771
0.000076532
0.000141382
0.000080109
0.000082970
0.000076771
0.000104666
0.000078201
0.000133514
0.000071764
0.000078201
0.000077486
0.000080824
0.000071287
0.000156641
0.000092745
0.000085831
0.000077963
0.000077009
0.000075817
0.000166893
0.000080347
0.000081778
0.000070333
0.000080585
0.000083208
0.000154734
0.000119686
0.000084400
0.000069618
0.000073671
0.000069380
0.000142336
0.000087738
0.000082493
0.000078201
0.000142813
0.000149012
0.000148773
0.000092030
0.000088930
0.000079155
0.000084877
0.000076532
0.000141621
0.000083447
0.000108480
0.000089169
0.000076771
0.000069618
0.000136375
0.000091553
0.000082016
0.000077486
0.000081301
0.000075817
0.000147104
0.000087023
0.000075340
0.000068188
0.000076294
0.000079632
0.000139952
0.000081301
0.000093699
0.000078201
0.000088453
0.000082970
0.000140190
0.000075340
0.000075579
0.000077009
0.000080585
0.000068903
0.000142097
0.000091553
0.000101805
0.000111818
0.000079155
0.000068188
0.000133276
0.000099182
0.000096083
0.000076294
0.000086546
0.000079632
0.000147343
0.000176191
0.000104904
0.000091791
0.000108004
0.000086546
0.000089645
0.000081778
0.000085592
0.000081539
0.000093699
0.000087976
0.000082254
0.000073671
0.000079632
0.000074148
0.000085831
0.000093460
0.000088692
0.000081301
0.000116825
0.000087500
0.000081539
0.000084877
0.000084400
0.000081539
0.000084639
0.000077963
0.000096083
0.000080585
0.000108480
0.000091314
0.000085354
0.000077009
0.000084400
0.000076294
0.000091314
0.000084400
0.000089407
0.000086069
0.000101328
0.000116825
0.000097275
0.000077009
0.000091791
0.000089169
0.000086546
0.000076294
0.000085115
0.000081778
0.000116348
0.000163317
0.000163555
0.000083208
0.000083923
0.000077963
0.000088930
0.000168324
0.000105381
0.000088692
0.000169039
0.000107288
0.000087500
0.000077724
0.000083685
0.000093699
0.000089884
0.000082970
0.000086308
0.000081539
0.000096083
0.000089407
0.000088930
0.000085831
0.000090599
0.000085115
0.000084400
0.000078201
0.000085115
0.000091791
0.000119209
0.000087976
0.000084400
0.000076771
0.000082254
0.000087738
0.000086069
0.000087976
0.000089169
0.000081062
0.000124693
0.000133991
0.000090599
0.000086546
0.000089169
0.000078440
0.000088215
0.000081778
0.000180721
0.000214100
0.000177860
0.000177622
0.000180960
0.000186443
0.000204563
0.000181913
0.000187635
0.000206709
0.000178576
0.000179768
0.000185728
0.000259876
0.000182390
0.000212908
0.000213385
0.000183344
0.000182152
0.000181675
0.000181675
0.000186205
0.000179529
0.000201225
0.000179768
0.000390291
0.000208616
0.000181198
0.000457764
0.000404835
0.000202894
0.000183344
0.000196457
0.000212431
0.000494957
0.000210524
0.000185013
0.000205517
0.000209570
0.000202656
0.000283003
0.000178814
0.000172377
0.000205040
0.000207663
0.000179291
0.000178099
0.000187159
0.000179052
0.000186920
0.000179768
0.000181437
0.000178576
0.000193119
0.000177860
0.000179529
0.000179768
0.000192881
0.000180721
0.000460625
0.000207663
0.000262022
0.000180006
0.000179529
0.000179052
0.000180483
0.000181913
0.000185966
0.000257015
0.000180960
0.000220776
0.000227213
0.000376463
0.000211477
0.000284672
0.000272751
0.000211716
0.000207901
0.000209808
0.000206947
0.000208139
0.000207186
0.000239611
0.000228167
0.000234842
0.000206470
0.000265837
0.000259876
0.000277281
0.000258207
0.000207901
0.000362873
0.000253916
0.000382662
0.000253439
0.000216246
0.000272989
0.000263691
