0.000408173
0.000392675
0.000286341
0.000294924
0.000300884
0.000292540
0.000372887
0.000289917
0.000346899
0.000474453
0.000579119
0.000868797
0.000615358
0.000291109
0.000291586
0.000365496
0.000301838
0.000318766
0.000319719
0.000403881
0.000297070
0.000293970
0.000376225
0.000293493
0.000298500
0.000303268
0.000298977
0.000346899
0.000782251
0.000514984
0.000793934
0.000299454
0.000316620
0.000314713
0.000297785
0.000292778
0.000366211
0.000298262
0.000324488
0.000324726
0.000333548
0.000391006
0.000295401
0.000294924
0.000371695
0.000292540
0.000401497
0.000366449
0.000738859
0.000826597
0.000655890
0.000510216
0.000295401
0.000324011
0.000394583
0.000318289
0.000297308
0.000293255
0.000304699
0.000371695
0.000293493
0.000396729
0.000308275
0.000294924
0.000338554
0.000365734
0.000342846
0.000793695
0.001073837
0.000517368
0.000339746
0.000324726
0.000396252
0.000304937
0.000294209
0.000366688
0.000293493
0.000320435
0.000321865
0.000403643
0.000296116
0.000369787
0.000295162
0.000293016
0.000319481
0.000501871
0.000950336
0.000293493
0.000293732
0.000290155
0.000380039
0.000316620
0.000302315
0.000289202
0.000372171
0.000302792
0.000296593
0.000314474
0.000332355
0.000381231
0.000313282
0.000299215
0.000352859
0.000525475
0.000680923
0.000288963
0.000391006
0.000309706
0.000312328
0.000292540
0.000289440
0.000283957
0.000331879
0.000326872
0.000316143
0.000287533
0.000287294
0.000286579
0.000287771
0.000288486
0.000288486
0.000342846
0.000300169
0.000461817
0.000377417
0.000287771
0.000560522
0.000895500
0.000304461
0.000444412
0.000368357
0.000257730
0.000357389
0.000317335
0.000316381
0.000303745
0.000345230
0.000288725
0.000288248
0.000289440
0.000285625
0.000311613
0.000308752
0.000309467
0.000273228
0.000317097
0.000286341
0.000290871
0.000288486
0.000290871
0.000319004
0.000303984
0.000307322
0.000291109
0.000293016
0.000287533
0.000281811
0.000288010
0.000288010
0.000287294
0.000317812
0.000268221
0.000312328
0.000286579
0.000283241
0.000288725
0.000287294
0.000287294
0.000287056
0.000304461
0.000304461
0.000315189
0.000283718
0.000287771
0.000241756
0.000286818
0.000284433
0.000285864
0.000329971
0.000306845
0.000323772
0.000285625
0.000285625
0.000285625
0.000287294
0.000286818
0.000297785
0.000298262
0.000312805
0.000317097
0.000314474
0.000249386
0.000286102
0.000294209
0.000297785
0.000285149
0.000356436
0.000357628
0.000358582
0.000349998
0.000328064
0.000329256
0.000328779
0.000331879
0.000284195
0.000325918
0.000359058
0.000353813
0.000361919
0.000334501
0.000361919
0.000354290
0.000329733
0.000329494
0.000327587
0.000344276
0.000341654
0.000341654
0.000345945
0.000329971
0.000328302
0.000293016
0.000370026
0.000359774
0.000357866
0.000330210
0.000328302
0.000331640
0.000327349
0.000328302
0.000327826
0.000330687
0.000324011
0.000330448
0.000279188
0.000545025
0.000349998
0.000661850
0.000559807
0.000713110
0.000695467
0.000573874
0.000593185
0.000765800
0.000592470
0.000568628
0.000593185
0.000548363
0.000498772
0.000667095
0.000526667
0.000421762
0.000490665
0.000602007
0.000508785
0.000703573
0.000769377
0.000651121
0.000735283
0.000625134
0.000809669
0.000652790
0.000527382
0.000455141
0.000578165
0.000923634
0.000630140
0.000614882
0.000556707
0.001058340
0.000783920
0.001221418
0.001337051
0.001132488
0.001218796
0.000761032
0.001011133
0.000438452
0.001034260
0.000405312
0.000965357
0.000356436
0.000332832
0.000371933
0.000341177
0.000350952
0.000313520
0.000760317
0.000526905
0.000728130
0.000608683
0.000463247
0.000335932
0.000374317
0.000306606
0.000523329
0.000328302
0.000575781
0.000450850
0.000880957
