0.000391006
0.000220537
0.000209332
0.000194550
0.000198126
0.000187397
0.000185728
0.000208139
0.000185490
0.000189304
0.000185490
0.000183344
0.000188351
0.000216961
0.000190496
0.000211239
0.000228405
0.000209570
0.000242233
0.000195742
0.000279427
0.000240803
0.000609398
0.000197172
0.000441551
0.000436544
0.000366449
0.000204325
0.000184298
0.000209570
0.000179291
0.000207186
0.000202179
0.000206470
0.000182152
0.000238657
0.000190020
0.000182629
0.000182629
0.000188112
0.000196218
0.000181198
0.000231981
0.000189066
0.000182152
0.000224829
0.000212431
0.000211000
0.000434637
0.000394106
0.000508547
0.000276566
0.000260115
0.000185490
0.000432253
0.000242472
0.000188589
0.000186443
0.000188351
0.000182867
0.000181913
0.000259161
0.000203848
0.000182629
0.000187635
0.000182867
0.000188112
0.000182867
0.000193357
0.000180244
0.000218868
0.000186205
0.000181913
0.000185490
0.000213861
0.000339985
0.000278950
0.000421524
0.000628710
0.000441074
0.000467539
0.000182152
0.000399828
0.000193596
0.000216961
0.000184774
0.000205755
0.000266552
0.000185251
0.000185013
0.000187159
0.000186682
0.000187635
0.000186205
0.000189543
0.000183582
0.000185251
0.000184298
0.000216246
0.000238419
0.000188351
0.000192404
0.000202894
0.000190496
0.000211716
0.000218153
0.000221252
0.000235081
0.000235319
0.000470638
0.000189781
0.000425577
0.000233412
0.000222921
0.000264168
0.000401974
0.000212669
0.000223875
0.000242233
0.000212193
0.000218153
0.000181437
0.000216722
0.000183344
0.000354528
0.000181675
0.000184536
0.000185013
0.000182867
0.000182867
0.000186920
0.000185251
0.000184774
0.000197172
0.000208855
0.000246048
0.000187397
0.000229359
0.000187874
0.000230074
0.000489712
0.000482559
0.000198603
0.000185251
0.000180006
0.000189066
0.000180483
0.000180244
0.000181437
0.000191927
0.000183105
0.000179529
0.000180244
0.000181437
0.000202656
0.000182629
0.000206232
0.000180721
0.000207186
0.000182390
0.000208378
0.000187635
0.000215769
0.000179052
0.000196457
0.000180006
0.000178576
0.000178337
0.000184536
0.000183105
0.000474215
0.000378132
0.000207424
0.000188351
0.000329733
0.000242949
0.000181675
0.000203609
0.000179768
0.000204563
0.000261068
0.000222683
0.000184059
0.000552177
0.000179529
0.000180721
0.000179768
0.000181675
0.000194550
0.000180960
0.000182152
0.000186682
0.000184774
0.000179291
0.000213623
0.000184536
0.000183582
0.000222206
0.000279427
0.000242472
0.000610113
0.000452280
0.000387907
0.000213861
0.000187635
0.000179291
0.000179529
0.000243902
0.000179768
0.000183105
0.000184536
0.000182152
0.000180960
0.000178576
0.000180006
0.000217915
0.000180006
0.000196934
0.000181437
0.000186682
0.000177860
0.000176668
0.000211716
0.000204325
0.000132799
0.000177622
0.000179052
0.000178576
0.000176668
0.000180244
0.000180006
0.000179768
0.000218391
0.000181913
0.000178337
0.000177145
0.000177383
0.000178576
0.000179052
0.000185728
0.000171423
0.000194788
0.000190496
0.000181198
0.000178337
0.000180006
0.000177145
0.000218630
0.000208378
0.000179768
0.000185728
0.000178337
0.000180006
0.000178814
0.000149965
0.000177622
0.000178576
0.000175714
0.000190258
0.000210524
0.000181437
0.000216007
0.000232935
0.000250578
0.000236511
0.000282764
0.000222445
0.000232935
0.000242472
0.000219584
0.000239611
0.000212193
0.000235558
0.000216722
0.000207663
0.000216961
0.000244856
0.000252962
0.000254631
0.000233650
0.000215054
0.000250578
0.000266552
0.000202894
0.000205994
0.000255823
0.000220776
0.000286341
0.000281334
0.000252247
0.000288486
0.000273228
0.000275850
0.000370264
0.000248194
0.000579834
0.000615835
0.000542879
0.000635624
0.000255823
