0.001004457
0.001015663
0.001394272
0.001123428
0.001489878
0.001408100
0.001442432
0.001407862
0.001337290
0.001280785
0.000995398
0.001226187
0.001060963
0.001205683
0.001358032
0.001184464
0.001507759
0.001452923
0.001029491
0.001036882
0.001426697
0.001060486
0.001112700
0.000988722
0.001105547
0.001539469
0.001042128
0.001115561
0.001031160
0.001148224
0.001359701
0.001381397
0.001056433
0.001301050
0.001347065
0.001023054
0.001078844
0.001070499
0.001465559
0.001291752
0.001499891
0.001381636
0.001383781
0.001489401
0.001148701
0.001002073
0.001222372
0.001470566
0.001388550
0.001317739
0.001072884
0.001446486
0.001147985
0.001436234
0.001245260
0.001098871
0.001042604
0.001232386
0.001033783
0.001432657
0.000998497
0.000993252
0.001023769
0.001293421
0.001006365
0.001328468
0.001061916
0.001340628
0.001085520
0.001487732
0.001159430
0.001039267
0.001562119
0.001084089
0.011729240
0.001093864
0.001269817
0.001080036
0.001012325
0.001071930
0.001107931
0.001507998
0.001406670
0.001073122
0.001080990
0.001034260
0.001271486
0.001057625
0.001508951
0.001462936
0.001123428
0.001092434
0.001081467
0.001046896
0.000974655
0.001448393
0.001325369
0.001015902
0.001082659
0.001114368
0.001250744
0.000965357
0.001045465
0.001055479
0.001028776
0.001070023
0.001029015
0.001249552
0.001027346
0.001383781
0.000980616
0.001044989
0.001296759
0.001357317
0.001319170
0.001257420
0.000993252
0.001019716
0.001009703
0.001414776
0.001358509
0.001125097
0.000960827
0.001178980
0.001019001
0.000980616
0.001291752
0.001362801
0.001052856
0.001002550
0.001040936
0.001494646
0.001138926
0.001026154
0.001073599
0.001048326
0.001055241
0.001093864
0.001074076
0.000986099
0.001094818
0.001096725
0.000977039
0.001094818
0.001328468
0.001037836
0.001119614
0.001101017
0.001059771
0.001046658
0.001384258
0.001379728
0.001337051
0.001275301
0.001317024
0.001421928
0.001398563
0.001032114
0.000953436
0.001030684
0.001408577
0.001072645
0.001091719
0.000926256
0.000991344
0.001246214
0.001004696
0.001200676
0.001013041
0.001037121
0.001425028
0.001160383
0.001069784
0.001363993
0.001374245
0.001330137
0.001324177
0.001334667
0.001016855
0.001399755
0.001012802
0.001359940
0.001463890
0.001008272
0.001005650
0.001503706
0.001045465
0.001059771
0.001049995
0.000974894
0.001416683
0.001059771
0.001443863
0.000970125
0.000986576
0.000990868
0.001459599
0.001042366
0.001078129
0.000993252
0.001056910
0.001372576
0.000984430
0.000959158
0.001009941
0.001143217
0.001226902
0.000947475
0.000930548
0.000940084
0.001018286
0.000966549
0.000993967
0.001304865
0.001004219
0.001429319
0.001400709
0.001116991
0.001247168
0.001017094
0.000990629
0.001022339
0.001064062
0.001097918
0.001460791
0.001016140
0.001063347
0.001286268
0.001240969
0.001121521
0.001411200
0.001016378
0.001268625
0.001363277
0.001353025
0.001047611
0.000981569
0.001317739
0.001078129
0.000977755
0.001033783
0.001328468
0.000934362
0.001356125
0.000929356
0.001337767
0.001136065
0.001295805
0.001259565
0.001304865
0.001267433
0.001080990
0.001047611
0.000948668
0.000975132
0.001043558
0.001018763
0.001322985
0.001021385
0.000972748
0.001130342
0.001132488
0.001007795
0.001018524
0.001029968
0.000994205
0.000999689
0.000980377
0.001053095
0.001077652
0.000957966
0.000977039
0.000961304
0.000987530
0.001003265
0.000966072
0.001369715
0.001002789
0.001029968
0.001328468
0.001199245
0.001030684
0.001018763
0.001327515
0.001349211
0.000927925
0.001030922
0.001084328
0.001079559
0.001004457
0.001051664
0.000964165
0.001177073
0.001275301
0.001036882
0.001017809
0.000987053
0.001080990
0.001030207
0.001073599
0.001026154
0.001384974
0.000992060
0.001016378
0.001319170
0.001478672
0.001279116
0.001416922
0.001303434
0.001037121
0.000973463
0.001001835
0.001264572
0.000939846
0.001067400
0.001010180
0.000932455
0.000990152
0.000971794
0.001383066
0.001072884
0.001310349
0.001351357
0.000996590
0.001417398
0.001050472
0.001299143
0.000979424
0.001047134
0.001314163
0.001271963
0.001576662
0.001040936
0.001310825
0.000967503
0.001013041
0.001326084
0.001012325
0.000963449
0.000993252
0.001004934
0.001352310
0.001033545
0.001334667
0.001065731
0.001308918
0.001218319
0.000966549
0.001155376
0.001476765
0.001060486
0.001080036
0.001401663
0.001166582
0.001467466
0.001096725
0.001342773
0.001011133
0.001032352
0.000990868
0.001372337
0.001047611
0.001016140
0.001201630
0.001001358
0.001076460
0.001445293
0.001269102
0.001400948
0.001022339
0.001045227
0.001052141
0.000956059
0.001113653
0.001027107
0.000978947
0.001368284
0.001050472
0.001017094
0.000963449
0.001028299
0.001017570
0.001420736
0.001030207
0.001339436
0.001054764
0.001020670
0.000943661
0.001104355
0.001117945
0.000995636
0.000990629
0.000930071
0.000999689
0.001018286
0.001347303
0.001194000
0.001074553
0.001194239
0.001018286
0.001171112
0.001012802
0.001034498
0.001465082
0.001334429
0.001354694
0.001071930
0.001028299
0.001331568
0.001028061
0.001447678
0.001062155
0.001174450
0.001343727
0.001248121
0.001392841
0.001043558
0.001379967
0.001318932
0.001343727
0.001442194
0.000991821
0.000991583
0.001029253
0.001003265
0.001356602
0.000996113
0.001021385
0.001364708
0.001010180
0.001245737
0.001049519
0.001245260
0.001459122
0.001422167
0.001481771
0.001257658
0.001369715
0.001111269
0.001089573
0.001092672
0.001368046
0.001108646
0.001032829
0.001362085
0.001033068
0.001017809
0.001042366
0.001465082
0.001045465
0.001064539
0.001451731
0.001309872
0.001058817
0.001143932
0.001074076
0.001230240
0.001120806
0.000984192
0.000983953
0.001311779
0.001013517
0.001268625
0.000916719
0.001085043
0.001315355
0.000935078
0.000901461
0.000953197
0.000974417
0.001075268
0.001050949
0.001413345
0.001058102
0.001010895
0.001070499
0.001044273
0.001362562
0.001187563
0.001017094
0.001334190
0.001078129
0.000964165
0.001456022
0.001353741
0.001017809
0.001189947
0.001080513
0.000974894
0.000963926
0.001346111
0.001047850
0.001420975
0.001080513
0.000999689
0.001302242
0.001320362
0.000983715
0.000992060
0.000989437
0.001034021
0.001017332
0.001313686
0.001075268
0.001231432
0.001388073
0.000930548
0.001372099
0.001473665
0.000917912
0.000919342
0.000971079
0.001070499
0.001012087
0.001089811
0.001419306
0.001059055
0.000966787
0.001302242
0.001134157
0.001404047
0.001429796
0.001332998
0.001044989
0.001216173
0.001510620
0.001349211
0.001014709
0.001024246
0.001061916
0.001014709
0.001473665
0.001456738
0.001035213
0.001275301
0.001405954
0.001023531
0.001228571
0.001007557
0.001514435
0.001074553
0.001060486
0.001049519
0.001422882
0.001050234
0.001349449
0.000987768
0.001046181
0.001046419
0.001334429
0.001031160
0.001008749
0.001055002
0.000991106
0.000976086
0.001032829
0.001009464
0.000873089
0.001034260
0.000996828
0.000997305
0.001236439
0.001328707
0.001077175
0.000994205
0.001025200
0.001163483
0.001045227
0.001037598
0.001110077
0.001074314
0.001094103
0.001040220
0.001016140
0.000974178
0.001059055
0.001062632
0.001165152
0.001089811
0.001156330
0.001046896
0.001054764
0.001008034
0.001416445
0.001076698
0.001055241
0.001374245
0.000892401
0.001147032
0.000952721
0.001091957
0.001297235
0.001159191
0.000914335
0.001286983
0.001181841
0.001231670
0.000956059
0.001005650
0.001427650
