0.000635386
0.000646591
0.000488997
0.000487089
0.000621319
0.000608444
0.000777483
0.000860453
0.000511408
0.000528097
0.000514746
0.000530005
0.000514030
0.000577450
0.000538826
0.000535011
0.000595331
0.000522137
0.000525236
0.000594378
0.000480413
0.000557899
0.000486374
0.000490427
0.000620365
0.000491142
0.000844479
0.000488997
0.000734568
0.000500202
0.000491142
0.000535488
0.000554562
0.000553370
0.000542641
0.000570774
0.000584364
0.000874996
0.000498772
0.000500917
0.000585556
0.000533342
0.000491619
0.000607729
0.000530720
0.000518322
0.000526667
0.000490189
0.000578880
0.000524521
0.000625134
0.000509024
0.000506878
0.000580072
0.000712395
0.000724316
0.000763178
0.000949860
0.000764608
0.000516891
0.000527143
0.000482798
0.000734568
0.000547886
0.000611067
0.000481606
0.000497341
0.000815392
0.000627518
0.000808954
0.000867128
0.000725746
0.000442028
0.000548124
0.000456572
0.000599384
0.000479698
0.000497818
0.000771999
0.000885725
0.000464201
0.000465870
0.000748396
0.000595570
0.000695229
0.000501394
0.000532627
0.000477791
0.000474691
0.000527859
0.000465155
0.000730276
0.000553131
0.000723839
0.000724316
0.000505209
0.000498772
0.000792503
0.000484943
0.000841141
0.000784874
0.000544071
0.000474691
0.000511646
0.000472546
0.000692129
0.000699043
0.000477552
0.000520229
0.000436068
0.000479460
0.000471592
0.000446558
0.000459909
0.000431061
0.000471115
0.000608206
0.000558615
0.000512362
0.000432968
0.000483990
0.000632286
0.000753641
0.000474453
0.000449419
0.000678301
0.000457287
0.000799417
0.000503302
0.000467777
0.000484943
0.000479221
0.000484228
0.000810623
0.000476360
0.000678539
0.000682831
0.000507116
0.000474930
0.000653982
0.000494480
0.000735521
0.000717878
0.000498295
0.000739813
0.000545979
0.000489712
0.000474453
0.000468493
0.000727415
0.000677109
0.000499487
0.000820637
0.000515223
0.000500917
0.000770092
0.000527143
0.000556469
0.000782013
0.000535965
0.000515699
0.000778675
0.000865459
0.000495434
0.000807524
0.000774622
0.000504017
0.000763178
0.000787497
0.000818491
0.000750303
0.000899076
0.000552177
0.000795126
0.000521660
0.000505209
0.000474453
0.000750780
0.000481606
0.000451803
0.000492573
0.000564575
0.000490904
0.000517130
0.000484228
0.000705242
0.000492096
0.000509739
0.000604630
0.000529766
0.000495672
0.000505209
0.000514269
0.000506878
0.000506639
0.000739813
0.000521421
0.000484943
0.000525713
0.000548363
0.000759602
0.000759125
0.000532866
0.000506163
0.000499964
0.000503302
0.000470161
0.000480890
0.000779390
0.000780821
0.000540733
0.000796795
0.000465155
0.000636101
0.000742197
0.000775576
0.000793219
0.000552177
0.000733852
0.000690222
0.000541449
0.000522852
0.000747442
0.000715971
0.000538826
0.000771761
0.000518799
0.000473976
0.000743389
0.000794172
0.000507116
0.000498772
0.000742197
0.000476599
0.000514030
0.000494480
0.000469685
0.000814676
0.000530958
0.000490189
0.000758886
0.000765085
0.000696898
0.000510931
0.000487328
0.000467539
0.000504255
0.000508070
0.000482082
0.000667095
0.000470877
0.000486851
0.000787020
0.000538826
0.000743389
0.000534058
0.000500679
0.000499487
0.000507116
0.000519991
0.000521421
0.000820875
0.000522852
0.000528574
0.000534058
0.000483751
0.000477076
0.000528574
0.000477076
0.000559568
0.000476837
0.000456095
0.000488520
0.000501871
0.000500202
0.000474453
0.000676394
0.000442982
0.000696182
0.000489235
0.000679016
0.000744104
0.000476837
0.000681877
0.000462770
0.000721216
0.000478029
0.000698566
0.000689030
0.000688076
0.000673294
0.000457048
0.000456810
0.000833988
0.000639677
0.000462055
0.000843763
0.000457525
0.000717402
0.000433445
0.000503302
0.000469685
0.000509262
0.000490189
0.000515461
0.000471592
0.000434399
0.000460863
0.000429869
0.000728369
0.000468731
0.000730038
0.000529528
0.000671148
0.000467300
0.000686407
0.000835419
0.000680923
0.000694990
0.000670910
0.000771523
0.000682831
0.000666857
0.000673532
0.000921726
0.000834465
0.000488997
0.000787258
0.000469923
0.000484467
0.000470161
0.000768185
0.000453949
0.000463247
0.000449657
0.000750303
0.000756979
0.000473499
0.000742197
0.000496626
0.000468016
0.000556707
0.000480175
0.000489473
0.000466347
0.000477552
0.000802040
0.000526428
0.000490665
0.000454664
0.000458002
0.000689030
0.000432014
0.000805855
0.000465155
0.000796556
0.000544310
0.000533581
0.000585794
0.000477791
0.000490427
0.000503540
0.000735044
0.000479698
0.000816584
0.000495434
0.000485897
0.000479460
0.000504971
0.000527143
0.000545025
0.000573874
0.000534534
0.000490904
0.000505209
0.000541210
0.000755787
0.000500202
0.000514984
0.000539541
0.000518084
0.000501156
0.000533104
0.000525236
0.000482082
0.000494480
0.000464201
0.000794411
0.000483751
0.000494480
0.000509262
0.000735521
0.000443935
0.000468731
0.000768661
0.000483513
0.000489235
0.000502348
0.000541925
0.000439405
0.000463486
0.000442982
0.000699282
0.000440836
0.000449896
0.000493288
0.000452280
0.000474691
0.000523567
0.000703573
0.000444651
0.000690460
0.000458717
0.000459433
0.000494480
0.000476360
0.000494003
0.000451803
0.000676870
0.000736237
0.000512838
0.000495195
0.000711679
0.000689745
0.000709057
0.000764132
0.000489235
0.000572443
0.000490189
0.000477791
0.000479221
0.000544310
0.000764132
0.000518799
0.000526428
0.000708580
0.000521660
0.000457048
0.000615358
0.000764847
0.000469685
0.000703573
0.000480175
0.000765324
0.000784874
0.000517845
0.000548840
0.000683546
0.000566244
0.000476599
0.000505686
0.000510931
0.000763178
0.000763416
0.000505209
0.000742912
0.000810862
0.000622511
0.000495195
0.000523806
0.000479221
0.000524521
0.000499964
0.000781298
0.000474930
0.000469685
0.000457287
0.000536919
0.000519991
0.000529289
0.000501871
0.000472784
0.000476837
0.000692129
0.000522137
0.000458717
0.000482559
0.000473499
0.000738144
0.000486135
0.000443459
0.000487328
0.000496149
0.000496149
0.000496149
0.000701189
0.000747919
0.000551462
0.000728846
0.000755548
0.000491619
0.000492573
0.000746965
0.000805378
0.000817060
0.000541687
0.000762463
0.000581980
0.000727654
0.000479460
0.000563622
0.000811815
0.000799179
0.000539541
0.000499725
0.000772238
0.000487804
0.000774622
0.000472307
0.000504017
0.000476122
0.000502348
0.000473976
0.000533581
0.000790119
0.000497341
0.000771999
0.000584602
0.000711918
0.000465631
0.000493050
0.000496149
0.000455618
0.000498295
0.000516891
0.000734091
0.000507355
0.000611305
0.000488520
0.000471592
0.000498533
0.000467062
0.000723600
0.000505447
0.000492811
0.000612497
0.000483274
0.000447989
0.000714779
0.000473738
0.000475883
0.000481129
0.000507355
0.000720501
0.000521898
0.000461102
0.000478268
0.000554323
0.000506639
0.000755310
0.000524998
0.000759840
0.000757456
0.000496626
0.000766754
0.000519037
0.000748158
0.000775099
0.000498056
0.000750065
0.000476599
0.000516176
0.000856638
0.000507593
0.000505447
0.000491619
0.000756979
0.000755548
0.000548601
0.000533342
0.000469446
0.000482798
0.000756502
0.000725508
0.000504494
0.000505447
0.000518560
0.000699282
0.000471592
0.000805616
0.000514030
0.000528336
0.000746965
0.000765324
0.000523806
0.000494957
0.000497818
0.000525475
0.000470877
0.000463724
0.000493526
0.000729084
0.000489473
0.000517368
0.000503540
0.000796080
0.000485659
0.000504971
0.000732422
0.000806093
