0.015469313
0.000201225
0.000216722
0.000193357
0.000217915
0.000236034
0.000292063
0.000222921
0.000234842
0.000156879
0.000199795
0.000222206
0.000230551
0.000210047
0.000257492
0.000220299
0.000221968
0.000225782
0.000247717
0.000240803
0.000226021
0.000226498
0.000224352
0.000257492
0.000219822
0.000286102
0.000240088
0.000206470
0.000224352
0.000218630
0.000217915
0.000221729
0.000222445
0.000211239
0.000222683
0.000205040
0.000204086
0.000233173
0.000231743
0.000231504
0.000224590
0.000249863
0.000226021
0.000214815
0.000233412
0.000231028
0.000237942
0.000219822
0.000225067
0.000222683
0.000224829
0.000233650
0.000237465
0.000210285
0.000216246
0.000267029
0.000232935
0.000221252
0.000233173
0.000229359
0.000245810
0.000202894
0.000255823
0.000233412
0.000207186
0.000224352
0.000237226
0.000275373
0.000273228
0.000225782
0.000271797
0.000232935
0.000231743
0.000234127
0.000211954
0.000245094
0.000213623
0.000256062
0.000210047
0.000240564
0.000233650
0.000208139
0.000235319
0.000291824
0.000240088
0.000308514
0.000238419
0.000216961
0.000221968
0.000234365
0.000231743
0.000229359
0.000261545
0.000228405
0.000211239
0.000242949
0.000326633
0.000224113
0.000238657
0.000248671
0.000248671
0.000215530
0.000216484
0.000186205
0.000224352
0.000206709
0.000214577
0.000211239
0.000228882
0.000221729
0.000220537
0.000226259
0.000208855
0.000266790
0.000201941
0.000214338
0.000217438
0.000209332
0.000213146
0.000217915
0.000260830
0.000211716
0.000222445
0.000215054
0.000260115
0.000217915
0.000231504
0.000226974
0.000217438
0.000239849
0.000211716
0.000212193
0.000214338
0.000199795
0.000222206
0.000217438
0.000232697
0.000214100
0.000210762
0.000232935
0.000208616
0.000224590
0.000221968
0.000210762
0.000232697
0.000216246
0.000231504
0.000224352
0.000188351
0.000217199
0.000210524
0.000255346
0.000194550
0.000253677
0.000199080
0.000249386
0.000209808
0.000210762
0.000266075
0.000212908
0.000212669
0.000238180
0.000187874
0.000246286
0.000216961
0.000232697
0.000216484
0.000208139
0.000209570
0.000243902
0.000237942
0.000216007
0.000226021
0.000219584
0.000217915
0.000222206
0.000247478
0.000190973
0.000222921
0.000225782
0.000217199
0.000216484
0.000201702
0.000211954
0.000186443
0.000252724
0.000222206
0.000216246
0.000202656
0.000227451
0.000211477
0.000286579
0.000207663
0.000191927
0.000240326
0.000275373
0.000226259
0.000203609
0.000241518
0.000202179
0.000213623
0.000207663
0.000212431
0.000214338
0.000244856
0.000211954
0.000253916
0.000210047
0.000217676
0.000211954
0.000214815
0.000211239
0.000214100
0.000228167
0.000212431
0.000214100
0.000265598
0.000222921
0.000262260
0.000212908
0.000218391
0.000225782
0.000210762
0.000215530
0.000200033
0.000238419
0.000237465
0.000247717
0.000226736
0.000275850
0.000248194
0.000231743
0.000245333
0.000268936
0.000240326
0.000245571
0.000251532
0.000216484
0.000215292
0.000291586
0.000250101
0.000222683
0.000222683
0.000236511
0.000200987
0.000266075
0.000213861
0.000219345
0.000237942
0.000223875
0.000223398
0.000236750
0.000216007
0.000242472
0.000233412
0.000224352
0.000215530
0.000231028
0.000236273
0.000272036
0.000213623
0.000266790
0.000219107
0.000213385
0.000268221
0.000198603
0.000216007
0.000216722
0.000276566
0.000224113
0.000251055
0.000221968
0.000276804
0.000212908
0.000248432
0.000240564
0.000200272
0.000205755
0.000224590
0.000217199
0.000260115
0.000222206
0.000238419
0.000257015
0.000240088
0.000201702
0.000235796
0.000215292
0.000215530
0.000224113
0.000242472
0.000262737
0.000217199
0.000270367
0.000246286
0.000221968
0.000243187
0.000209093
0.000246763
0.000199556
0.000236511
0.000206947
0.000241280
0.000216246
0.000209093
0.000236511
0.000216722
0.000216961
0.000239372
0.000217915
0.000287533
0.000220060
0.000230789
0.000224590
0.000236034
0.000264406
0.000215292
0.000216961
0.000241995
0.000212908
0.000227928
0.000252485
0.000256300
0.000269890
0.000225544
0.000210762
0.000231504
0.000242949
0.000252247
0.000241756
0.000196934
0.000248671
0.000217199
0.000273705
0.000189066
0.000214338
0.000234365
0.000211716
0.000213861
0.000213385
0.000207663
0.000207901
0.000275850
0.000211716
0.000236750
0.000239134
0.000219822
0.000241280
0.000238419
0.000216722
0.000205755
0.000213146
0.000226259
0.000220299
0.000254393
0.000216246
0.000218868
0.000225544
0.000249147
0.000211477
0.000245333
0.000242472
0.000208616
0.000259399
0.000190258
0.000213861
0.000238657
0.000219584
0.000236511
0.000214815
0.000234842
0.000211716
0.000213861
0.000231028
0.000259399
0.000261545
0.000214577
0.000238419
0.000235558
0.000209570
0.000220060
0.000242949
0.000201941
0.000222206
0.000239134
0.000231743
0.000244856
0.000214338
0.000210762
0.000216246
0.000275135
0.000214100
0.000215054
0.000244617
0.000191927
0.000238180
0.000210285
0.000211954
0.000239372
0.000222445
0.000239372
0.000226736
0.000188828
0.000223160
0.000233889
0.000241280
0.000234842
0.000268221
0.000244141
0.000241995
0.000224829
0.000221252
0.000257254
0.000262737
0.000236750
0.000212193
0.000273943
0.000215769
0.000221729
0.000212669
0.000237465
0.000200033
0.000260353
0.000239611
0.000213623
0.000222206
0.000269175
0.000225067
0.000267982
0.000225067
0.000242949
0.000234604
0.000228405
0.000232458
0.000240088
0.000209808
0.000228405
0.000210524
0.000214815
0.000247478
0.000211716
0.000214577
0.000204563
0.000224352
0.000244617
0.000263691
0.000232697
0.000236034
0.000253677
0.000218630
0.000361443
0.000248909
0.000240088
0.000249147
0.000249624
0.000250578
0.000251770
0.000214100
0.000278711
0.000207663
0.000265121
0.000247955
0.000284672
0.000238895
0.000252008
0.000237703
0.000295162
0.000235081
0.000236034
0.000265837
0.000283957
0.000218153
0.000243187
0.000232458
0.000263214
0.000262737
0.000232220
0.000241041
0.000269890
0.000238419
0.000269413
0.000239611
0.000238419
0.000268936
0.000219822
0.000258684
0.000267982
0.000239372
0.000233412
0.000235081
0.000279903
0.000219107
0.000266314
0.000247717
0.000208855
0.000264645
0.000242472
0.000247955
0.000223160
0.000235796
0.000262260
0.000241756
0.000237942
0.000256777
0.000240803
0.000283241
0.000249624
0.000247002
0.000222683
0.000212431
0.000217199
0.000223875
0.000216961
0.000214338
0.000193596
0.000194550
0.000205994
0.000210524
0.000210285
0.000220060
0.000235081
0.000247002
0.000222445
0.000235558
0.000210762
0.000318289
0.000238657
0.000228405
0.000219107
0.000228167
0.000251293
0.000257969
0.000241995
0.000248671
0.000218391
0.000234842
0.000277519
0.000227213
0.000231266
0.000275850
0.000243902
0.000236034
0.000237226
0.000206947
0.000182867
0.000197649
0.000212431
0.000244379
0.000246286
0.000266075
0.000242472
0.000249386
0.000254393
0.000228167
0.000264645
0.000237226
0.000218153
0.000203371
0.000240803
0.000225067
0.000207901
0.000221014
0.000212193
0.000238657
0.000216722
0.000246763
0.000244856
0.000222921
0.000251532
0.000226259
0.000243902
0.000216007
0.000250578
0.000237942
0.000195503
0.000239611
0.000208139
0.000246048
0.000206232
0.000249386
0.000215769
0.000252008
0.000214577
0.000254869
0.000248432
0.000215530
0.000228167
0.000215292
0.000248909
0.000222445
0.000244141
0.000213623
0.000232220
0.000215292
0.000232697
0.000237226
0.000217199
0.000219584
0.000212193
0.000309706
