0.001196384
0.001201868
0.001219749
0.001252174
0.001333952
0.001158476
0.001096487
0.001164675
0.001092672
0.002480030
0.001093626
0.001197338
0.001058578
0.001172304
0.001167774
0.001067162
0.001179457
0.001286030
0.001160383
0.001138926
0.002733231
0.001240253
0.001108408
0.001154900
0.001171350
0.001193523
0.001348734
0.001170635
0.001129389
0.001127958
0.001129627
0.001184940
0.001168966
0.001101494
0.001235485
0.001135349
0.001147032
0.001252651
0.001245022
0.001227617
0.001165390
0.001156807
0.001085281
0.001306534
0.001135349
0.001084566
0.001190424
0.001160860
0.001147270
0.001310587
0.001074791
0.001148701
0.001195192
0.001179695
0.001120090
0.001091480
0.001200676
0.001224041
0.001084089
0.001057863
0.001053572
0.001189709
0.001197100
0.001066923
0.001186371
0.001245737
0.001110554
0.001204252
0.001123667
0.001177549
0.001181364
0.001181841
0.001078367
0.001199484
0.001203299
0.001054764
0.001057386
0.001202345
0.001049280
0.001071692
0.001165628
0.001073122
0.001139879
0.001155615
0.001128674
0.001091003
0.001201153
0.001062870
0.001151323
0.001135111
0.001055002
0.001184940
0.001320124
0.001082897
0.001069307
0.001057386
0.001175642
0.001159906
0.001046419
0.001071692
0.001037598
0.001051903
0.001034975
0.001027346
0.001059294
0.001085281
0.001055241
0.001060247
0.001060724
0.001160145
0.001033783
0.001048803
0.001053333
0.001054287
0.001045227
0.001036406
0.001050711
0.001057148
0.001048326
0.001031637
0.001042604
0.001048803
0.001055717
0.001060963
0.001084805
0.001091242
0.001048565
0.001041174
0.001046181
0.001017570
0.001080990
0.001137972
0.001050711
0.001053095
0.001074314
0.001085520
0.001078367
0.001058817
0.001053572
0.001039982
0.001053810
0.001066446
0.001054764
0.001042128
0.001046181
0.001080513
0.001026392
0.001060486
0.001039505
0.001033783
0.001022339
0.001044512
0.001035929
0.001015425
0.001021624
0.001077175
0.001051426
0.001067877
0.001084805
0.001052856
0.001052141
0.001056671
0.001052380
0.001032114
0.001041174
0.001047850
0.001058578
0.001032114
0.001082182
0.001072407
0.001050472
0.001045704
0.001041412
0.001059771
0.001070499
0.001041651
0.001063585
0.001037121
0.001047134
0.001027346
0.001049280
0.001070976
0.001049042
0.001060963
0.001094341
0.001054287
0.001070261
0.001049995
0.001065016
0.001029730
0.001018047
0.001077414
0.001036644
0.001161814
0.001088858
0.001070976
0.001055717
0.001036882
0.001029015
0.001022339
0.001028538
0.001032829
0.001060724
0.001027107
0.001048803
0.001076221
0.001074314
0.001051903
0.001057148
0.001034737
0.001036882
0.011419296
0.001077414
0.001050711
0.001042128
0.001036167
0.001052141
0.001044750
0.001152515
0.001055002
0.001044273
0.001045465
0.001046181
0.001030445
0.001053572
0.001062632
0.001059771
0.001039743
0.001054525
0.001048565
0.001047373
0.001038313
0.001052856
0.001012087
0.001048803
0.001103878
0.001066923
0.001077652
0.001046658
0.001038790
0.001072407
0.001051903
0.001065969
0.001231670
0.001065493
0.001062870
0.001049519
0.001050472
0.001119375
0.001020908
0.001049280
0.001051188
0.001089096
0.001039267
0.001053810
0.001057625
0.001042128
0.001026392
0.001023054
0.001109600
0.001051903
0.001289368
0.001055479
0.001015663
0.001053810
0.001033306
0.001045704
0.001035929
0.001060009
0.001027584
0.001043558
0.001035452
0.001075506
0.001033783
0.001048326
0.001031160
0.001052141
0.001061440
0.001055241
0.001025677
0.001063347
0.001041174
0.001039982
0.001066923
0.001053572
0.001096964
0.001093388
0.001050234
0.001060009
0.001051903
0.001032352
0.001058817
0.001041174
0.001067877
0.001067400
0.001067162
0.001063347
0.001048326
0.001043320
0.001052618
0.001045465
0.001072407
0.001048565
0.001059771
0.001062632
0.001037598
0.001065016
0.001042366
0.001117468
0.001049519
0.001060963
0.001079798
0.001031637
0.001097679
0.001063108
0.001054049
0.001050234
0.001050234
0.001043558
0.001117229
0.001048803
0.001077890
0.001040697
0.001053333
0.001055002
0.001089573
0.001051188
0.001066685
0.001052856
0.001056910
0.001038074
0.001052856
0.001028538
0.001047134
0.001039743
0.001050234
0.001084089
0.001071215
0.001070738
0.001072407
0.001051664
0.001033783
0.001048803
0.001021147
0.001075983
0.001068354
0.001055717
0.001034260
0.001065016
0.001015425
0.001061201
0.001036406
0.001067877
0.001019239
0.001056433
0.001032591
0.001046419
0.001013279
0.001049280
0.001036167
0.001035213
0.001041412
0.001066923
0.001069307
0.011452198
0.001127720
0.001025677
0.001044273
0.001025677
0.001029253
0.001078844
0.001043797
0.001044750
0.001029730
0.001062155
0.001069069
0.001056433
0.001020193
0.001070738
0.001037598
0.001030445
0.011390209
0.001050472
0.001021862
0.001053095
0.001039743
0.001080275
0.001097441
0.001075506
0.001085997
0.001033068
0.001052141
0.001054764
0.001081944
0.001045465
0.001153231
0.001062870
0.001053810
0.001040459
0.001019001
0.001026154
0.001050234
0.001043558
0.001097679
0.001071453
0.001041889
0.001039743
0.001050949
0.001172066
0.001043558
0.001039505
0.001059055
0.001060486
0.001137733
0.001200914
0.001117468
0.001116753
0.001075268
0.001051188
0.001074553
0.001190901
0.001177311
0.001067638
0.001055479
0.001189947
0.001081228
0.001036882
0.001039267
0.001034260
0.001053810
0.001063347
0.001189232
0.001024723
0.001055956
0.001058340
0.001092672
0.001038313
0.001068830
0.001031637
0.001043320
0.001025915
0.001077890
0.001074791
0.001117229
0.001036882
0.001047850
0.001051903
0.001031637
0.001029253
0.001113892
0.001073837
0.001148224
0.001052380
0.001056910
0.001043797
0.001128912
0.001076937
0.001068830
0.001062393
0.001081944
0.001075268
0.001125336
0.001062632
0.001078844
0.001060247
0.001105785
0.001047134
0.001147270
0.001052141
0.001084566
0.001088619
0.001081228
0.001064062
0.001109600
0.001050234
0.001087427
0.001049042
0.001079798
0.001133204
0.001110554
0.001053333
0.001096964
0.001095533
0.001070261
0.001116753
0.001128435
0.001095295
0.001060486
0.001083851
0.001049757
0.001081705
0.001107693
0.001104355
0.001095295
0.001111269
0.001063824
0.001086473
0.001143932
0.001065254
0.001058340
0.001079082
0.001058817
0.001091003
0.001098394
0.001105070
0.001058578
0.001095057
0.001059055
0.001079082
0.001123428
0.001081228
0.001053095
0.001103163
0.001066923
0.001104832
0.001131773
0.001096487
0.001059532
0.001084328
0.001038074
0.001087189
0.001074314
0.001093388
0.001073122
0.001104116
0.001068830
0.001088619
0.001131058
0.001072407
0.001053333
0.001068830
0.001080036
0.001060486
0.001078367
0.001070261
0.001079798
0.001060247
0.001090765
0.001061678
0.001072884
0.001086473
0.001041651
0.001075029
0.001039982
0.001107454
0.001108646
0.001098871
0.001036406
0.001087666
0.001056433
0.001074791
0.001066446
0.001082659
0.001107931
0.001089096
0.001046419
0.001091957
0.001060486
0.001121998
0.001099110
0.001125336
0.001092672
0.001097202
0.001087427
0.001094341
0.001085281
0.001094580
0.001081944
0.001111269
0.001062155
0.001073360
0.001079082
0.001105785
0.001059055
0.001082659
0.001065254
0.001098871
0.001060009
0.001083612
0.001053095
0.001079082
0.001045942
0.001096964
0.001053095
0.001081228
0.001078129
0.001068592
0.001088142
0.001103163
0.001068115
0.001050472
0.001091480
0.001056671
0.001082182
0.001075029
0.001085520
0.001045942
0.001071692
0.001044989
0.001008511
