0.000773668
0.000752211
0.000549078
0.000632763
0.000529289
0.000515223
0.000515938
0.000514746
0.000515699
0.000525475
0.000661373
0.000525475
0.000630617
0.000519991
0.000509977
0.000615358
0.000516653
0.000537872
0.000569105
0.000623703
0.000562191
0.000567198
0.000616074
0.000569582
0.000532627
0.000576019
0.000735044
0.000562906
0.000536919
0.000627279
0.000530720
0.000550270
0.000531435
0.000542641
0.000537872
0.000643253
0.000537395
0.000533581
0.000630856
0.000557899
0.000585794
0.000612497
0.000570297
0.000628233
0.000534058
0.000613451
0.000551224
0.000565529
0.000630617
0.000512123
0.000555515
0.000636101
0.000636816
0.000574827
0.000534773
0.000551462
0.000620365
0.000555515
0.000524521
0.000626564
0.000524044
0.000532389
0.000551462
0.000555515
0.000535250
0.000631094
0.000533819
0.000625372
0.000532627
0.000637054
0.000536442
0.000533342
0.000632286
0.000518560
0.000621796
0.000534773
0.000531197
0.000523567
0.000523567
0.000532627
0.000631332
0.000545025
0.000573158
0.000633478
0.000540972
0.000548124
0.000544071
0.000535965
0.000676632
0.000542164
0.000524521
0.000638008
0.000544310
0.000538826
0.000526905
0.000598431
0.000551224
0.000624657
0.000581026
0.000524759
0.000534296
0.000513077
0.000525951
0.000601053
0.000535488
0.000641584
0.000571251
0.000516653
0.000548124
0.000511408
0.000561237
0.000535250
0.000548363
0.000556946
0.000511885
0.000537872
0.000559092
0.000540495
0.000521660
0.000514030
0.000524759
0.000519037
0.000534296
0.000553131
0.000564098
0.000526428
0.000554562
0.000547647
0.000536919
0.000516176
0.000523329
0.000519037
0.000524282
0.000565767
0.000545025
0.000570774
0.000534534
0.000522137
0.000521660
0.000543594
0.000530958
0.000519753
0.000591755
0.000548601
0.000532389
0.000519037
0.000530481
0.000514746
0.000539541
0.000554562
0.000540733
0.000518799
0.000545025
0.000528574
0.000523567
0.000527620
0.000601768
0.000519753
0.000506878
0.000517368
0.000539303
0.000553370
0.000670433
0.000651836
0.000660181
0.000562668
0.000535488
0.000518560
0.000523806
0.000545502
0.000533104
0.000562668
0.000528097
0.000596285
0.000569820
0.001287222
0.000669479
0.001602173
0.000545025
0.000665903
0.000545740
0.000597715
0.000568867
0.000525951
0.000524282
0.000540495
0.000594378
0.000530243
0.000520706
0.000559807
0.000534058
0.000528097
0.000533581
0.000528812
0.000530958
0.000528097
0.000531197
0.000529051
0.000528336
0.000533104
0.000581741
0.000549316
0.000530243
0.000534296
0.000533581
0.000552893
0.000697374
0.000595808
0.000587463
0.000548840
0.000554323
0.000554800
0.000547647
0.000550032
0.000567436
0.000545740
0.000543118
0.000545979
0.000540018
0.000538826
0.000560760
0.000539780
0.000549078
0.000634909
0.000635624
0.000585318
0.000616074
0.000581026
0.000594854
0.000586987
0.000579596
0.000580788
0.000591040
0.000589371
0.000596046
0.000602484
0.000615120
0.000603437
0.000614643
0.000555277
0.000570297
0.000532389
0.000540257
0.000576496
0.000560284
0.000610828
0.000577927
0.000545263
0.000581264
0.000559092
0.000580311
0.000597715
0.000580311
0.000550985
0.000549555
0.000567675
0.000572205
0.000569582
0.000577688
0.000570536
0.000563622
0.000569105
0.000591993
0.000569344
0.000549793
0.000612736
0.000553370
0.000540972
0.000550747
0.000574827
0.000603199
0.000544548
0.000563860
0.000543118
0.000554562
0.000537395
0.000542402
0.000532389
0.000547409
0.000568390
0.000550270
0.000548601
0.000542164
0.000572443
0.000553370
0.000550747
0.000561714
0.000565052
0.000624895
0.000546217
0.000566006
0.000545979
0.000557423
0.000550747
0.000544310
0.000546694
0.000581026
0.000570774
0.000559568
0.000609159
0.000568151
0.000555754
0.000541925
0.000533342
0.000514746
0.000565052
0.000584602
0.000563383
0.000586987
0.000519753
0.000545025
0.000571012
0.000560999
0.000547171
0.000596285
0.000560045
0.000570297
0.000539780
0.000593424
0.000575542
0.000587702
0.000518799
0.000519514
0.000545979
0.000559807
0.000520945
0.000885487
0.000519753
0.000517845
0.000536442
0.000597715
0.000576735
0.000591516
0.000610352
0.000620365
0.000553846
0.000662327
0.000594139
0.000574589
0.000558615
0.000546932
0.000528574
0.000553608
0.000600815
0.000571012
0.000530005
0.000563860
0.000521421
0.000552416
0.000547171
0.000527143
0.000567913
0.000552416
0.000598192
0.000687599
0.000584364
0.000524998
0.000522614
0.000570536
0.000572681
0.000576973
0.000543594
0.000544548
0.000524521
0.000531912
0.000534058
0.000528336
0.000507832
0.000533104
0.000508070
0.000515938
0.000527859
0.000519753
0.000547647
0.000586748
0.000556469
0.000559807
0.000522852
0.000516653
0.000532150
0.000539780
0.000541449
0.000524521
0.000522375
0.000565052
0.000559568
0.000524044
0.000496149
0.000519276
0.000548363
0.000555277
0.000549793
0.000512600
0.000588179
0.000538826
0.000513315
0.000530958
0.000509024
0.000560284
0.000530481
0.000550747
0.000523090
0.000549793
0.000541687
0.000558138
0.000526667
0.000555992
0.000515938
0.000524759
0.000560999
0.000578165
0.000580549
0.000546694
0.000530958
0.000542641
0.000592709
0.000549793
0.000568867
0.000545025
0.000567913
0.000537872
0.000581503
0.000556469
0.000552177
0.000522852
0.000581026
0.000511885
0.000535488
0.000515938
0.000578403
0.000541449
0.000551701
0.000525236
0.000530720
0.000540495
0.000590086
0.000549316
0.000547409
0.000578403
0.000545740
0.000519037
0.000568151
0.000533819
0.000668764
0.000560284
0.000574112
0.000596762
0.000924826
0.000807524
0.000577450
0.000543594
0.000602245
0.000569582
0.000641346
0.000584841
0.001035690
0.001144648
0.000597239
0.000532627
0.000560045
0.000603914
0.000605345
0.000539780
0.000524044
0.000573635
0.000583410
0.000565767
0.000559330
0.000579596
0.000583172
0.000577211
0.000552177
0.000567436
0.000595331
0.000644445
0.000588179
0.000526428
0.000522375
0.000538588
0.000530243
0.000553608
0.000564098
0.000549555
0.000555754
0.000566244
0.000568390
0.000527620
0.000527620
0.000607014
0.000577688
0.000549078
0.000557661
0.000545502
0.000544310
0.000543833
0.000538826
0.000552177
0.000537634
0.000527859
0.000537395
0.000554085
0.000548124
0.000538826
0.000547886
0.000543356
0.000546217
0.000530720
0.000601530
0.000545502
0.000563145
0.000534296
0.000531435
0.000548601
0.000543118
0.000549078
0.000555277
0.000577211
0.000652075
0.000679970
0.000602245
0.000542641
0.000481606
0.000482559
0.000545502
0.000555515
0.000549555
0.000551224
0.000562668
0.000544786
0.000635147
0.000556231
0.000554323
0.000510931
0.000536203
0.000575542
0.000551462
0.000534534
0.000479937
0.000497580
0.000487328
0.000514746
0.000545502
0.000570536
0.000549555
0.000528336
0.000560284
0.000530005
0.000531912
0.000558376
0.000565767
0.000590801
0.000548363
0.000594378
0.000591516
0.000540018
0.000512123
0.000525951
0.000525951
0.000521898
0.000562429
0.000529051
0.000516653
0.000537872
0.000538826
0.000572443
0.000585556
0.000524759
0.000567675
0.000561714
0.001072168
0.000555754
0.000564098
0.000515938
0.000560284
0.000547886
0.000562906
0.000659704
0.000535727
0.000565290
0.000593901
0.000544310
0.000583887
0.000579596
0.000541925
0.000573158
0.000599623
0.000576019
0.000537872
0.000552177
0.000509977
0.000529766
0.000515938
0.000516891
0.000488997
0.000503302
0.000548601
0.000546932
0.000803709
0.000608921
0.000613451
