0.128347158
0.014429331
0.012615919
0.012759686
0.011576891
0.011904955
0.012788296
0.011718273
0.014840603
0.014283657
0.017299652
0.011498213
0.012223244
0.011529684
0.019733906
0.011213779
0.010879040
0.014777660
0.012530804
0.012982607
0.011440992
0.011559725
0.011948586
0.011662960
0.013772726
0.011590719
0.011087894
0.011202574
0.015016079
0.011295080
0.011721134
0.011719942
0.012207747
0.011802435
0.011846066
0.013949633
0.011917830
0.014022827
0.015381813
0.011948824
0.011954069
0.011620760
0.011225939
0.011409044
0.013240576
0.011176348
0.011089325
0.012230873
0.011524439
0.011200666
0.011226654
0.012130499
0.011266232
0.012054205
0.013240099
0.011531830
0.011563540
0.011621237
0.011607170
0.011788130
0.011305094
0.011091948
0.011653662
0.014651299
0.011226892
0.012681723
0.012844563
0.011906385
0.012387037
0.014266968
0.012450695
0.013258219
0.012020826
0.012138844
0.012077570
0.011547565
0.010892391
0.015974522
0.015468359
0.012047291
0.012652159
0.014110088
0.011638641
0.013180971
0.011973143
0.012424707
0.011342287
0.011360884
0.011369705
0.012895107
0.011634111
0.013558865
0.012291670
0.011419296
0.011654854
0.011186361
0.010976315
0.011115074
0.012641907
0.011666298
0.011268139
0.012546778
0.010724545
0.011262894
0.012665272
0.010944366
0.011251450
0.012450218
0.013939142
0.011664629
0.011553526
0.011982441
0.017844439
0.012101889
0.012704611
0.010996819
0.011296511
0.012160301
0.011833668
0.011606693
0.011636972
0.017050982
0.012683630
0.011501074
0.011492729
0.015021801
0.011304855
0.013752937
0.013250351
0.015518904
0.012364626
0.013894796
0.018831730
0.014064074
0.011931181
0.014539957
0.013504267
0.013127565
0.013096094
0.011907816
0.014469862
0.018663168
0.012600422
0.012132406
0.011702538
0.012034178
0.011801720
0.011317968
0.012516737
0.011606216
0.011792183
0.011640787
0.011819601
0.011553288
0.011281967
0.011795998
0.012195110
0.011393309
0.011949539
0.011921644
0.011625051
0.011741638
0.011539459
0.012681961
0.012284517
0.012093067
0.015815258
0.015241146
0.019006491
0.012822390
0.012946367
0.013720274
0.012208700
0.013150692
0.013808489
0.015633821
0.011303902
0.013028622
0.015434980
0.013323069
0.013332605
0.014021635
0.014618874
0.013610363
0.012475729
0.011642218
0.011916161
0.013453007
0.014827490
0.015984535
0.012040615
0.015313148
0.013236523
0.013366461
0.011701107
0.015011549
0.012992382
0.014183521
0.015147686
0.011977434
0.013533354
0.013614655
0.015302420
0.017660141
0.014458656
0.014009953
0.013461351
0.011925220
0.014684439
0.011845112
0.013153076
0.015662432
0.012584686
0.016554594
0.014482975
0.018051147
0.011332989
0.015284300
0.015110970
0.013476849
0.012611389
0.011742115
0.011899710
0.014787912
0.012251616
0.011316776
0.013192415
0.011824131
0.011688232
0.012704134
0.013750553
0.011658430
0.012584448
0.012215376
0.021481991
0.012014389
0.011559963
0.010985136
0.012576818
0.011662722
0.011653185
0.011527061
0.011776686
0.012157917
0.013748884
0.013122082
0.011480331
0.011349916
0.011376858
0.011434555
0.011091232
0.011798859
0.012654066
0.012452364
0.011253119
0.015954256
0.011830807
0.011898756
0.012146950
0.010986805
0.010917187
0.010661125
0.011209011
0.012801886
0.012590647
0.012154579
0.011378527
0.012351990
0.012005329
0.011842728
0.014835835
0.011628866
0.010894537
0.013090372
0.011901379
0.011183739
0.011482716
0.011833429
0.012542963
0.013160706
0.013521433
0.011694193
0.012685776
0.011958122
0.012770414
0.011593819
0.012015104
0.013550758
0.016471863
0.012048244
0.012010336
0.013514996
0.011064768
0.013316154
0.011426687
0.011281490
0.015914917
0.013076544
0.015357018
0.012389421
0.012094021
0.011760950
0.012395144
0.011708736
0.013008595
0.011588097
0.014473915
0.013271809
0.012157202
0.012175560
0.011613846
0.012561083
0.011522770
0.011595488
0.011419058
0.011723518
0.011849880
0.012853384
0.011963367
0.012931585
0.011926413
0.014443159
0.012042046
0.011321306
0.011526585
0.011802912
0.013407707
0.015116692
0.015936613
0.012340307
0.015653610
0.013283491
0.011436224
0.011247635
0.011155605
0.012321949
0.011168957
0.012984991
0.013813496
0.011382103
0.013975859
0.013423443
0.011840105
0.015264034
0.011442900
0.011076927
0.011898279
0.013898373
0.012412786
0.012493372
0.012076616
0.011381388
0.011880398
0.011833668
0.011437416
0.011676073
0.012029648
0.012009382
0.011662722
0.011518717
0.020743370
0.011379957
0.011558771
0.013381004
0.012376070
0.012784958
0.012183189
0.016137838
0.012078285
0.011673689
0.011497498
0.011603832
0.011343956
0.012592793
0.014021397
0.011457920
0.012247801
0.014790773
0.011598110
0.011405468
0.011570215
0.011514902
0.011121750
0.012117863
0.013912439
0.011782646
0.012090683
0.011486053
0.011461258
0.011882782
0.011883497
0.011288643
0.014312983
0.011406898
0.011675358
0.011837244
0.011364698
0.012218952
0.011558056
0.011312485
0.012290716
0.011619091
0.011169910
0.012134314
0.012005806
0.011928320
0.014666319
0.012120008
0.013816595
0.016435862
0.014006138
0.014741898
0.015773058
0.014729738
0.029083252
0.011877537
0.011447191
0.012058496
0.011687040
0.012634516
0.012314558
0.011785507
0.012256145
0.011865139
0.012244701
0.011848211
0.013844728
0.012620449
0.015654087
0.013272524
0.016464472
0.012916803
0.015459776
0.014496803
0.016694546
0.015915394
0.013103962
0.014844179
0.014934063
0.017264605
0.012375355
0.014907122
0.012958288
0.013901711
0.014052868
0.011784554
0.016366482
0.011539698
0.016060352
0.012260437
0.018202066
0.014436722
0.019136190
0.014613390
0.025582552
0.016912460
0.016630650
0.019211769
0.015218019
0.013729811
0.014472008
0.018808126
0.018038273
0.016110420
0.016716003
0.016157866
0.012478352
0.012626886
0.015700102
0.013639927
0.020106077
0.015137196
0.014504194
0.014852285
0.013386011
0.015970469
0.013785124
0.015207291
0.034924507
0.013716698
0.013250351
0.015634537
0.017858267
0.013738394
0.012019634
0.014844656
0.016307116
0.014410496
0.014636517
0.016107082
0.014220476
0.017759085
0.011607647
0.019216537
0.013067245
0.013834000
0.014534712
0.011551619
0.013195515
0.012573242
0.012821913
0.012654781
0.015316248
0.013963699
0.012541771
0.017710924
0.013006210
0.013893366
0.017776251
0.013513327
0.012728691
0.013054848
0.012058735
0.013967514
0.014841557
0.023188114
0.035256386
0.012103796
0.011670589
0.011916637
0.011229277
0.012016535
0.012243271
0.011811256
0.013834953
0.013248444
0.011949062
0.012035131
0.012833834
0.012423515
0.011613607
0.011949062
0.011891842
0.012828112
0.016302586
0.013017654
0.011764288
0.012818813
0.016392469
0.013721466
0.017709732
0.011892557
0.011805534
0.011530399
0.012079239
0.011772394
0.015205383
0.015256405
0.015532494
0.012770414
0.015537739
0.016794682
0.011929274
0.011443377
0.014027119
0.013384581
0.011989832
0.015691042
0.011789083
0.017037153
0.011964560
0.011455536
0.012308598
0.012112617
0.016339302
0.013828039
0.014468431
0.016302347
0.017881632
0.013204813
0.012613773
0.013539314
0.014236212
0.011501789
0.011809349
0.012665987
0.013713837
0.012563229
0.013176441
0.012554646
0.012217760
0.012425184
0.013018847
0.013738871
0.014468670
0.013036966
0.015331268
0.014461279
0.011388302
0.013342619
0.014684439
0.012266159
0.014278650
0.025180578
0.015310287
0.017764807
0.016677380
0.015330315
0.014142275
0.014808893
