3.575655222
0.234727859
0.300884724
0.329298735
0.353502274
0.344886780
0.370584249
0.349578619
0.357892036
0.329044819
0.329103231
0.352304697
0.325733185
0.317726135
0.345427036
0.385776997
0.358109713
0.316293478
0.334700584
0.329908609
0.363573074
0.377816916
0.343002319
0.195371866
0.357631683
0.338961124
0.335283995
0.361918688
0.340756178
0.342267036
0.344098568
0.325163364
0.366444111
0.347951889
0.360201836
0.357812643
0.356014490
0.365786076
0.340685844
0.357350349
0.350226164
0.328610659
0.371280909
0.364615917
0.366871357
0.356135607
0.363399506
0.391211271
0.364494085
0.346767902
0.349575996
0.348548412
0.360999346
0.362069607
0.331627846
0.351631403
0.370676279
0.192677736
0.357125521
0.351523161
0.360079765
0.337880850
0.351470470
0.362031698
0.341619015
0.347013235
0.362364769
0.457257509
0.352767944
0.324112415
0.347609282
9.273277998
0.306960344
0.360045433
0.341299534
0.317977667
0.597508430
0.188228130
0.320302725
0.348676920
5.423424959
0.256500721
3.795054913
0.201749086
0.358215809
0.182953119
0.348407984
0.378122330
0.362389088
0.344312906
0.363645077
0.340721130
0.349927425
0.364520311
0.361531019
0.393491030
0.348311424
0.363295317
2.966976404
0.205446720
1.999536753
10.156694412
2.056876659
0.263464212
0.374329567
0.374382496
0.348836899
0.347076416
0.362303257
0.387667179
0.332612276
0.350679874
7.165632486
0.220816374
1.824616909
0.306643009
0.224226236
1.397771597
0.197416306
0.371256351
0.348888159
3.162513018
10.208879709
0.212970495
0.340157270
3.565573454
0.212238073
1.839874983
0.230009556
1.955796719
8.077878475
0.225325584
1.854525805
0.298715591
0.387644768
13.563607216
0.200364590
10.092064381
4.148059130
0.313878536
0.349095345
3.310294628
0.209456205
0.361644268
0.311503410
0.353753328
0.356061220
0.365847349
0.351315022
0.347896338
0.359817028
0.345628262
0.401872158
0.345149517
12.407208920
0.268125057
5.888629675
6.143014193
0.328100443
0.351367235
0.364160538
0.366762877
0.348288298
0.374128580
0.327423811
0.351191282
0.200515270
0.358333826
0.349277496
0.315495014
0.342471600
0.325649500
0.348214626
0.327475071
0.742883205
0.359892130
0.359458685
0.190327406
7.126814842
0.201019764
0.350253820
9.715132713
0.207742214
12.199650764
0.337011337
0.368257284
0.346970320
0.824898481
0.208707809
0.363783836
5.604140997
0.201589823
3.927306414
0.201553106
20.228386641
0.201816797
0.376255751
0.344752789
0.352548122
0.744903564
8.334200859
0.258839369
22.181427002
0.207141876
0.357321978
0.348539352
0.352616787
0.369374752
0.344864368
0.349531412
0.344572067
0.381800652
0.342470407
0.772711992
0.283206940
1.704564571
2.108851671
26.469575644
0.193721771
0.338416815
0.327230692
0.321610212
0.368178844
0.356622458
0.374975681
0.386937141
0.341676235
0.358111143
0.329617500
0.356468678
0.358396053
0.378121376
0.323475838
0.365916967
0.356077194
0.350103855
0.363699198
0.332602262
0.345103025
0.349181175
2.795528889
24.548528433
1.938093185
0.200870752
0.353611231
1.617639303
0.233406067
0.359698296
0.368120670
0.353729248
10.847426891
14.460901737
5.987102270
0.224518299
0.344697714
0.352976084
0.357358694
0.335783005
0.341912508
0.342165947
0.356118202
0.354455709
0.480753422
0.355026484
0.214437962
0.350000858
0.362136126
0.354528666
0.321986675
0.368402719
0.369209528
0.353971958
0.347080946
0.345299244
0.364853144
0.361851454
0.359527588
0.340857744
0.348215342
0.360577345
0.845051050
0.237540960
0.349580765
13.797146320
0.238140583
3.790988922
0.217221737
7.969589710
4.221966505
1.989624977
0.252196312
12.074988604
0.226582766
3.896320581
14.220778704
0.209874153
0.361557245
0.363575697
0.348902225
11.006809950
0.253680229
3.886612177
4.040324926
4.080234051
8.199301004
0.243289948
0.319606066
0.352053881
0.331485271
0.372747660
0.341922283
0.361484528
8.020684719
0.258045435
22.242937088
0.284179926
0.345501900
0.377487898
0.372368813
0.343246937
6.466787577
4.050127745
0.270519972
0.332967758
3.426182747
16.422744751
0.235376358
0.358085632
0.370842457
0.339055061
0.350031853
4.483719587
0.243419886
0.356882334
5.674265862
0.368202209
0.344313383
19.743574619
0.365102291
0.333719492
0.349055529
0.336669445
0.375934362
2.337358952
0.212038279
7.956585646
0.349829197
0.347203970
0.335399628
0.327257633
19.119518757
0.312408209
0.352658272
0.521044970
0.356358051
0.363457441
0.339362621
0.370978594
0.353154659
0.364217997
0.361692667
0.354884863
0.327080488
0.348431587
0.346244335
7.201012611
0.215218306
0.423768520
1.416459560
0.239248753
0.270085096
0.347430944
3.210867643
16.279217720
10.263561487
0.252560616
0.371066570
0.368630409
1.133616447
0.233693600
0.357527733
0.361856699
1.072159052
0.264843464
16.147339106
0.357869864
0.306771040
0.364115238
0.364328861
0.371063232
0.329050064
0.355497837
0.378738880
0.345409393
0.357703686
0.523916245
0.182650566
0.353370190
0.361935616
0.330444574
0.336796045
0.325622320
0.360773087
0.358536720
0.353490591
0.225321054
5.006523132
0.215123653
0.401700497
0.396272421
1.024782658
0.261193752
24.214913607
0.221200705
0.377314329
0.354849815
0.372317314
0.336014032
0.355604649
4.196789742
0.307914019
0.355161428
0.330698967
0.365565300
0.318470240
0.345383167
0.336518049
0.341997147
0.367774725
0.335893631
0.349813461
0.334813833
0.326303244
0.351484060
0.350872755
0.359190226
6.654134035
8.158597469
6.166263580
0.239303112
0.333061218
0.366104603
9.379092455
0.297932386
0.307601929
0.348571062
0.355857134
0.349422932
0.349247217
0.332499266
0.355666161
0.325716496
13.273287296
6.245519161
0.246372938
0.354207039
0.359277487
5.186597586
0.285705328
3.738697767
0.196995020
0.527181387
1.431857347
0.313992262
0.343867302
0.326254368
19.489985466
0.213223457
0.320311308
0.364944696
0.377843857
0.370087385
0.353279829
0.336917400
0.337944508
0.344750166
1.084282637
0.336121321
5.799285173
0.262708187
1.773426533
0.236532211
0.355211735
0.523240805
0.297337055
20.937862396
0.178286076
0.326519251
0.346549511
0.351641178
0.347714663
0.366459370
0.343508244
0.344968319
3.665313482
0.286021233
0.324358225
0.205367565
0.335991144
2.883458614
0.298736334
0.327376604
0.192682028
0.341075659
0.336507797
0.366609573
0.336043119
20.248907089
0.232974529
1.773590088
0.186931849
0.346180201
0.345364809
3.376519442
0.300802946
0.325482130
3.438540459
0.233226538
0.449879408
0.357254267
3.067371607
20.468513489
0.212705374
0.286004543
3.525925875
0.215161800
3.915578842
0.259536743
0.352927923
0.215153933
23.683541536
0.251529932
0.372349739
1.514993906
0.299816608
0.239759445
0.349133253
0.360561609
4.916836262
0.321997881
0.351894617
0.232181311
0.385290623
0.373168230
14.695914030
0.299662352
15.971761942
0.235066175
0.360510349
0.338229418
0.381230116
0.364089489
12.734085083
8.083950281
2.197209835
0.255514860
0.355677605
7.563581467
0.361217737
0.205249310
24.000405073
8.087332964
0.213981628
0.336189747
0.355635881
0.360217333
0.326255083
0.355133772
0.359959841
0.348317385
0.349864244
0.347633839
6.865284920
0.217849970
8.062569618
0.346383095
1.635987043
0.254777908
0.333604097
1.581056833
0.291459560
3.818765402
0.191933870
1.617237806
0.195516348
6.146112204
0.254316568
0.221278191
0.342333555
0.340669394
0.361915827
0.358621120
0.345454454
0.393905401
0.356651545
15.371441126
0.304027319
0.357998610
0.345914364
0.353808880
