0.037186623
0.206860781
0.206361771
0.100834370
0.001430988
0.001312017
0.001411200
0.001415253
0.001423359
0.001427650
0.001438618
0.001305342
0.001341343
0.001452684
0.001471043
0.001456261
0.001447678
0.001249075
0.001605272
0.001401424
0.001437426
0.001392603
0.001399517
0.001322269
0.001436710
0.001455069
0.001467705
0.001436949
0.001437902
0.001293659
0.001418829
0.001425743
0.001477718
0.001456261
0.001453400
0.001307726
0.001469612
0.001453161
0.001447439
0.001455545
0.001461029
0.001308441
0.001684666
0.001460075
0.001459837
0.001707792
0.001440525
0.001419544
0.001394749
0.001380682
0.001714706
0.001714706
0.001313925
0.001436710
0.001453876
0.001452446
0.001422405
0.001454353
0.001410484
0.001430750
0.001445770
0.001450062
0.001358747
0.001455784
0.001451015
0.001697302
0.001440048
0.001615047
0.001442671
0.001433849
0.001434565
0.001250744
0.001439095
0.001438379
0.001474619
0.001458168
0.001453400
0.001405001
0.001378775
0.001420736
0.001428843
0.001440763
0.001426697
0.001409292
0.001446724
0.001360416
0.001385689
0.001416683
0.001436949
0.001843452
0.001421213
0.001462460
0.001467228
0.001448393
0.001456738
0.001479149
0.001409054
0.001473665
0.001424551
0.001424074
0.001811743
0.001093626
0.001447916
0.001471043
0.001413584
0.001698256
0.001447439
0.001422882
0.001543522
0.001394749
0.001410961
0.001420975
0.001758814
0.001565695
0.001606226
0.001483440
0.001676559
0.001420021
0.001433134
0.001420975
0.001443386
0.001419067
0.001740456
0.001427174
0.001465559
0.001460791
0.001412153
0.001454592
0.001402617
0.001409531
0.001264811
0.001310587
0.002504587
0.001425028
0.001445770
0.001453400
0.001429558
0.001437187
0.001363277
0.001394272
0.001425028
0.001439333
0.001444340
0.001402617
0.001461267
0.001439095
0.001447678
0.001402617
0.001457930
0.001398087
0.001430511
0.001413345
0.001448631
0.001462698
0.001585484
0.001441479
0.001441717
0.001425982
0.001455307
0.001416206
0.001553535
0.001507759
0.001466274
0.001757622
0.001451492
0.001493931
0.001444578
0.001427174
0.001369715
0.001378298
0.001431704
0.001406670
0.001390457
0.001439333
0.001466274
0.001431704
0.001414537
0.001458645
0.001437902
0.001404047
0.001423120
0.001403809
0.001704216
0.001726866
0.001460075
0.001459599
0.001452684
0.001444340
0.001416206
0.001324892
0.001458406
0.001442909
0.001450777
0.001409531
0.001453638
0.001659632
0.001430750
0.001423836
0.001391172
0.001385450
0.001451254
0.001137733
0.001395941
0.001437664
0.001422644
0.001429558
0.001439095
0.001821041
0.001440763
0.001444340
0.001435995
0.001422167
0.001450539
0.001440763
0.001442909
0.001457214
0.001463890
0.001823664
0.001474857
0.001412392
0.001440287
0.001604557
0.001425743
0.001424551
0.001428604
0.001441002
0.001486778
0.001417398
0.001378059
0.001386881
0.001414299
0.001406670
0.001462221
0.001458883
0.001431942
0.001472712
0.001474857
0.001481295
0.001442194
0.001429796
0.001410484
0.001417398
0.001434088
0.001461267
0.001646042
0.001454115
0.001528740
0.001391649
0.001423597
0.001431465
0.001647949
0.001447201
0.001479149
0.001436949
0.001576424
0.001435041
0.001215696
0.001418591
0.001357794
0.001390219
0.002047539
0.001435995
0.001432896
0.001454592
0.001441479
0.001455545
0.001510620
0.001439333
0.001445293
0.001401424
0.001748562
0.001723528
0.001424789
0.001441956
0.001442909
0.001453876
0.001589060
0.001801968
0.001432419
0.001392603
0.001413822
0.001420259
0.001434326
0.001425028
0.001431704
0.001439095
0.001424551
0.001676798
0.001640320
0.001375675
0.001426935
0.001442909
0.001402617
0.001434088
0.001453638
0.001456022
0.001403570
0.001368761
0.001464844
0.001456022
0.001304865
0.001388788
0.001412868
0.001456738
0.001439333
0.001449108
0.001437664
0.001433134
0.001317739
0.001431704
0.001427650
0.001657724
0.001444101
0.001403093
0.001444101
0.001437426
0.001447678
0.001450777
0.001396894
0.001828671
0.001436949
0.001771688
0.001397848
0.001850843
0.001464367
0.001475811
0.001440763
0.001439333
0.001405478
0.001466274
0.001417637
0.001411438
0.001428127
0.001418829
0.001438856
0.001700878
0.001272440
0.001137018
0.001443863
0.001667976
0.001413107
0.001567364
0.001691341
0.001462698
0.001424551
0.001994371
0.001443148
0.001449823
0.001411438
0.001394272
0.001441240
0.001436949
0.001427889
0.001446962
0.001549959
0.001452923
0.001438379
0.001373529
0.001410723
0.001318932
0.001432657
0.001447678
0.001441717
0.001426458
0.001481295
0.001453876
0.001417160
0.001103878
0.001415730
0.001442432
0.001440048
0.001433611
0.001439810
0.001431704
0.001459360
0.001457691
0.001442671
0.001441479
0.001333475
0.001463175
0.001401663
0.001102448
0.001367807
0.001419067
0.001458168
0.001438379
0.001214027
0.001222372
0.002052546
0.001419783
0.001386881
0.001392126
0.001462221
0.001398802
0.001430511
0.001475096
0.001395464
0.001311779
0.001451015
0.001635075
0.001442909
0.001385689
0.001440287
0.001447916
0.001383305
0.001470804
0.001456261
0.001236439
0.001253128
0.001367331
0.001286745
0.001413584
0.001447201
0.001434326
0.001820803
0.001443624
0.001426458
0.001672268
0.001587629
0.001431942
0.001451254
0.001437664
0.001447678
0.001375675
0.001723766
0.001457691
0.001399755
0.001578569
0.001268148
0.001266479
0.001264811
0.001442432
0.001448154
0.001507998
0.001501799
0.001452208
0.001274824
0.001263618
0.001266479
0.001448870
0.001279831
0.001416683
0.001403809
0.001436710
0.001436472
0.001462698
0.001438856
0.001244307
0.001406193
0.001416206
0.001433134
0.001590252
0.001862764
0.001534939
0.001469374
0.001448631
0.001265049
0.001255512
0.001430273
0.001456738
0.001587152
0.001417637
0.001474380
0.001804352
0.001417637
0.001448393
0.001325369
0.001261950
0.001291752
0.001765490
0.001261950
0.001393557
0.001300812
0.001768827
0.001462221
0.001452446
0.001461029
0.001268148
0.001165628
0.001416206
0.001631737
0.001442671
0.001271725
0.001432657
0.001307964
0.001442671
0.001688480
0.001264095
0.001441479
0.001425982
0.001455784
0.001441002
0.001272440
0.001313448
0.001467228
0.001460075
0.001317739
0.001079798
0.001211643
0.001383543
0.001320124
0.001442909
0.001255274
0.001427650
0.001460075
0.001465559
0.001240253
0.001093149
0.001239061
0.001282454
0.001325846
0.001443863
0.001657486
0.001452446
0.001532793
0.001462460
0.001909018
0.001053095
0.001337290
0.001446486
0.001079559
0.001429081
0.001603365
0.001334667
0.001332760
0.001326561
0.001272440
0.001615763
0.001226187
0.001371384
0.001262665
0.001418114
0.001247168
0.001343489
0.001345396
0.001347065
0.001256227
0.001363039
0.001287937
0.001291752
0.001269817
0.001419783
0.001259804
0.001506805
0.001270771
0.001282692
0.001138449
0.001384497
0.001249313
0.001413345
0.001263618
0.001267910
0.001356363
0.001448631
0.001770020
0.001302481
0.001149654
0.001258612
0.001249790
0.001261950
0.001274824
0.001456499
0.001251221
0.001441240
0.001366377
0.001259327
0.001287699
0.001403809
0.001148462
0.001275301
0.001269341
0.001456022
0.001266241
0.001278162
0.001303911
0.001312733
0.001287937
0.001422882
0.001274109
0.001641512
0.001989126
0.001465321
0.001298428
0.001481295
0.001276731
0.001319170
0.001299858
0.001446009
0.001504660
0.001224995
0.001293421
0.001769066
0.001272917
0.001285076
0.001304388
0.001305103
0.001273394
0.001727581
0.001216173
0.001264334
