0.001663685
0.001987696
0.001810789
0.001693010
0.001773357
0.001708031
0.002075434
0.001759291
0.001725435
0.001717329
0.001715660
0.001784801
0.001751423
0.002227783
0.001975536
0.001727104
0.001767397
0.001719952
0.001729965
0.001847267
0.001695633
0.001779795
0.001646519
0.001733541
0.001740694
0.001802921
0.001695633
0.001746178
0.001704216
0.001666069
0.001748323
0.001708031
0.001754761
0.001753092
0.001723766
0.001707315
0.001804829
0.001736641
0.001702070
0.001803398
0.001983881
0.001715183
0.001744747
0.001715422
0.002302647
0.001882792
0.001815557
0.001812220
0.001729727
0.001768589
0.001783609
0.001548290
0.002015114
0.001706362
0.001796007
0.002168179
0.001759052
0.001780987
0.001788139
0.001664162
0.001731634
0.001743317
0.001837969
0.001795769
0.001757383
0.001706839
0.001756191
0.001727104
0.001859903
0.002065659
0.001750946
0.001804352
0.001732826
0.001748562
0.001832724
0.001775503
0.001793146
0.001688719
0.001704693
0.001739264
0.001774788
0.001767397
0.001667500
0.001737356
0.001711607
0.001754045
0.001976967
0.002562046
0.002124548
0.001663208
0.001742125
0.001720905
0.001710176
0.002161264
0.001771688
0.001817465
0.001766205
0.001799822
0.001950264
0.001822710
0.001772881
0.001689196
0.001742125
0.001784325
0.001724482
0.002124310
0.001691341
0.001725674
0.001742601
0.001787663
0.001692772
0.001725435
0.001753092
0.001785278
0.002092838
0.001777649
0.002107382
0.001744270
0.001465082
0.001795053
0.001717567
0.001716375
0.001973629
0.001936197
0.001749754
0.002050638
0.001713276
0.001753807
0.001764297
0.001987219
0.001714945
0.001762390
0.001725674
0.001789808
0.001716614
0.001799107
0.001731873
0.001781225
0.001564980
0.001797438
0.001678467
0.001786947
0.001772165
0.001382351
0.001439810
0.001509190
0.001538277
0.001425982
0.001523733
0.001395941
0.001464605
0.001768827
0.001420259
0.001798630
0.001410007
0.001743317
0.001814842
0.001741648
0.001629829
0.001756430
0.001704931
0.001602888
0.001510859
0.001682520
0.001599312
0.001860380
0.001744270
0.001887798
0.001573324
0.001801252
0.001774073
0.001727104
0.002290487
0.001672029
0.001811266
0.001753330
0.001811743
0.001722813
0.001776695
0.002075195
0.001710415
0.001715660
0.002158165
0.001977444
0.001808643
0.001473665
0.001397848
0.001633883
0.001399279
0.001521826
0.001431227
0.001463890
0.001520395
0.001620531
0.001664400
0.001643419
0.001485825
0.001382351
0.001558781
0.001394033
0.001799345
0.001721382
0.001530886
0.001813650
0.001725912
0.001551628
0.001785040
0.001741886
0.001865387
0.001749516
0.001783609
0.001962185
0.001744270
0.001801252
0.001972437
0.002274513
0.001758575
0.001734257
0.001735449
0.001712084
0.001747131
0.001718283
0.001821518
0.001722336
0.001753569
0.001693010
0.001817226
0.001791477
0.001717806
0.001878023
0.002162933
0.001799583
0.002012968
0.001734972
0.001787186
0.001819611
0.001734495
0.001751900
0.001737595
0.001758099
0.001792669
0.001743317
0.001752853
0.001734734
0.001925707
0.002026796
0.001739979
0.001955748
0.001776218
0.001731873
0.001686335
0.002034664
0.001813889
0.001742601
0.001789331
0.001841784
0.001458645
0.001866102
0.001533985
0.001717329
0.001776218
0.001701832
0.001688719
0.001746416
0.001813889
0.001744747
0.001836061
0.001781225
0.001767159
0.001758337
0.001825571
0.001786947
0.001842260
0.001765966
0.001766443
0.001770020
0.001802921
0.001813412
0.001749754
0.001736641
0.001746178
0.001894474
0.001748085
0.001727819
0.001637936
0.001756668
0.001726389
0.001693487
0.001506329
0.001848936
0.001738548
0.001629591
0.001558304
0.001510143
0.001841784
0.001881599
0.001710892
0.001595497
0.001663446
0.001696587
0.002332449
0.001584768
0.001627207
0.001625299
0.001640558
0.001682043
0.001699209
0.001734734
0.001720190
0.001601934
0.001561165
0.001712084
0.001568556
0.001761198
0.001819849
0.001693487
0.001606464
0.001718998
0.001484394
0.001614094
0.001613617
0.001549721
0.001738310
0.001632214
0.001715660
0.001704454
0.001859188
0.001721144
0.001594305
0.001571655
0.001650095
0.001806021
0.001734257
0.001965046
0.001733541
0.001819849
0.001735687
0.001799345
0.001751184
0.001775503
0.001635790
0.001768827
0.001718998
0.002354383
0.001769543
0.001651525
0.001998186
0.001701355
0.001538515
0.001549244
0.001722574
0.001791716
0.001716852
0.001764774
0.002123117
0.001832008
0.002051353
0.001804352
0.001768112
0.001816034
0.001857042
0.001813412
0.001757622
0.002045631
0.001767397
0.001899481
0.001758099
0.001766920
0.001764297
0.001764536
0.001560450
0.001626015
0.001809597
0.001736641
0.001767635
0.002228498
0.001662493
0.001575947
0.001523018
0.001662731
0.001585484
0.001734018
0.001761675
0.001587152
0.002204418
0.001912832
0.001737833
0.001724958
0.001561403
0.001658201
0.001561403
0.001916170
0.001778841
0.001858234
0.001778126
0.001850128
0.001753569
0.001811981
0.001943827
0.001750469
0.001825571
0.001716852
0.001715899
0.001775742
0.001818419
0.001835823
0.001937389
0.001858711
0.001477003
0.001771450
0.001732349
0.001906157
0.001977921
0.001824141
0.001576662
0.001575232
0.001801491
0.001824856
0.001376629
0.001758337
0.001545668
0.001602411
0.001746655
0.001574516
0.001760721
0.001590729
0.001786709
0.002022028
0.002196074
0.001547813
0.001773357
0.001924038
0.001804590
0.002022743
0.001805782
0.002233028
0.001908064
0.001559258
0.001527786
0.001560688
0.001767874
0.001820564
0.001513481
0.001842022
0.001990080
0.001396418
0.001483202
0.001782656
0.001563072
0.001575470
0.001929045
0.001878023
0.001776457
0.001714468
0.001814604
0.001833677
0.002088070
0.001789093
0.001359224
0.001760960
0.001763344
0.001770973
0.001889467
0.001586676
0.001786470
0.002102613
0.001824617
0.001568556
0.001365423
0.001524448
0.001598120
0.002296448
0.002020597
0.002092361
0.001766682
0.001613140
0.001836538
0.001749992
0.001672029
0.001779795
0.001790524
0.001731396
0.001731157
0.001823902
0.001816273
0.001715899
0.001743793
0.001789093
0.001560926
0.001715660
0.001738071
0.001800537
0.001557827
0.001675367
0.001690865
0.001627684
0.001681805
0.001670837
0.001364470
0.001525640
0.001695633
0.001564264
0.001806974
0.001899004
0.001700640
0.001645803
0.001538992
0.001700163
0.001453876
0.001516581
0.001697302
0.001585245
0.001710415
0.001848221
0.001699924
0.001625776
0.001710415
0.001714468
0.001355648
0.001652002
0.001529455
0.001756430
0.001678467
0.001659632
0.001559019
0.001625299
0.001645088
0.001571178
0.001366615
0.001537561
0.001564980
0.001526356
0.001924753
0.001655579
0.001952171
0.001611233
0.001793385
0.001828671
0.001467943
0.001797199
0.001592636
0.001810789
0.001828432
0.001862049
0.001809359
0.001943350
0.001613379
0.001631260
0.001377821
0.001519203
0.001517057
0.001882553
0.001913071
0.001776218
0.099972725
0.001924038
0.002309084
0.001613617
0.001247644
0.001653433
0.001699448
0.001598597
0.001552343
0.001587868
0.001656532
0.001659393
0.001647711
0.001869440
0.001338243
0.002094984
0.001819372
0.001629353
0.001805305
0.001571417
0.001626015
0.001745462
0.001574755
0.001658916
0.001628637
0.001558542
0.001687288
0.001665115
0.001611471
0.001547813
0.001819849
0.001689434
0.001569510
0.001550198
0.001427889
0.001627445
0.001791477
0.001558781
0.001567602
0.001570702
0.001563549
0.001692533
0.001631021
0.001798868
0.001591682
0.002059221
