0.002450705
0.008832216
0.001960516
0.105134010
0.001071453
0.001281500
0.001259327
0.001175404
0.001046896
0.001255989
0.001329422
0.001262665
0.001207829
0.001216888
0.001284122
0.001269102
0.001256227
0.001110077
0.001118422
0.001267672
0.001264095
0.001265764
0.001269817
0.001275539
0.001257420
0.001268387
0.001271009
0.001147032
0.001062632
0.001341105
0.001273632
0.001273155
0.001277924
0.001248837
0.001657248
0.001287699
0.001275778
0.001166344
0.001312494
0.002060175
0.001279354
0.001278877
0.001282930
0.001307964
0.001600266
0.001381874
0.001286268
0.001181602
0.001320362
0.001283646
0.001462460
0.001282930
0.001290560
0.001290321
0.001295567
0.001296997
0.001249075
0.001161575
0.001091957
0.001299858
0.001360416
0.001181602
0.001301289
0.001302242
0.001202106
0.001369715
0.001372099
0.001125574
0.001091957
0.001299381
0.001308918
0.001374483
0.001694441
0.001305819
0.001309872
0.001148224
0.001306295
0.001104832
0.001315594
0.001651525
0.001297235
0.001377821
0.001305580
0.001316547
0.001307726
0.001258135
0.001646042
0.001149416
0.001117945
0.001370907
0.001311302
0.001365900
0.001314878
0.001322269
0.001433372
0.001317024
0.001358986
0.001165628
0.001030684
0.001327515
0.001316071
0.001320601
0.001382351
0.001378536
0.001325846
0.001819372
0.001390934
0.001164913
0.001006365
0.001397610
0.001376152
0.001401663
0.001401901
0.001334190
0.001748323
0.001330614
0.001386642
0.001213551
0.001051664
0.001346111
0.001680136
0.001387596
0.001388073
0.001344204
0.002412558
0.001392603
0.001407385
0.001125097
0.001394510
0.001270771
0.001384020
0.001405239
0.001528502
0.001342773
0.001232147
0.001524925
0.001407385
0.001136065
0.001414299
0.001406193
0.001377344
0.001386642
0.001399279
0.001415253
0.001388550
0.001348972
0.001388073
0.001120329
0.001399994
0.001279593
0.001361132
0.001395702
0.001399755
0.001410484
0.001695395
0.001225233
0.001399755
0.001320601
0.001382589
0.001428366
0.001375675
0.001420259
0.001395941
0.001209736
0.001417637
0.001375914
0.001296997
0.002338886
0.001420259
0.001396418
0.001407623
0.001400709
0.001389503
0.001418829
0.001747847
0.001454353
0.001388788
0.001157522
0.001802921
0.001391411
0.001561642
0.001483917
0.001390934
0.001417398
0.002093792
0.001415014
0.001394749
0.001161575
0.001371145
0.001398802
0.001390934
0.001393318
0.001433372
0.001085281
0.001385689
0.001385212
0.001371384
0.001112938
0.001389027
0.001422882
0.001373768
0.001399994
0.001398087
0.001374483
0.001386642
0.001401901
0.001402378
0.001125097
0.001417398
0.001204729
0.001368523
0.001390696
0.001368761
0.001399040
0.002294540
0.001397610
0.001402378
0.001146078
0.001441240
0.001458883
0.001405478
0.001401901
0.001411438
0.001118898
0.001432896
0.001372814
0.001373768
0.001132488
0.001943111
0.001403809
0.001740456
0.001253366
0.001430511
0.001414061
0.001438618
0.001407623
0.001372576
0.001150846
0.001405716
0.001441002
0.001385927
0.001419067
0.001478672
0.001392603
0.001929998
0.001379967
0.001408100
0.001122475
0.001763344
0.001496315
0.001415253
0.001432419
0.001510382
0.001399040
0.001218319
0.001255989
0.001425028
0.001127481
0.001428366
0.001375675
0.001396894
0.001374722
0.001427174
0.001376867
0.001426935
0.001404524
0.001358986
0.001201868
0.001464367
0.001238823
0.001395464
0.001396894
0.001398802
0.001408339
0.002094269
0.001369476
0.001429081
0.001148224
0.001423597
0.001397133
0.001362085
0.001418114
0.001368761
0.001280785
0.001383305
0.001531601
0.001365423
0.001129150
0.001397371
0.001396656
0.001422644
0.001437426
0.001373529
0.001071930
0.001296997
0.001941919
0.001384974
0.001154184
0.001390219
0.001379490
0.001454115
0.001275539
0.001427889
0.001103640
0.002085209
0.001366138
0.001452446
0.001108646
0.001146078
0.001424074
0.001373291
0.001399994
0.001382828
0.001800537
0.001405001
0.001406193
0.001392603
0.001135111
0.001441479
0.001424789
0.001364946
0.001384974
0.001371145
0.001130104
0.001425505
0.001391411
0.001420736
0.001108170
0.001440048
0.001401424
0.001369953
0.001413107
0.001391411
0.001400948
0.001581430
0.001387358
0.001408815
0.001098156
0.001378059
0.001420259
0.001413107
0.001409292
0.001410007
0.001403093
0.001426220
0.001385212
0.001435995
0.001414299
0.001426697
0.001555443
0.001382589
0.001385212
0.001465559
0.001426458
0.001405716
0.001409769
0.001384497
0.001132488
0.001400709
0.001383305
0.001400471
0.001396179
0.001387119
0.001148224
0.002034903
0.001534462
0.001430273
0.001115561
0.001438379
0.001421690
0.001497746
0.001262426
0.001249790
0.001378775
0.001467466
0.001383781
0.001588345
0.001087666
0.001418352
0.001445532
0.001460314
0.001374245
0.001220465
0.001388073
0.001400232
0.001391172
0.001444817
0.001104355
0.001423359
0.001386881
0.001365423
0.001353502
0.001381397
0.001109838
0.002115965
0.001397610
0.001519442
0.001148939
0.001441717
0.001404524
0.001388311
0.001385450
0.001369476
0.001089334
0.001424074
0.001398087
0.001435757
0.001148224
0.001433372
0.001378536
0.001360655
0.001415253
0.001399279
0.001409531
0.001385450
0.001361847
0.001401901
0.001179934
0.001446962
0.001374483
0.001388788
0.001344204
0.001419306
0.002168894
0.001888275
0.001384020
0.001540184
0.001125813
0.001398325
0.001414061
0.001380920
0.001394987
0.001393080
0.001231909
0.001545191
0.001567841
0.001858711
0.001227379
0.001441240
0.001469135
0.001415014
0.001485586
0.001497984
0.003587246
0.001551151
0.001616001
0.001511335
0.001190186
0.001496553
0.001423597
0.001519918
0.001590252
0.001372814
0.001242638
0.001686335
0.001386166
0.001445293
0.001185179
0.001242161
0.001648188
0.001383543
0.001640558
0.001388550
0.001359940
0.001401901
0.001416683
0.001405716
0.001143456
0.001437902
0.001397133
0.001880407
0.001378059
0.001439571
0.001448631
0.001498461
0.001398325
0.001386642
0.001174212
0.001434565
0.001371384
0.001379251
0.001405954
0.001396894
0.001442671
0.002158642
0.001440048
0.001582623
0.001148224
0.001600742
0.001436472
0.001591921
0.001400709
0.001420498
0.001092196
0.001433372
0.001414061
0.001413107
0.001515627
0.001585722
0.001367807
0.001434803
0.001380205
0.001387119
0.001405001
0.001555681
0.001647234
0.001411200
0.001334429
0.001568079
0.001386166
0.001374245
0.001385927
0.001399040
0.001365423
0.002047062
0.001411676
0.001425028
0.001160622
0.001547337
0.001420259
0.001451015
0.001386404
0.001411200
0.001089573
0.001448393
0.001439095
0.001390457
0.001141310
0.001393557
0.001404285
0.001381636
0.001438379
0.001632929
0.001271009
0.001446962
0.001399040
0.001441717
0.001151800
0.001530409
0.001410723
0.001365900
0.001377106
0.001369715
0.001421928
0.002241135
0.001380444
0.001399040
0.001146317
0.001435518
0.001418829
0.001415968
0.002017975
0.001266956
0.001379013
0.001419544
0.001380682
0.001401663
0.001190424
0.001404047
0.001438141
0.001407385
0.001411200
0.001280069
0.001521587
0.001420736
0.001677036
0.001408100
0.001289129
0.001506090
0.001222134
0.001449585
0.001413345
0.001391888
0.001364708
0.002001047
0.001307249
0.001295090
0.001144409
0.001450539
0.001075029
0.001408100
0.001415014
0.001370430
0.001380682
0.001425743
0.001413345
0.001434326
0.001499414
0.001433849
0.001455545
0.001387835
0.001422405
0.001408100
0.001142502
0.001398325
0.001417398
0.001392126
0.001149893
0.001396656
0.001392126
