0.010992527
0.104248047
0.002413034
0.002627611
0.002138138
0.002430677
0.002636194
0.002268314
0.002593517
0.002471685
0.003319979
0.002390862
0.002663612
0.002449274
0.002435684
0.002460241
0.002440691
0.002443790
0.002433777
0.002620220
0.002487898
0.002729416
0.002769709
0.002351522
0.002356529
0.002541542
0.002342939
0.002563715
0.002498388
0.002714634
0.002398491
0.002438068
0.002529860
0.002398014
0.002453089
0.002445698
0.002323389
0.002048969
0.002291679
0.003765583
0.002288580
0.002377272
0.002259016
0.002422571
0.004202127
0.002972364
0.002215624
0.002688169
0.002268553
0.002393961
0.002460480
0.002400398
0.002406359
0.002003670
0.002471685
0.002727032
0.002346992
0.002325058
0.001869202
0.002263308
0.002166033
0.002648592
0.002188206
0.002040863
0.002410889
0.002204180
0.002285719
0.002401114
0.002552986
0.002056360
0.002166510
0.002204657
0.002253532
0.002093554
0.002093077
0.002427101
0.002467155
0.002797842
0.002529860
0.002207041
0.002520800
0.002974987
0.002406836
0.002298117
0.002187490
0.001750708
0.002258539
0.002611399
0.002387524
0.002702713
0.002441645
0.002093315
0.003327131
0.002396107
0.002440691
0.002458572
0.002234221
0.002464056
0.002173662
0.002415657
0.002180099
0.001928568
0.002045631
0.001796484
0.002101421
0.001757383
0.002276659
0.002642155
0.002454042
0.002803326
0.002640247
0.003838539
0.003245592
0.002517462
0.002717495
0.002233505
0.002468109
0.002435207
0.002707958
0.002497196
0.002550840
0.002489805
0.002491713
0.002636433
0.002964973
0.002375126
0.002391100
0.002407312
0.002693415
0.002331495
0.002411604
0.001995564
0.002757549
0.002347231
0.002522707
0.002351761
0.002376795
0.002538681
0.002380133
0.002396345
0.002487898
0.002534866
0.002356768
0.002365112
0.002289295
0.002340555
0.002347231
0.002272129
0.002237797
0.002349377
0.002343893
0.002203465
0.002497196
0.002340555
0.002542019
0.002329588
0.002708435
0.002341032
0.002431393
0.002225161
0.002395868
0.001827955
0.002346992
0.002338886
0.002340555
0.001943827
0.002039909
0.003365993
0.002039433
0.002760172
0.002416611
0.002101183
0.002632380
0.002378225
0.002470732
0.002365351
0.002575636
0.002546787
0.002609015
0.002403975
0.002558947
0.002105951
0.002445221
0.002459764
0.002723694
0.002658367
0.002624989
0.002953053
0.002630949
0.002511263
0.002497673
0.002632141
0.002783775
0.003050327
0.002784491
0.002661705
0.002849102
0.002440691
0.002645731
0.002483368
0.002429724
0.002178669
0.002846956
0.002487421
0.002799749
0.002490520
0.002488613
0.002460718
0.002438784
0.004153490
0.002457857
0.002416611
0.002707005
0.002509356
0.003292561
0.002261162
0.002740622
0.001744270
0.002487898
0.002548456
0.002410650
0.002400398
0.002541780
0.002458334
0.002425909
0.002526522
0.002411127
0.002586603
0.002331495
0.002238274
0.002393484
0.002459526
0.002502203
0.002774954
0.002480984
0.002532721
0.002574444
0.002466202
0.002510786
0.002505302
0.002497673
0.002382994
0.002509594
0.002436876
0.002797604
0.002400398
0.002542973
0.002721548
0.002942085
0.002441645
0.002460480
0.002462149
0.003490210
0.002728701
0.002482414
0.002787590
0.002259970
0.002254486
0.002261400
0.002356291
0.002431870
0.002769947
0.002476215
0.002407789
0.002906322
0.002429962
0.002356529
0.002520323
0.002563477
0.002503395
0.002546549
0.002513170
0.002475262
0.002477884
0.002561569
0.002538681
0.002442122
0.002513885
0.002411127
0.002850533
0.002452612
0.002530098
0.002821684
0.002464771
0.002425671
0.002497196
0.002554893
0.002442122
0.002448797
0.002435684
0.002442122
0.002419233
0.002450943
0.002782345
0.002399445
0.003045082
0.002542734
0.002649546
0.002499104
0.002344370
0.002912521
0.003666401
0.002455235
0.002479076
0.002481461
0.002461433
0.002536774
0.002482176
0.016657352
0.002506256
0.002480030
0.002535343
0.002642870
0.002881289
0.002492189
0.002742290
0.002734423
0.002462864
0.002461672
0.002514124
0.002828121
0.002478600
0.002487898
0.002539158
0.002511024
0.002430439
0.002449512
0.002383471
0.002299070
0.002533913
0.002340078
0.002378225
0.002386808
0.002750635
0.002411604
0.003103971
0.002730846
0.003005981
0.002310038
0.002533913
0.002304077
0.002151012
0.002393246
0.002322197
0.002451420
0.002475739
0.002529860
0.002696753
0.002465725
0.002574921
0.002367496
0.002778292
0.002465248
0.002482176
0.002494097
0.002405643
0.002475262
0.002480745
0.002494097
0.002465248
0.002352476
0.002414703
0.003202915
0.001985312
0.002542973
0.002491236
0.001939774
0.002381802
0.002361298
0.002825499
0.002320290
0.002314568
0.002607584
0.002482414
0.002451181
0.002055645
0.002243280
0.002755404
0.002311468
0.002500534
0.002988338
0.002842188
0.002318382
0.002911806
0.005289078
0.002541304
0.002720594
0.002525330
0.002491713
0.002431393
0.002394915
0.002538204
0.002468586
0.002399445
0.002596855
0.002547026
0.002936602
0.004044056
0.003624439
0.002975464
0.002468348
0.002539396
0.002418518
0.002374411
0.002114773
0.002514839
0.002801657
0.002698898
0.002396345
0.002583981
0.002368450
0.002605915
0.002549410
0.002462864
0.002760649
0.002532959
0.002235413
0.002898932
0.002455235
0.002454281
0.002627850
0.002444983
0.002546072
0.003062725
0.002700806
0.002740145
0.002575159
0.002509117
0.002512217
0.002559662
0.002517939
0.002706766
0.002688408
0.002532005
0.002528667
0.002398014
0.002455235
0.002496481
0.002461672
0.002754927
0.002522469
0.002410412
0.002521515
0.002038002
0.002783537
0.002427578
0.002478361
0.002382517
0.002487659
0.002203941
0.002610445
0.001899004
0.002353191
0.002564669
0.002475023
0.002456903
0.002545595
0.002522945
0.002439737
0.002968311
0.002521038
0.002562523
0.002599955
0.002465487
0.002789497
0.002832174
0.002379179
0.002568960
0.002523184
0.002495766
0.002583742
0.002993584
0.002526999
0.002464533
0.001985312
0.002474785
0.002443552
0.002541304
0.002475977
0.002408504
0.002489567
0.002748013
0.002428293
0.002539635
0.002497911
0.002519608
0.002566338
0.002830982
0.002799034
0.003014803
0.002580881
0.002475262
0.002634287
0.002784491
0.005051851
0.002463818
0.002483130
0.002248764
0.002446890
0.002507210
0.002455950
0.002450466
0.002374172
0.002159357
0.002571344
0.002451181
0.002008677
0.002385378
0.003448963
0.002375364
0.002478600
0.002410412
0.002384663
0.002992153
0.002568483
0.002004147
0.002479792
0.002103329
0.002433062
0.002327919
0.002366543
0.002443552
0.002529621
0.002613544
0.002759457
0.002390623
0.002494097
0.002423286
0.002671719
0.002418518
0.002484083
0.002424240
0.002348900
0.002597809
0.002347708
0.002451658
0.002022982
0.002274990
0.002276659
0.002276182
0.002343178
0.002278805
0.002355337
0.002283812
0.002489567
0.002637863
0.002354860
0.002594948
0.002703905
0.001908064
0.002865553
0.002982855
0.002293110
0.002289772
0.002392769
0.002357483
0.002453566
0.002702475
0.002766132
0.002295971
0.002019882
0.002305269
0.002347708
0.002619267
0.002393484
0.002636194
0.002110958
0.002566814
0.003095150
0.002314091
0.002300739
0.002623320
0.002300501
0.001973867
0.002341270
0.002311707
0.002081156
0.002900124
0.002692938
0.002592325
0.002384424
0.002396822
0.002382994
0.002660513
0.002408981
0.002498865
0.002056360
0.002391338
0.002635479
0.002471924
0.002345324
0.002488613
0.002376556
0.002536535
0.002982855
0.002318144
0.002469540
0.002377033
0.002422810
0.002419472
