0.067269802
0.205188990
0.004224062
0.004000902
0.004569769
0.004073143
0.004037380
0.005318642
0.004219770
0.003756762
0.004575014
0.004385233
0.004509449
0.004074097
0.004053831
0.003948450
0.004926443
0.004594564
0.004685879
0.003786087
0.003629208
0.004065752
0.004248857
0.004154921
0.005438566
0.004507780
0.004123926
0.003924131
0.004549503
0.004414320
0.004307270
0.004556417
0.004230261
0.004278660
0.007209539
0.004333258
0.006509304
0.007982969
0.006368637
0.006247759
0.005595684
0.005577087
0.005770206
0.004294157
0.004546642
0.007620811
0.006555080
0.005983829
0.005100727
0.005105734
0.005335093
0.004102707
0.005235672
0.006624937
0.004689217
0.006085157
0.007641315
0.004139423
0.008160830
0.004148960
0.004627943
0.012571096
0.004234791
0.003907919
0.005546093
0.007292271
0.006574154
0.005434275
0.004024267
0.004314661
0.010735989
0.004445314
0.003681660
0.005173206
0.007967949
0.004289627
0.006256104
0.006306410
0.004132748
0.004239559
0.005270481
0.004526377
0.004520655
0.004255772
0.004535675
0.004266024
0.004994392
0.004102945
0.004667282
0.004226446
0.003679991
0.004545689
0.004322290
0.004251719
0.004662275
0.004131079
0.004184008
0.005113125
0.004484653
0.004206657
0.004644394
0.005269527
0.004740000
0.004369736
0.004361868
0.004628897
0.004245281
0.004616976
0.004114628
0.003906965
0.004577160
0.005106926
0.004016638
0.003916502
0.004683018
0.004573822
0.006586790
0.004710197
0.005131245
0.004302263
0.005038500
0.006211758
0.005952597
0.003869295
0.006991148
0.004712105
0.006814718
0.005405903
0.005525589
0.004212379
0.004493237
0.007361174
0.005342007
0.006629944
0.004573822
0.005671978
0.006532431
0.007145882
0.004590034
0.004617691
0.006822348
0.006485939
0.006395340
0.004258871
0.006117582
0.007070065
0.008107185
0.006060839
0.007363796
0.006105423
0.007504463
0.004638195
0.004720926
0.005480528
0.004224300
0.006533623
0.005549669
0.006359339
0.005221605
0.004173040
0.006376505
0.004042149
0.004796028
0.003818035
0.005866528
0.005136013
0.005038738
0.008335829
0.005913019
0.003742695
0.005111456
0.004579067
0.004342079
0.005076885
0.004959106
0.003800631
0.006325245
0.004939079
0.004393578
0.004654884
0.005910397
0.005166054
0.004992247
0.005714178
0.006567955
0.004253149
0.005752802
0.005969286
0.004950285
0.005054712
0.005134106
0.003915310
0.003871441
0.005142212
0.004039526
0.005816221
0.005443335
0.004543781
0.004635334
0.005112410
0.004778862
0.003855944
0.004281282
0.004384041
0.005049706
0.004698992
0.004063129
0.005080938
0.004671812
0.004098654
0.006149769
0.004808426
0.004187822
0.003931046
0.004970312
0.005263805
0.004242897
0.004388809
0.005159616
0.003957510
0.004479408
0.004568338
0.004210711
0.004396200
0.004689455
0.004110336
0.004201889
0.004243851
0.005277872
0.005438089
0.004182577
0.004446268
0.004287481
0.003824472
0.004477739
0.004324675
0.004472017
0.004599333
0.004571438
0.004560232
0.003908396
0.004633904
0.004250526
0.004593849
0.004690170
0.004941225
0.004099131
0.003812551
0.004197121
0.004069090
0.004055262
0.004500389
0.003929853
0.003830671
0.004541159
0.006236792
0.004758358
0.005274773
0.005705118
0.005268335
0.004726171
0.005172491
0.004125357
0.005208969
0.003796339
0.004844427
0.004266262
0.005227089
0.004564285
0.003945112
0.005172729
0.004960537
0.005332708
0.013978958
0.007790565
0.006630898
0.006116629
0.005993366
0.004344702
0.005936384
0.005562782
0.005036831
0.008639812
0.004986763
0.004077435
0.006031036
0.005112171
0.004835606
0.004566193
0.004526138
0.006038189
0.004856586
0.005109787
0.004131317
0.005660057
0.003993988
0.004455328
0.004228115
0.004559517
0.003817320
0.004146099
0.004234552
0.004166126
0.004170895
0.004194260
0.004134655
0.007727623
0.004222393
0.004643917
0.004314423
0.004889250
0.005235434
0.004212618
0.004956484
0.004783869
0.006384611
0.004381418
0.005415916
0.004105330
0.004360199
0.004430771
0.004388094
0.004870176
0.005330324
0.007745743
0.006213427
0.004143476
0.005590677
0.005532265
0.004214287
0.005399227
0.005941153
0.003811121
0.007228136
0.009236097
0.008258581
0.005424976
0.004478455
0.005443811
0.005479574
0.005535126
0.006530046
0.005340099
0.006429195
0.007363558
0.005412340
0.005654812
0.006609917
0.006683588
0.005149126
0.004071712
0.005030632
0.005735397
0.006774426
0.005886316
0.006768465
0.007369757
0.009574890
0.004413605
0.003756762
0.004176378
0.003786802
0.004798412
0.004157305
0.004194736
0.008101463
0.004767179
0.006628275
0.007472992
0.006022215
0.005847216
0.003935337
0.005225420
0.006447077
0.004910469
0.006632566
0.004014492
0.004971743
0.006580591
0.006793261
0.004359007
0.004207850
0.005372286
0.004239321
0.006933928
0.006331444
0.004198790
0.004666567
0.004943609
0.004797220
0.004892349
0.004558563
0.004906654
0.006187677
0.006035566
0.004595280
0.006522179
0.008201361
0.003686190
0.004711866
0.004228115
0.004271269
0.003966093
0.006139994
0.004385233
0.004625082
0.004261971
0.004675150
0.004101276
0.005982637
0.004311562
0.004019022
0.004021883
0.004025459
0.004034996
0.005135775
0.004299164
0.003955603
0.004081249
0.004074812
0.004331589
0.004999399
0.004607439
0.004603386
0.004098177
0.004666328
0.005913258
0.004049778
0.005440712
0.004846573
0.004759073
0.004303217
0.004206181
0.004683733
0.004344940
0.004549265
0.004817963
0.003937960
0.004495859
0.003963709
0.003930330
0.005039454
0.005103827
0.004705906
0.004519224
0.004615068
0.004592657
0.004549503
0.004185200
0.004194736
0.005468369
0.004221201
0.004032850
0.003686428
0.004661083
0.004583597
0.004074097
0.004605055
0.004243135
0.003913403
0.004191399
0.003863811
0.004149437
0.004151106
0.004150391
0.004221439
0.004516125
0.004662514
0.004383087
0.004502773
0.004034042
0.004136086
0.004750967
0.004727364
0.003847599
0.004405022
0.004811287
0.004836798
0.004254580
0.004919767
0.004887581
0.009956360
0.007962227
0.004068136
0.007889509
0.003971815
0.006555080
0.005980968
0.004083633
0.006964922
0.012696028
0.004018784
0.004120827
0.006556511
0.004951715
0.004528522
0.004076719
0.010892153
0.005012512
0.009946108
0.005039215
0.004058123
0.008203745
0.004180431
0.004458666
0.004311800
0.004620552
0.004136086
0.004227161
0.004264832
0.004331589
0.004535913
0.003410101
0.003613949
0.005369425
0.003717661
0.004217625
0.004317284
0.004141092
0.004266262
0.004224300
0.004287243
0.004123449
0.003656387
0.003384829
0.004046202
0.004454136
0.004964590
0.004740953
0.003561258
0.004446507
0.003824711
0.003841877
0.003413916
0.003584862
0.005221367
0.004644632
0.004616022
0.003734589
0.004346371
0.003959656
0.005091429
0.003906727
0.003877401
0.004347563
0.003846169
0.003781319
0.004149914
0.004081488
0.003479719
0.003844976
0.003929615
0.004461050
0.004301071
0.003773689
0.004789591
0.004057884
0.004166603
0.004177332
0.003833055
0.003797054
0.003728867
0.004077435
0.003711462
0.003985882
0.004475832
0.004235268
0.004650831
0.004251957
0.004165173
0.003474951
0.004409075
0.004054546
0.003389835
0.003894091
0.003791332
0.004800797
0.005697250
0.004143476
0.004928350
0.005336285
0.004117727
0.003878117
0.004124403
0.006565809
0.004404306
0.004138231
0.004695654
0.004596233
0.004009724
0.004402637
0.004551649
0.003842831
0.005310535
0.003742933
0.004212856
0.004232168
0.004570484
0.004958391
0.004415989
