0.086032152
0.001375914
0.001498461
0.001464844
0.001481056
0.001456976
0.001477003
0.001123667
0.002095699
0.001208782
0.001408100
0.001419544
0.001470089
0.001435041
0.001302481
0.001432896
0.001419306
0.001121759
0.001473904
0.001455069
0.001426458
0.001394749
0.001422405
0.001461267
0.001441240
0.001752138
0.001253128
0.001090288
0.001376867
0.001325607
0.001420021
0.001392365
0.001231670
0.001330853
0.001441956
0.001439095
0.001429081
0.001137257
0.001307011
0.001428604
0.001431227
0.001417398
0.001415253
0.002480507
0.001217127
0.001408815
0.001415253
0.001137018
0.001395226
0.001407385
0.001320601
0.001400232
0.001391172
0.001133680
0.001432896
0.001669884
0.001235485
0.001616716
0.001429081
0.001457930
0.001403809
0.001393318
0.001318693
0.001226425
0.001436949
0.001414776
0.001471281
0.001955509
0.001300335
0.001397371
0.001415730
0.001601696
0.001242161
0.001251936
0.001168966
0.003029346
0.001401186
0.001456499
0.001408339
0.001453400
0.001431704
0.001382828
0.001648426
0.001244068
0.001475573
0.001444817
0.001447916
0.001419067
0.001444340
0.001399040
0.001416206
0.001653910
0.001417398
0.001959085
0.001441479
0.001610041
0.001591682
0.001762152
0.001398325
0.001365900
0.001438379
0.001285076
0.001397848
0.001268625
0.001260042
0.001416922
0.001399994
0.001229525
0.001282692
0.001433611
0.001408339
0.001408100
0.001414537
0.001039743
0.001250029
0.001430511
0.001256943
0.001291990
0.001444578
0.001303196
0.001439333
0.001384735
0.001139164
0.001244068
0.001394510
0.001422644
0.001410723
0.001295328
0.001431227
0.001257896
0.001261950
0.001435280
0.001260281
0.001671791
0.001697063
0.001403093
0.002053022
0.001425982
0.001402617
0.001437902
0.001402617
0.001277685
0.001270533
0.001270533
0.001415730
0.001513958
0.001322508
0.001592636
0.001443624
0.001228094
0.001408577
0.001411915
0.001405478
0.001289606
0.001417160
0.001420259
0.001422405
0.001281500
0.001437902
0.001432896
0.001426697
0.001214743
0.001411438
0.001288652
0.001217365
0.001420498
0.001285553
0.001448154
0.001306534
0.001280069
0.001285076
0.001174450
0.001226664
0.001303673
0.001439810
0.001243830
0.001292467
0.001309395
0.001721621
0.001433372
0.001293659
0.001236677
0.001321316
0.001282215
0.001340628
0.001320124
0.001258612
0.001395941
0.001300097
0.001315594
0.001305819
0.001125813
0.001751900
0.001320124
0.001241684
0.001229763
0.001318455
0.001306534
0.001432419
0.001626968
0.001209974
0.001112938
0.001310825
0.001315117
0.001456499
0.001317739
0.001130819
0.001302242
0.001285315
0.001315117
0.001338959
0.001763821
0.001319170
0.001262903
0.001317739
0.001267433
0.001319408
0.001339674
0.001468182
0.001206636
0.001248360
0.001772404
0.001250505
0.001251459
0.001243353
0.001261950
0.001222372
0.001450539
0.001332521
0.001320362
0.001224279
0.001279354
0.001336098
0.001276493
0.001330614
0.001639605
0.001336098
0.001257658
0.001250505
0.001235962
0.001252174
0.001234055
0.001245022
0.001432896
0.001267910
0.001358509
0.001247406
0.001290560
0.001255512
0.001652002
0.001260757
0.001233816
0.001274586
0.001280785
0.001228094
0.001530409
0.001494169
0.001262903
0.001280069
0.001663446
0.001243353
0.001255274
0.001254082
0.001285553
0.002068281
0.001291990
0.001616001
0.001238108
0.001289368
0.001307011
0.001254559
0.001242161
0.001266479
0.001274347
0.001527071
0.002109289
0.001512289
0.001630306
0.001394510
0.001537323
0.001392841
0.001363039
0.001256466
0.001266718
0.001374006
0.001684189
0.001257420
0.001261234
0.001263618
0.001261473
0.001258612
0.001148462
0.001267672
0.001441002
0.001309872
0.001270294
0.001422167
0.001263857
0.001274824
0.001271963
0.001312971
0.001248598
0.001132250
0.001275539
0.001271963
0.001194954
0.001846790
0.001285315
0.001557589
0.001278639
0.001289368
0.001394033
0.001284361
0.001314163
0.001257658
0.001679182
0.001171350
0.001713037
0.001289845
0.001990557
0.001207829
0.001293421
0.001285791
0.001288176
0.001329184
0.001312256
0.001162529
0.001286030
0.001264334
0.001290798
0.001269579
0.001276016
0.001561165
0.001342058
0.001282215
0.001392365
0.001251221
0.001302958
0.001263618
0.001716614
0.001246929
0.001270056
0.001296759
0.001263380
0.001241684
0.001280785
0.001662016
0.001295567
0.001304150
0.001763821
0.001277685
0.001304865
0.001310587
0.001351833
0.001299620
0.001309395
0.001230717
0.001312494
0.001142025
0.001313210
0.001296997
0.001303196
0.001150131
0.001286745
0.001360893
0.001298904
0.001155376
0.001285315
0.001315117
0.001279593
0.001309872
0.001161098
0.001236677
0.001298189
0.001348734
0.001563787
0.001163244
0.001294374
0.001310349
0.001315832
0.001240730
0.001325846
0.001102924
0.001294136
0.001378536
0.001300812
0.001250744
0.001326799
0.001654387
0.001302481
0.001280546
0.001259089
0.001982212
0.001185894
0.001294136
0.001274586
0.001270056
0.001077175
0.001171827
0.001225471
0.001248360
0.001494884
0.001380205
0.001832962
0.002116919
0.001335859
0.001147747
0.001347542
0.001201868
0.001276255
0.001264334
0.001105547
0.001271963
0.001399279
0.001351118
0.001274586
0.001276493
0.001463652
0.001271963
0.001285076
0.001275301
0.001276970
0.001147509
0.001283646
0.001427174
0.001280546
0.001281261
0.001286983
0.001287460
0.001287460
0.001283646
0.001286030
0.001285791
0.001387835
0.002251863
0.001287222
0.001145363
0.001286507
0.001298666
0.001372337
0.001137018
0.001295805
0.001113653
0.001299620
0.001290321
0.001298666
0.001291513
0.001299143
0.001613617
0.001159191
0.001354933
0.001240253
0.001297712
0.001421452
0.001382828
0.001841068
0.001619577
0.001461506
0.001302481
0.001490593
0.001304150
0.001305819
0.001366138
0.001312733
0.002483845
0.001374960
0.001299143
0.001418114
0.001375198
0.001317263
0.001306534
0.001312733
0.001363993
0.001762629
0.001356840
0.001402378
0.001380682
0.001704216
0.001690149
0.001389742
0.001385927
0.001388788
0.001148701
0.001324415
0.001319170
0.001368046
0.001320601
0.001670599
0.001395226
0.001364946
0.001140594
0.001395226
0.001325369
0.001464605
0.001959324
0.001334667
0.001325846
0.001389265
0.001327276
0.001329660
0.001376152
0.001364231
0.001109600
0.001335859
0.001323700
0.001343966
0.001379967
0.001340866
0.001124144
0.001415491
0.001409054
0.001399040
0.001378775
0.001407623
0.001342058
0.001402617
0.001373768
0.001520157
0.001158714
0.001380205
0.002307415
0.001396418
0.001152039
0.001393080
0.002388477
0.001391888
0.001395941
0.001419306
0.001424313
0.001358747
0.001378775
0.001469135
0.001371622
0.001614809
0.001350403
0.001402855
0.001398802
0.001418352
0.001099825
0.001373529
0.001356125
0.001102686
0.001383543
0.001392841
0.001388788
0.001379013
0.001392841
0.001382828
0.001293421
0.001366138
0.001348972
0.001395702
0.001404524
0.001377583
0.001768112
0.001350641
0.001117229
0.001413345
0.001412630
0.001493692
0.001358032
0.001374006
0.001402617
0.001398563
0.001314878
0.001271248
0.001122952
0.001355410
0.001344204
0.001241684
0.001403809
0.001409054
0.001374483
0.001227856
0.001379728
0.001382828
0.001117706
0.001391888
0.001352787
0.001386166
0.001377821
0.001380920
0.001138210
0.001385689
0.001904249
0.001397848
0.001392603
0.001406193
0.000991106
0.001129627
0.001392126
0.001388788
0.001428366
0.001386166
0.001377344
0.001724005
0.001383066
0.001373053
0.001234293
0.001227856
