0.371106386
0.093657494
0.052009106
0.065835953
0.039676666
0.045218468
0.047729492
0.051264048
0.063493967
0.067250490
0.055834055
0.060670376
0.049168587
0.054018021
0.054126740
0.052181959
0.065770149
0.062011242
0.070882320
0.039396286
0.064601421
0.058473825
0.046048403
0.041811943
0.062999249
0.042620659
0.058958292
0.042582035
0.044442415
0.058277607
0.053606987
0.053389549
0.042233944
0.047165632
0.040466309
0.045881033
0.055232525
0.063934803
0.077104330
0.050867319
0.066579103
0.058105707
0.057389975
0.058050871
0.053142548
0.063120365
0.052175999
0.063130140
0.082055569
0.054721355
0.055760622
0.071188927
0.045722485
0.042469025
0.056620598
0.053704977
0.063929558
0.051978111
0.042409897
0.059181452
0.075260639
0.054769516
0.043057919
0.042634726
0.056830406
0.086542368
0.050680399
0.057937860
0.048460245
0.050458908
0.052956104
0.052696228
0.043706656
0.045856237
0.062576056
0.061417341
0.078094721
0.045774937
0.074384928
0.050241947
0.051081896
0.054344654
0.040727854
0.046810865
0.046347380
0.047704458
0.044098377
0.048913717
0.051077604
0.044664621
0.063795805
0.081820011
0.089764118
0.069705248
0.048612118
0.042397976
0.068532228
0.055515766
0.068913698
0.055031538
0.053340912
0.048786640
0.047983408
0.052799225
0.054568529
0.063438892
0.067397356
0.046036243
0.073020935
0.076874971
0.043146372
0.041729689
0.068901300
0.052681446
0.041201830
0.053874254
0.061931133
0.061011553
0.049823761
0.046905756
0.041789532
0.044676304
0.055586100
0.059944868
0.057286501
0.056840658
0.047703028
0.064473391
0.051328659
0.063737869
0.065438271
0.045542240
0.054053068
0.058431625
0.049535275
0.050371885
0.068132401
0.064095020
0.048314810
0.058669090
0.045622826
0.048884869
0.052027941
0.047997475
0.085623026
0.081925631
0.099671602
0.065738440
0.060894251
0.082222462
0.081428528
0.070812225
0.080223322
0.064781427
0.080732107
0.049907923
0.062029839
0.055072069
0.059885025
0.041472197
0.061449051
0.047266722
0.052400589
0.062597036
0.062508583
0.046470881
0.048451185
0.074823141
0.043352127
0.056508541
0.051308155
0.052547455
0.040752172
0.039838314
0.049554825
0.047708988
0.064714670
0.047965527
0.054594517
0.051846504
0.065424442
0.059334040
0.049863100
0.056497574
0.064145803
0.039487123
0.057852030
0.066004515
0.050493002
0.069270849
0.055597782
0.060906172
0.045740128
0.052762985
0.066770077
0.040410995
0.060315132
0.055248022
0.042097569
0.049083948
0.052975655
0.042057753
0.058850527
0.062673092
0.057246208
0.055590868
0.049395084
0.063638449
0.043807745
0.055011034
0.061105013
0.046025276
0.043648720
0.046463966
0.051006794
0.052801371
0.046248198
0.048086166
0.056056976
0.043028831
0.055352211
0.061167002
0.050512314
0.069565296
0.049339533
0.053795815
0.055983067
0.059325933
0.061133623
0.050060272
0.059842587
0.045137644
0.045975924
0.041760206
0.052352905
0.043370724
0.047931910
0.049497128
0.056724310
0.050321102
0.050769567
0.059289694
0.050397158
0.049968004
0.050321102
0.045737028
0.042233229
0.052748442
0.042798996
0.057467699
0.055550814
0.049855947
0.056836128
0.048826694
0.046274185
0.042346239
0.047402620
0.049193382
0.046158314
0.056277752
0.045593023
0.047319174
0.045873642
0.047016859
0.050888777
0.056570053
0.056858778
0.053275824
0.050995350
0.047797203
0.063549280
0.065621376
0.049818754
0.050611734
0.056491375
0.051895142
0.047130346
0.044876575
0.046544313
0.048635483
0.052333355
0.053168297
0.047389984
0.044769287
0.065878630
0.057241678
0.062386751
0.057728767
0.056261539
0.042929411
0.053556681
0.062868595
0.052376509
0.044625759
0.045114040
0.045053482
0.057121515
0.041922092
0.045052767
0.050606251
0.060434103
0.045237541
0.050297022
0.063378334
0.045063257
0.052412987
0.048768520
0.050208092
0.047066212
0.056154490
0.051149845
0.053145409
0.046189070
0.052240849
0.044788599
0.047201633
0.048843861
0.044512749
0.051451206
0.054926634
0.042318583
0.043896914
0.040979385
0.050161123
0.045271158
0.049537897
0.043229818
0.068535089
0.053988934
0.050828457
0.042680979
0.051879883
0.043428898
0.055322170
0.052341938
0.042247295
0.060593367
0.061442614
0.049251795
0.047060728
0.047317505
0.048340082
0.045894623
0.058789492
0.054844141
0.078935623
0.049463034
0.066828728
0.057447433
0.054282904
0.045000315
0.061700344
0.051202297
0.046731234
0.044255495
0.057671070
0.046500206
0.049544573
0.063369036
0.058362007
0.050434589
0.059430361
0.057490110
0.058497190
0.040433645
0.066335678
0.056564093
0.061564684
0.059519529
0.068668365
0.074376583
0.045166731
0.055278063
0.083001375
0.067962170
0.064716578
0.072727442
0.061187267
0.052011251
0.055181265
0.050306320
0.057616234
0.050371170
0.051716328
0.052872896
0.057885885
0.058928490
0.049287796
0.040537596
0.045408010
0.058508635
0.057359457
0.072344065
0.060962439
0.053333044
0.063335896
0.058646679
0.052414179
0.066315413
0.051359892
0.046864510
0.053110361
0.053171158
0.055557489
0.047987938
0.055075645
0.065364838
0.051458836
0.056798458
0.044045210
0.044335842
0.047603369
0.070039034
0.059824467
0.047836781
0.052424431
0.050588608
0.059926748
0.048754454
0.045222282
0.060908556
0.049342632
0.051067352
0.045262814
0.046893120
0.061477661
0.040078878
0.050961256
0.043541908
0.057525635
0.052752256
0.050107479
0.058499575
0.053805828
0.051395893
0.059666157
0.059859991
0.042573929
0.064490557
0.060447454
0.048757076
0.047107697
0.064311981
0.039172173
0.054505348
0.069600105
0.051685572
0.049696207
0.057411194
0.055970907
0.050840855
0.060546875
0.052594900
0.041877985
0.051474094
0.065785885
0.050775528
0.068284988
0.040285349
0.051768541
0.064088106
0.049658775
0.054080725
0.058935404
0.039096355
0.056952953
0.043700218
0.048903704
0.050342083
0.061989307
0.043869495
0.060348511
0.052782297
0.058413267
0.047873735
0.082401514
0.062919617
0.041544199
0.042126656
0.047100544
0.053829908
0.051713943
0.052847624
0.054749250
0.081478119
0.060345411
0.056709051
0.062600374
0.046659231
0.061865330
0.047626972
0.064480066
0.051189423
0.044108152
0.053123713
0.052436829
0.050297260
0.063479900
0.056516409
0.048439503
0.045752287
0.057918787
0.053604364
0.044415951
0.047105074
0.047244310
0.061766386
0.045763969
0.052279949
0.050070286
0.056866407
0.044145584
0.054481983
0.053750038
0.055358887
0.063012123
0.050686359
0.066822767
0.080581427
0.057542801
0.049465179
0.064159632
0.047569275
0.057128191
0.045215130
0.044253826
0.050441265
0.048608065
0.051129103
0.053641319
0.060732365
0.052663803
0.055905819
0.055144310
0.042956352
0.056015253
0.059711218
0.053609610
0.041507959
0.057020187
0.050887108
0.043441296
0.050511837
0.051138401
0.055423021
0.056453466
0.050553799
0.081377268
0.068860054
0.044278860
0.046174765
0.050701618
0.049058199
0.042197227
0.052318573
0.048708200
0.043705463
0.069372177
0.054811478
0.041821718
0.057332039
0.065896749
0.053728819
0.056217194
0.055374861
0.048583746
0.049474001
0.039748669
0.050861597
0.044939518
0.062344074
0.051033258
0.045357704
0.053502321
0.053323507
0.058077335
0.044007301
0.050094366
0.040517807
0.054145575
0.057309151
0.046126842
0.048828363
0.048652887
0.056207895
0.047555923
0.061118603
0.049928427
0.067310095
0.065518618
0.076553106
0.088668108
0.117834091
0.087065458
0.134926081
0.080636978
0.088501215
0.083305836
0.124441624
0.093218565
