1.748332024
0.006276846
0.007531643
0.009079456
0.007266283
0.006657600
0.006302595
0.007257462
0.006043911
0.006661177
0.006583929
0.006150007
0.006109476
0.006491661
0.006408215
0.006203413
0.009318113
0.006839991
0.006369829
0.007273436
0.006139517
0.006679535
0.007179260
0.006427526
0.007279396
0.007341862
0.007008076
0.006715059
0.006470680
0.006784916
0.005913973
0.006513357
0.008478165
0.006109715
0.006415367
0.005904198
0.008506536
0.006640673
0.006311893
0.006451845
0.006385565
0.006233692
0.008262634
0.007988930
0.009106874
0.007603645
0.007338524
0.007802010
0.006220341
0.006268263
0.007065535
0.007696152
0.008751154
0.006216288
0.007802248
0.007160664
0.006112814
0.007625818
0.006882668
0.006288528
0.006428242
0.006648779
0.006106138
0.006745338
0.006390810
0.006278992
0.006091833
0.006277323
0.007141113
0.005961657
0.009331942
0.006450891
0.006334543
0.006935596
0.006339788
0.007044554
0.007299423
0.006575823
0.011390209
0.006578445
0.006795406
0.007105112
0.006302357
0.006454468
0.006243467
0.006488800
0.006426573
0.006239653
0.006394625
0.006955624
0.006318808
0.007017851
0.007397652
0.006577015
0.007191420
0.006567478
0.006549358
0.006443977
0.006416798
0.006295443
0.005877495
0.006264925
0.008668661
0.006454229
0.006167412
0.006488562
0.006174326
0.006383896
0.007525921
0.006519794
0.006505251
0.008873224
0.006381989
0.006838799
0.006254196
0.005915165
0.007394075
0.006636143
0.006063461
0.006352901
0.006390095
0.006502628
0.006234169
0.006289005
0.006710529
0.006763935
0.006525517
0.008095026
0.006419659
0.006694555
0.006228209
0.007217169
0.006242752
0.006485701
0.006902218
0.007334948
0.006889820
0.006675005
0.006353378
0.007015467
0.006274462
0.006631136
0.010419130
0.006050587
0.006757259
0.006691694
0.006355047
0.006200790
0.006414652
0.006378412
0.006459951
0.006166458
0.006455421
0.006796598
0.006856918
0.006546736
0.006743670
0.006587029
0.006388426
0.007011175
0.006418943
0.007564545
0.006335735
0.006327391
0.005949497
0.006629229
0.006121159
0.006898880
0.005759239
0.007602215
0.006263733
0.006088018
0.006835222
0.006289482
0.006068707
0.006602049
0.006397724
0.006899834
0.007389307
0.007272243
0.006397009
0.006247044
0.006278276
0.006367445
0.007672310
0.007006168
0.008498192
0.006546974
0.006385326
0.006496668
0.006358624
0.006425381
0.006059170
0.007399559
0.006484747
0.006489277
0.007645130
0.006712675
0.006328821
0.006407976
0.006327629
0.006558418
0.006714106
0.006026745
0.007125854
0.007382870
0.006219387
0.006462336
0.006256104
0.007043362
0.007322550
0.007022381
0.006402016
0.006267786
0.007700682
0.006069899
0.006137848
0.006232500
0.006425381
0.006706476
0.006673336
0.006598473
0.007034779
0.006305933
0.006593466
0.006996632
0.005827665
0.008536339
0.006397009
0.006254911
0.006129265
0.006559610
0.005879402
0.006189585
0.006234169
0.006429195
0.006084919
0.006437302
0.006667376
0.006259203
0.006267071
0.006596327
0.006432533
0.006304979
0.007468939
0.006561756
0.006277323
0.007047653
0.006772757
0.006280899
0.006610632
0.006671906
0.006449699
0.006924152
0.006278276
0.006344795
0.007126570
0.006570578
0.006384850
0.007638454
0.006488323
0.006622314
0.006303787
0.008523941
0.007234097
0.006396532
0.006364107
0.008118868
0.006219625
0.006621599
0.006376743
0.006294250
0.006420612
0.006792068
0.006418943
0.006346941
0.006330729
0.006081104
0.006862402
0.006195545
0.007426977
0.007910967
0.006247282
0.007003307
0.006616354
0.006414175
0.007096052
0.007852316
0.006377935
0.006713629
0.006225586
0.006923437
0.006944895
0.006964922
0.006482124
0.007184505
0.006780863
0.006488562
0.006497383
0.006183386
0.006469011
0.006827116
0.006001472
0.006208897
0.006386518
0.007290602
0.006053209
0.007773876
0.006291628
0.006547689
0.006711245
0.006339312
0.006279945
0.006217003
0.006313324
0.006009340
0.006280661
0.006380558
0.006145000
0.006646395
0.005842686
0.009033918
0.006235361
0.006579876
0.006674528
0.006665945
0.006560087
0.008254766
0.006696463
0.009017229
0.006969929
0.006346226
0.006813288
0.006943941
0.006526709
0.007226706
0.006495953
0.006468296
0.006418705
0.006747723
0.005804062
0.006463051
0.006248236
0.007349014
0.006117821
0.006547689
0.005958796
0.006086349
0.007300138
0.007416487
0.006052017
0.006659508
0.006226063
0.006363630
0.006340265
0.007180691
0.007744789
0.007760286
0.007335186
0.008126259
0.006721497
0.008252144
0.008036137
0.006781101
0.007777929
0.008182287
0.005960941
0.006340027
0.006649017
0.006382942
0.006406546
0.006255388
0.006414890
0.007000208
0.007798672
0.009275436
0.006495237
0.006198168
0.007596970
0.006467104
0.006643534
0.006453753
0.006494284
0.008577585
0.006487846
0.006362677
0.005999565
0.006049633
0.006145239
0.006514311
0.006923199
0.006541491
0.006836653
0.009800196
0.006056309
0.006255388
0.006424427
0.006402493
0.006472588
0.006400824
0.006010056
0.007868767
0.006441593
0.011355400
0.006930828
0.006219387
0.006278753
0.006250620
0.007541895
0.006385565
0.006309748
0.011930466
0.009726286
0.006390333
0.008865118
0.006723166
0.006412029
0.007013083
0.006673336
0.006246567
0.006321430
0.006537199
0.009276152
0.006194353
0.006418705
0.006273508
0.006446362
0.006519556
0.006333351
0.006548882
0.006372690
0.006355047
0.006256580
0.006963730
0.006908178
0.007234573
0.005941868
0.006073713
0.006132126
0.006404877
0.006434679
0.006732225
0.006503105
0.006317616
0.006370306
0.006640434
0.006487846
0.006535053
0.006259203
0.006280422
0.006261349
0.006444931
0.006184340
0.006392479
0.006248474
0.006866455
0.006357193
0.007172346
0.006472826
0.006509066
0.007863760
0.006416082
0.006751060
0.006549835
0.006644964
0.007918596
0.006330729
0.006384850
0.006140947
0.006256342
0.006635427
0.009229660
0.007619858
0.008996487
0.006743193
0.006948948
0.006137848
0.008624554
0.007077217
0.006780624
0.005879641
0.006604433
0.006330729
0.011442423
0.007760525
0.006714821
0.006589174
0.007678986
0.006500483
0.006568670
0.006380320
0.008585691
0.007698059
0.006279945
0.006622314
0.005972624
0.006098032
0.006154299
0.006097794
0.006438732
0.006360292
0.006465673
0.007215738
0.006712198
0.006393671
0.006376266
0.006312370
0.006588936
0.006381273
0.006211519
0.006512165
0.006327629
0.006288528
0.006659031
0.006263733
0.006337404
0.006734371
0.006546259
0.007900715
0.006654263
0.007194996
0.006347895
0.006947279
0.007765055
0.006442308
0.006456137
0.006127834
0.006671906
0.006327391
0.006264448
0.006346703
0.007108688
0.006119251
0.006222486
0.005760193
0.006039143
0.006679058
0.009492874
0.006477594
0.007922173
0.006655693
0.007185221
0.006505728
0.006783962
0.006590843
0.007585526
0.006218910
0.007415771
0.006803751
0.006309509
0.005965233
0.006372929
0.006163120
0.006181717
0.006344080
0.006387949
0.006819487
0.007757902
0.007331610
0.006834984
0.006163836
0.012503147
0.006600380
0.006476879
0.006524801
0.006155014
0.006678820
0.006040096
0.006564617
0.006164074
0.006735086
0.006099701
0.007234335
0.006294489
0.006203175
0.006203413
0.006410360
0.006459475
0.006491661
0.006277800
0.006287575
0.005982161
0.006373167
0.006361485
0.006313562
0.006482840
0.006422997
0.006354809
0.010301352
0.006999731
0.006383657
0.006212234
0.005700111
0.006575108
0.006701231
0.007330656
0.006386280
0.007484913
0.007209778
0.008040667
