0.019505739
0.206514120
0.203811169
0.206506014
0.100839138
0.001882792
0.002033949
0.001773119
0.002213955
0.001787424
0.001985312
0.001763105
0.001924992
0.002664089
0.002190351
0.002179384
0.001861572
0.002462626
0.002234936
0.001997232
0.002118349
0.002089024
0.001793623
0.002063274
0.002129078
0.001807213
0.002228022
0.002186298
0.002149820
0.001984835
0.002006531
0.001940012
0.002302885
0.002072334
0.002088547
0.002028704
0.002077818
0.002017498
0.002102375
0.001830816
0.002062559
0.002034426
0.002043247
0.002094030
0.002069950
0.001810074
0.003078222
0.002158880
0.002064228
0.002120018
0.002127171
0.001818180
0.001962185
0.001805067
0.002037764
0.001723766
0.001801491
0.001713037
0.002098560
0.001773834
0.002090931
0.002054214
0.002174854
0.002323389
0.001989126
0.001769781
0.002017498
0.001659393
0.002010584
0.002249479
0.002086878
0.001735687
0.002109766
0.002222061
0.002016544
0.002017021
0.001958847
0.001477718
0.002127171
0.002250910
0.001885176
0.002244473
0.002038956
0.001822233
0.002022505
0.001973391
0.002079487
0.001853228
0.002087831
0.209182262
0.204457760
0.204437971
0.206349134
0.101142883
0.002044201
0.001920700
0.002328873
0.002116203
0.002046585
0.001909971
0.001811981
0.002097607
0.002056122
0.002099752
0.001863956
0.002086163
0.001821280
0.001819372
0.001834631
0.001981497
0.002210855
0.002285242
0.002508163
0.002038956
0.002072334
0.001976013
0.002080679
0.001956701
0.002212286
0.001959085
0.001959324
0.001814365
0.002056837
0.001995087
0.001805067
0.001713276
0.001712322
0.002027988
0.002414703
0.002149582
0.001933098
0.002249002
0.002098560
0.002035379
0.001951218
0.002624273
0.001745939
0.001928091
0.002050877
0.001938343
0.002637625
0.001828671
0.002094269
0.001954556
0.002189875
0.002096891
0.001889229
0.001874924
0.002678871
0.001903296
0.002046824
0.002090454
0.002451658
0.001694679
0.002549410
0.002400160
0.001888514
0.001799583
0.001803398
0.002825975
0.001768112
0.001860619
0.002054691
0.002111197
0.002103567
0.001942396
0.002187014
0.002170324
0.002122402
0.002059937
0.001966238
0.001868725
0.002166271
0.001856565
0.001888990
0.001823664
0.001816273
0.002371311
0.001800776
0.003718615
0.002518892
0.002145529
0.003180742
0.002348900
0.001815557
0.002448559
0.002071142
0.002309084
0.002367496
0.001989603
0.002360106
0.002037525
0.002378464
0.001997948
0.001888037
0.002313375
0.001829386
0.002396107
0.001950741
0.001855373
0.003367424
0.001728773
0.001999140
0.002211094
0.002473831
0.002312660
0.001993418
0.002058029
0.002183437
0.002285242
0.001899481
0.001748085
0.001912594
0.002168179
0.002014637
0.002436399
0.002010584
0.001913309
0.002584934
0.001945734
0.002541065
0.002068996
0.001908064
0.001856089
0.001837730
0.002076864
0.001848936
0.001503229
0.002065897
0.002453566
0.002506971
0.002222061
0.002376080
0.002043486
0.001888514
0.002228975
0.001950026
0.001834393
0.001856565
0.002008915
0.001921177
0.001880407
0.002053738
0.002150059
0.001805544
0.001830339
0.002183199
0.002219439
0.001865625
0.002213240
0.001912832
0.001925707
0.002210617
0.001919746
0.001920462
0.002084255
0.002038002
0.002681971
0.001928806
0.002333879
0.001912832
0.001924753
0.001971006
0.002920628
0.001940012
0.001917839
0.002001047
0.001902103
0.001935959
0.002018929
0.001927614
0.001951694
0.002495766
0.001853466
0.001870871
0.001945257
0.001916409
0.002040625
0.002228022
0.002047300
0.002059460
0.001946926
0.001947880
0.002457619
0.002140522
0.002275467
0.001789093
0.002006292
0.001877546
0.002169371
0.001913786
0.001923323
0.001946211
0.002472878
0.001926661
0.001880169
0.001897573
0.002409697
0.002081633
0.002352238
0.001934290
0.001935482
0.002010107
0.001970530
0.001937866
0.002061367
0.001976490
0.002048969
0.001895428
0.002002001
0.001945496
0.001902819
0.001975060
0.002034187
0.001975298
0.001926661
0.001936913
0.001936436
0.001909494
0.002121925
0.001952648
0.001918077
0.001985312
0.001880169
0.001929283
0.002083778
0.001665831
0.001933336
0.002132654
0.001905203
0.002183437
0.001914978
0.001980305
0.002093792
0.001946688
0.001982927
0.001955986
0.001938105
0.002112150
0.001984835
0.001939774
0.002126932
0.001859426
0.001699924
0.002135038
0.002125740
0.001853466
0.002111197
0.002457380
0.001999855
0.002805710
0.001925707
0.001995802
0.002101660
0.002001047
0.002072096
0.002025366
0.002001762
0.001778126
0.001911402
0.001966476
0.001937151
0.001970053
0.002000093
0.002460718
0.001997948
0.002086401
0.002003908
0.002014637
0.002120495
0.002038479
0.001884937
0.001961470
0.002014160
0.002014875
0.002007008
0.001810551
0.002451181
0.002061367
0.002696037
0.001939535
0.001992464
0.001903296
0.001988411
0.002027988
0.002019882
0.001903772
0.002288580
0.001771450
0.002010107
0.001938105
0.002821922
0.001937866
0.001817942
0.001739979
0.002776861
0.002048969
0.001986265
0.003334522
0.002103090
0.001978636
0.002300978
0.001993895
0.002025127
0.002419472
0.002014875
0.001896620
0.002031088
0.002375126
0.002156496
0.002275944
0.001952171
0.002028704
0.001885653
0.001971245
0.002138615
0.002027512
0.001961708
0.002106190
0.002085924
0.001971722
0.002061844
0.002070189
0.001843452
0.001972198
0.001968861
0.002179384
0.002047539
0.001976967
0.002004623
0.001997232
0.002025843
0.001975298
0.002008677
0.002993107
0.002033234
0.002056837
0.002032280
0.002055168
0.002091646
0.002120733
0.001982927
0.002042532
0.002435446
0.002051115
0.002070189
0.003336906
0.003504753
0.001987457
0.002099276
0.001988649
0.002326250
0.001993895
0.001988649
0.002207279
0.002086639
0.002066851
0.002079487
0.002581358
0.002091169
0.001991272
0.002051830
0.002011299
0.002257347
0.001864910
0.001996040
0.002095222
0.002057076
0.002023697
0.002616644
0.001996517
0.002001524
0.002014637
0.002072334
0.002045393
0.002010107
0.002530813
0.002001047
0.001888037
0.001959801
0.002092123
0.002060413
0.002020597
0.002012253
0.002047539
0.002053499
0.002056837
0.001991510
0.001713991
0.002079010
0.002087116
0.002087593
0.002574205
0.002043009
0.001807928
0.002002478
0.001924992
0.002080917
0.002014160
0.002629042
0.002092600
0.002008438
0.002067327
0.002090216
0.002018213
0.002015829
0.002153158
0.002025366
0.002020597
0.002175093
0.002143145
0.002030373
0.002108335
0.002140284
0.002167940
0.002103806
0.002029896
0.001862288
0.001714706
0.002601624
0.001939774
0.002051592
0.001969099
0.002029181
0.001693487
0.002618074
0.001818895
0.001788139
0.002003908
0.002602577
0.001990080
0.001946688
0.001848221
0.001981974
0.001992702
0.001961470
0.002006531
0.002002716
0.001927853
0.002143860
0.001770020
0.002047300
0.002998829
0.002015829
0.002024651
0.001899719
0.001663685
0.002009630
0.002737761
0.002035856
0.002368927
0.002158165
0.001983643
0.001574278
0.002027035
0.002090693
0.001955271
0.002053261
0.001698732
0.001871824
0.001865625
0.002027750
0.001856565
0.001960516
0.001941919
0.001692295
0.002110720
0.002053261
0.001747370
0.002035618
0.002101898
0.002136946
0.002025843
0.001999140
0.002143621
0.001790285
0.002149820
0.002553701
0.002091646
0.002099514
0.002130270
0.002039194
0.002030611
0.001729012
0.002806664
0.002151966
0.002309084
0.002072573
0.002026796
0.001681566
0.002135277
0.002646446
0.002079487
0.002177477
0.002187252
0.002142668
0.001948118
0.002096653
0.001764774
0.002625704
