0.037824154
0.002813101
0.131837845
0.003597975
0.004711628
0.003585815
0.003665447
0.004431009
0.003540993
0.006059170
0.004639864
0.003264427
0.003281116
0.007272720
0.006707907
0.005450249
0.003700018
0.006581545
0.003694773
0.004474401
0.004697800
0.006696463
0.004752636
0.003079891
0.003532648
0.003697872
0.002622843
0.002771616
0.005545855
0.002900362
0.004648209
0.009662867
0.003406048
0.004396439
0.003991365
0.004716396
0.002693892
0.003669977
0.003448486
0.003530741
0.007918835
0.002736330
0.003698826
0.003456593
0.002583504
0.002751112
0.003547192
0.006221533
0.004592657
0.005214930
0.006016731
0.004296064
0.006935358
0.003513336
0.003199339
0.003639936
0.002594233
0.003790379
0.003721237
0.003760338
0.004764557
0.003165722
0.003528833
0.004822731
0.002885580
0.003044367
0.002781153
0.002840281
0.003628731
0.002900839
0.003557205
0.002836227
0.002797604
0.003433228
0.002802372
0.003766060
0.003137112
0.003110409
0.002319336
0.002810240
0.003113270
0.002805471
0.002861977
0.002932549
0.003706217
0.002806902
0.002569914
0.002785921
0.002802849
0.002982616
0.002947569
0.003040791
0.002788067
0.003489494
0.003031969
0.002914190
0.002797842
0.002646923
0.002964258
0.002943754
0.003331184
0.002870560
0.002851248
0.003286362
0.002787590
0.002967119
0.002816439
0.002895117
0.003766537
0.002809286
0.002944469
0.003383160
0.002865791
0.003437281
0.002843618
0.003171682
0.002521753
0.003237963
0.003507614
0.002698421
0.002901077
0.003159046
0.002836943
0.003120422
0.003648758
0.003644943
0.002831697
0.002830744
0.002846479
0.002712011
0.003125429
0.002788067
0.002768040
0.002617359
0.004505873
0.003771782
0.003731012
0.003587961
0.002784729
0.003346920
0.003684998
0.002763510
0.002712727
0.002841473
0.003675699
0.002786160
0.002797127
0.003875256
0.003630400
0.002851963
0.004671335
0.009757757
0.003628254
0.003334045
0.003430367
0.002837420
0.002614737
0.004553318
0.003470182
0.007733583
0.002860308
0.004209042
0.002932549
0.002879858
0.003136873
0.002697706
0.003206730
0.002868176
0.002867222
0.002776146
0.003842831
0.004682302
0.002829790
0.003071547
0.003297806
0.003826141
0.002638340
0.003580332
0.003580332
0.003551960
0.004283905
0.007777452
0.002918720
0.003174543
0.002852440
0.003250599
0.003754616
0.002913952
0.002974272
0.002798557
0.002886057
0.002810717
0.002867222
0.003282070
0.003801823
0.002984285
0.002874374
0.002865314
0.003681660
0.003200769
0.003193617
0.003244877
0.002878189
0.003255606
0.002818108
0.002889395
0.002891779
0.002674341
0.002891541
0.003579617
0.002914190
0.002809525
0.002959967
0.002878428
0.002821684
0.002897978
0.002824306
0.002880573
0.002905846
0.002893448
0.002887011
0.002864361
0.003012419
0.002894163
0.004700422
0.003451824
0.002577543
0.002794981
0.003601313
0.004364014
0.003376484
0.002580643
0.003613472
0.002911806
0.002599716
0.003980398
0.003838301
0.003524780
0.004671097
0.005388498
0.003551722
0.003255129
0.003063917
0.004771471
0.002576113
0.003647566
0.002604961
0.003593206
0.004638195
0.003188133
0.003455400
0.003160477
0.002913713
0.004629135
0.003218651
0.004801273
0.002939224
0.004922867
0.003929138
0.003747702
0.006171227
0.005950689
0.002873659
0.002572298
0.003717661
0.003928423
0.005067825
0.004627943
0.003402948
0.003888130
0.004812956
0.004787683
0.002898932
0.003686666
0.005003452
0.004486561
0.003308535
0.003190279
2.352790594
0.122098446
0.002709389
0.002921343
0.002776384
0.003809929
0.002810240
0.004642248
0.004718781
0.010174036
0.003511429
0.002483368
0.003720760
0.004453182
0.002608538
0.004652977
0.002602816
0.003830194
0.003416777
0.003502369
0.007302046
0.003266096
0.003655195
0.003485441
0.003857613
0.002682924
0.003174305
0.003324986
0.005858183
0.003613949
0.003763914
0.004312515
0.003500700
0.004789591
0.002857924
0.003362894
0.003898144
0.002736330
0.003544331
0.003661156
0.004349470
0.003541708
0.002721786
0.003588676
0.004783869
0.002575874
0.004762173
0.004849434
0.004362106
0.003533363
0.003649473
0.003912210
0.003419876
0.003673792
0.002586842
0.002609015
0.003515720
0.006887436
0.003807545
0.003512859
0.007942438
0.004650116
0.003568411
0.003600836
0.003682137
0.003469706
0.003551006
0.003825903
0.003463507
0.009441853
0.002642632
0.003559351
0.003506422
0.008581161
0.003820896
0.003808975
0.005666494
0.007589340
0.003787518
0.003818274
0.004245996
0.003512859
0.005887747
0.003818989
0.003733635
0.002996683
0.003691196
0.004851818
0.004437447
0.003516674
0.007457972
0.002625465
0.004905224
0.003828764
0.003812790
0.002890587
0.003831387
0.003533602
0.003680944
0.003690481
0.003892899
0.002841234
0.003659010
0.002859116
0.002604485
0.003398418
0.002840996
0.003504992
0.004830122
0.003535509
0.003623247
0.003697872
0.002701044
0.003542900
0.003335238
0.002825499
0.004806280
0.006302834
0.003020525
0.002650023
0.005576611
0.005410910
0.006665707
0.003514290
0.006368160
0.004652977
0.002647877
0.003633976
0.004468441
0.003458500
0.003517628
0.003204584
0.003468513
0.003681183
0.005218744
0.002834797
0.003593922
0.003691912
0.004802465
0.003393412
0.003113031
0.004488945
0.005948544
0.002906561
0.005219936
0.003184080
0.003670692
0.003511429
0.003697157
0.002706766
0.003703117
0.002902985
0.003117085
0.004080534
0.003081322
0.003403187
0.003069162
0.003609180
0.003178596
0.003405333
0.003010750
0.002457619
0.002772570
0.002905369
0.003082991
0.002623558
0.003138781
0.002846479
0.002454042
0.003091812
0.002908707
0.002890110
0.002891302
0.003091335
0.002877235
0.003735781
0.003700972
0.002800465
0.003084183
0.002852678
0.002927780
0.002526283
0.003384113
0.002781630
0.002865553
0.003289461
0.002949953
0.003374577
0.003216982
0.002904654
0.002962828
0.002835989
0.003219128
0.002891541
0.003079414
0.003308535
0.002859831
0.002944469
0.004378080
0.003607988
0.004753113
0.005094767
0.003565550
0.003024578
0.004035711
0.002911806
0.002910852
0.003674269
0.004619837
0.003779888
0.003915310
0.002671003
0.004027367
0.004773378
0.003609180
0.002542019
0.003491879
0.003862143
0.005452156
0.003584385
0.005621672
0.002878666
0.002765656
0.003709316
0.002581596
0.004986048
0.004794836
0.003903627
0.003530264
0.003767967
0.004562378
0.003352880
0.004357100
0.005635738
0.003047705
0.002949715
0.003721476
0.003614902
0.003095150
0.002931118
0.002981663
0.002769470
0.004470825
0.007501364
0.003710747
0.009238720
0.003681183
0.004932165
0.003515720
0.003602743
0.003887415
0.003535032
0.002878904
0.003645658
0.002943039
0.003646374
0.002604961
0.002768755
0.003465652
0.003741741
0.006966114
0.003622532
0.002874613
0.002987146
0.003667831
0.002688408
0.006696939
0.004434586
0.003487587
0.003638506
0.003794670
0.003484488
0.003018141
0.002924919
0.002933741
0.002971649
0.002609968
0.002969265
0.003475189
0.003663301
0.003168821
0.003123522
0.002607346
0.004354000
0.002993107
0.003021479
0.004851103
0.007466316
0.003305435
0.003127813
0.002841949
0.002912998
0.004576445
0.004877329
0.003010988
0.002872229
0.003690004
0.003838062
0.003540754
0.003411055
0.004482746
0.002916098
0.004475117
0.002974749
0.004119635
0.002872944
0.002856493
0.003689289
0.003474236
0.003860712
0.003153086
0.003723621
0.002908230
0.003674984
0.002991676
0.003866673
0.003890276
0.003525257
0.003315687
0.002971172
0.003687620
0.002865791
