1.242983341
0.159715414
0.173486471
0.154640913
0.196489334
0.216732740
0.194127798
0.208952665
0.201161146
0.221871853
0.202007532
0.241281748
0.199213028
0.208952665
0.270620108
0.205118179
0.191462755
0.164500475
0.226760387
0.187594652
0.217126131
0.206015825
0.165422916
0.243932486
0.198935509
0.234936237
0.206899881
0.186105967
0.178109169
0.207020044
0.209506512
0.172194481
0.164534807
0.199705601
0.190879822
0.208403826
0.214893818
0.206508636
0.203689337
0.198585749
24.245984793
0.211873531
0.208825588
0.231390238
0.221990824
0.209308624
0.188237429
0.703284025
0.161835194
0.187011957
1.624593496
0.129767656
0.118283749
0.183234453
0.269444466
0.216190100
0.216527939
0.926946640
0.204640627
0.205925226
0.203737259
0.183774710
0.206926584
0.194142103
0.185227633
0.214383364
0.205880404
0.189337254
0.193696499
0.201676846
22.187583685
2.056513309
0.123000860
0.149255991
0.156159163
0.173183918
0.176145315
0.206444740
0.221500158
0.193419456
0.154198408
0.161912918
0.219999790
0.212808609
0.172116995
0.187070608
0.204735279
0.202561378
0.214498281
0.204497576
0.203241825
0.198993444
0.200744390
0.238850355
0.201653957
0.205142736
0.194471121
0.219630957
0.189130306
0.226274729
0.233340502
0.217132568
0.209787130
0.214556217
0.217708826
0.227438211
0.205528736
0.215926886
0.201277971
0.211378336
0.202384710
0.206423521
0.170556068
0.205779314
20.104761124
2.026138544
2.020014524
0.174429417
0.166075468
0.191020012
0.201335430
1.323369265
0.219787598
0.177134275
0.208551407
0.218289614
1.181464911
0.119201660
0.114987850
0.227970839
0.185866594
0.178055286
0.161039591
0.912893295
0.164916039
0.205836296
0.191557646
0.185210228
0.198809385
19.578603506
0.176790476
0.156230450
0.174013138
0.165985584
3.289065838
0.153560638
0.160169601
1.752366543
0.168977737
0.181795597
0.206578970
0.230168343
1.180772066
0.156938553
0.144176245
0.213312864
0.210461855
0.194580317
1.024822950
0.115022421
0.140856504
0.215428114
0.203150511
0.210514307
0.191148281
0.192857981
0.202232361
0.200344563
0.193066359
0.253754616
0.214373112
0.224525690
19.933374643
0.185408831
1.866833925
0.171619415
3.808141470
0.124938250
0.147486448
0.214773417
0.232853651
1.332260370
0.201560974
0.215168238
0.233966589
0.219888926
0.230124474
0.165910721
0.193254471
0.548490763
0.143838406
0.166060448
0.172106504
0.245377779
0.228720903
0.200711727
0.211317062
19.004085064
0.152224064
0.179257870
0.209015608
0.196479797
0.201801300
0.186625719
2.911618948
4.117834568
0.148171425
0.101138115
1.768124580
0.165357113
0.159625053
0.235656500
0.179686069
0.178205967
0.215095758
0.210244656
0.204272509
0.194089174
0.198585510
0.203033447
0.224394083
0.191276312
0.173932552
0.145350695
0.216427326
0.191156387
0.146094799
0.168689013
0.143795729
0.110890150
0.238348961
0.212369204
0.204580545
0.243870497
0.223584652
17.400568485
0.113454819
0.100985765
0.160754919
0.155413866
0.148127556
0.096978664
0.137809038
0.153648853
0.151247740
0.155618191
0.111076832
0.162274361
0.126716137
0.158783197
0.115081072
0.159891129
0.151368856
0.146778822
0.110767603
0.150135994
0.135096788
0.165231705
0.165602207
0.112348080
0.161789656
0.156795025
0.162384987
0.121363163
0.156016350
0.141227484
0.153406382
0.122671843
0.151024818
0.159920931
0.142769814
0.085673094
0.157197952
0.142591000
0.134077311
0.091048002
0.134344578
0.159664631
0.142211676
0.149455309
0.096992731
0.145754814
0.154305935
0.170810699
0.120973349
0.140020847
0.151878119
0.155717373
0.105185509
0.146428347
0.145688534
0.174882412
0.156209230
0.099048376
0.156660080
0.139882326
0.148230076
0.157993793
0.106663704
0.155510902
0.159238338
0.148424149
0.096911192
0.146110058
0.154746532
0.153488636
0.123566866
0.148954630
0.132705212
0.147251368
0.099323034
0.158926010
0.147171259
0.154988289
0.109523058
0.156498671
0.151477575
0.143615961
0.115269423
0.134623289
0.165220499
0.146837473
0.088020563
0.143330336
0.147486448
0.140686274
0.166216612
0.117601633
0.146865606
0.143108606
0.165608406
0.105101109
0.157834053
0.134318352
0.160765886
0.149940491
0.109375715
0.151908398
0.146691322
0.152880192
0.114495754
0.144674778
0.147881985
0.162390947
0.080902815
0.145421505
0.149286985
0.149054766
0.156888008
0.091819763
0.164085388
0.152398109
0.146614075
0.136818647
0.196829796
0.153094530
0.101209879
0.151195049
0.212617874
0.220526218
0.111882687
0.142606258
0.140045881
0.153088808
0.117856264
0.145612001
0.140886545
0.101953268
0.094858408
0.155999184
0.135667086
0.143925190
0.164770603
0.116057873
0.130139589
0.152283907
0.152680159
0.127557516
0.132334948
0.158048630
0.146128178
0.118958473
0.132128239
0.153784752
0.165146112
0.108048677
0.147765160
0.143539667
0.158746719
0.110571861
0.157429218
0.146001577
0.144517660
0.094602346
0.159259319
0.132999897
0.150854588
0.144697666
0.110012531
0.159354448
0.167733669
0.159378052
0.118318796
0.149995327
0.145381927
0.150067568
0.112914801
0.156030416
0.128502846
0.149851799
0.228738785
0.167138100
0.165110111
0.170129061
0.117551565
0.158085346
0.143365145
0.167995691
0.116413355
0.143481493
0.144490480
0.157006264
0.085020781
0.147263288
0.151283741
0.164118052
0.145603180
0.168076754
0.178226948
0.136101961
0.116380930
0.136602163
0.145044565
0.159897327
0.101970673
0.147345543
0.155639410
0.143797159
0.157906532
0.147398233
0.165480375
0.105342627
0.146857500
0.174143076
0.135942698
0.084878445
0.139771938
0.136914730
0.151245356
0.163398027
0.122733116
0.152433395
0.150933981
0.145124912
0.097226381
0.159734011
0.164784193
0.159573078
0.125711918
0.204988003
0.149480104
0.119904995
0.155718565
0.148311615
0.142852545
0.095363140
0.146694899
0.173409939
0.165529251
0.089895010
0.137647152
0.156323195
0.145146847
0.165716171
0.116055965
0.142987728
0.157994032
0.140358448
0.105922937
0.125893354
0.150052071
0.160816193
0.169057131
0.113134623
0.162132263
0.157100677
0.152957678
0.105226040
0.139006138
0.162788868
0.140938044
0.109183073
0.149295330
0.142907858
0.170372963
0.147448301
0.153638840
0.140889645
0.101795435
0.148063183
0.146701097
0.152595520
0.162105322
0.093747854
0.163709164
0.137907982
0.148308754
0.094589949
0.136927366
0.138264179
0.157545567
0.147708416
0.134886742
0.124493122
0.157110214
0.160700083
0.163777113
0.156321526
0.138836861
0.130367279
0.131777287
0.146432877
0.157364845
0.094166756
0.150106430
0.136848927
0.149778605
0.154147148
0.089933872
0.152603865
0.144562244
0.144865990
0.134196043
0.102132559
0.144544363
0.140089512
0.143525124
0.155552626
0.156289339
0.155225754
0.150779963
0.094913960
0.149195194
0.135008097
0.155747414
0.143639803
0.103162050
0.147817612
0.164992094
0.133216143
0.089713812
0.139751434
0.151756287
0.156214237
0.167073488
0.116204023
0.140520573
0.154987574
0.155436754
0.122769117
0.147039652
0.140076876
0.144258976
0.095566988
0.162573814
0.137962818
0.168007851
0.108020782
0.145194292
0.153530359
0.143076420
0.089343548
0.140326262
0.157691956
0.144731045
0.155593395
0.104161501
0.145889759
0.167579412
0.158836365
0.126408815
0.141079903
0.132209301
0.158932209
0.168311119
0.152933598
0.218385220
0.164640665
0.141261101
0.161217213
0.112118244
0.155229807
0.165461779
0.142719984
0.107864141
0.142624140
0.162409544
0.135760069
0.101775408
0.146836758
