0.018884420
0.207068205
0.205962658
0.100769520
0.002073050
0.001606464
0.001171350
0.001292706
0.001379490
0.001304150
0.001236439
0.001263857
0.001316071
0.001322269
0.001623154
0.001642227
0.001621008
0.001754999
0.001293182
0.001636028
0.001649857
0.001348495
0.001757860
0.001482964
0.001434803
0.001573563
0.001597404
0.001614332
0.001623392
0.001623392
0.001635790
0.001605988
0.001635790
0.001696348
0.001588345
0.001600981
0.001551390
0.001245022
0.001606464
0.001633644
0.001568794
0.001467466
0.001591444
0.001598358
0.001743555
0.001278400
0.001611710
0.001418352
0.001633167
0.001609564
0.001505136
0.001417875
0.001614094
0.001609087
0.001611710
0.001621246
0.001719475
0.001608372
0.001715422
0.001634121
0.001546383
0.001599550
0.001612425
0.001736164
0.001620054
0.001584530
0.001590490
0.001650572
0.001622915
0.001603365
0.001603127
0.001605272
0.001608133
0.001629829
0.001727819
0.001618385
0.001746178
0.001586676
0.001371861
0.001582861
0.001713276
0.001617432
0.001606703
0.001631260
0.001619101
0.001977444
0.001598597
0.001604557
0.001867771
0.002190828
0.001680851
0.001244545
0.002349138
0.001625538
0.001577377
0.001588345
0.001670599
0.001571417
0.001638174
0.001607895
0.001629114
0.001439810
0.001591206
0.001579762
0.001586437
0.001555920
0.001568079
0.001527786
0.001640797
0.001841545
0.001641750
0.001580954
0.001612425
0.001477242
0.001601696
0.001579285
0.001615286
0.001596928
0.001638651
0.001413822
0.001589537
0.001599550
0.001592875
0.001616955
0.001556873
0.001582623
0.001543283
0.001881361
0.001625061
0.001849890
0.001575232
0.001599073
0.002080441
0.001593351
0.001591921
0.001561880
0.001591682
0.001506805
0.001614332
0.001496792
0.001430988
0.001531601
0.001572371
0.001469612
0.001430511
0.001454830
0.001571417
0.001470804
0.001510620
0.001527309
0.001466036
0.001612186
0.001480579
0.001933336
0.001461744
0.001466036
0.001513958
0.002462387
0.001734257
0.002238035
0.001430988
0.001446247
0.001490593
0.001494884
0.001424313
0.001436472
0.001526356
0.001579046
0.001449347
0.001484394
0.001437664
0.001482725
0.001470089
0.001577377
0.001652002
0.001687288
0.001697540
0.001588821
0.001708269
0.001447201
0.001468897
0.001606703
0.001613855
0.001615047
0.001615047
0.001605749
0.001617670
0.001678705
0.001667738
0.001603842
0.001745462
0.001601696
0.001614332
0.001575947
0.001669884
0.001603842
0.001584053
0.001563311
0.001610756
0.001626015
0.001608372
0.001619101
0.001603603
0.001621008
0.001737356
0.001581907
0.001593590
0.002820015
0.001828432
0.001752377
0.001585960
0.001721144
0.001613617
0.001822233
0.001550436
0.001552105
0.001535892
0.001846313
0.001645565
0.001597166
0.001564741
0.001635313
0.001569748
0.001635551
0.002311707
0.001603842
0.001336575
0.001580477
0.001641512
0.001604557
0.001683950
0.001591444
0.001775265
0.001608372
0.001607180
0.001698732
0.001585722
0.001585245
0.001765251
0.001630783
0.001556158
0.001501083
0.001537085
0.001624346
0.001596451
0.001595736
0.001593113
0.001585484
0.001597643
0.001639843
0.001605749
0.001780748
0.001599073
0.001583815
0.001610994
0.001480579
0.001509428
0.001579046
0.001610994
0.001588106
0.002104759
0.001569986
0.001572371
0.001621485
0.001873732
0.001595736
0.001222372
0.001603603
0.001600981
0.001609325
0.001282930
0.001605511
0.001583338
0.001578569
0.002456188
0.001585007
0.001172304
0.001605272
0.001324415
0.001602888
0.001585722
0.001572371
0.001597404
0.001843452
0.001701832
0.001607418
0.001240730
0.001559019
0.001528978
0.001971245
0.001589537
0.001596212
0.001609802
0.001437902
0.001617908
0.001565456
0.001255512
0.001592875
0.001621723
0.001597166
0.001265764
0.001370668
0.001667738
0.001687050
0.001574516
0.001288652
0.001254082
0.001555920
0.001647234
0.001662254
0.001295090
0.001569033
0.001620293
0.001608372
0.001665354
0.001779556
0.001325369
0.001595974
0.001324415
0.001600504
0.001649141
0.001395226
0.001630545
0.001826286
0.001641750
0.001561165
0.001586437
0.001584530
0.001596928
0.001981020
0.001607418
0.001312733
0.001894951
0.001649141
0.001611471
0.004928112
0.001607418
0.001611471
0.001699209
0.001618385
0.001527786
0.001929998
0.001484632
0.001615524
0.001528978
0.001831293
0.001572132
0.001560926
0.001604795
0.001708984
0.001774549
0.001795769
0.001855612
0.001801252
0.001682997
0.001947165
0.001944065
0.001858711
0.001814127
0.001697302
0.001588583
0.001483917
0.001533747
0.001578569
0.001514673
0.001328230
0.001540184
0.001507521
0.001627922
0.001572371
0.001498461
0.001536131
0.001824141
0.001504898
0.001543283
0.001450539
0.001413822
0.001467943
0.001709700
0.001546144
0.001614571
0.001431227
0.002633572
0.001498222
0.001743793
0.001661777
0.001649618
0.001634121
0.002362728
0.001689672
0.001633406
0.001610994
0.001568079
0.001675367
0.001600266
0.001641512
0.001610279
0.001322269
0.001641512
0.001972198
0.001849651
0.001658916
0.001688242
0.001910925
0.001658201
0.001649618
0.001691580
0.001635075
0.001684904
0.001535654
0.001779079
0.001823664
0.001852989
0.002090454
0.001818657
0.001850367
0.001826525
0.001845598
0.001953125
0.001774073
0.001898527
0.001739502
0.001763582
0.001781464
0.001576662
0.001917601
0.001617670
0.001627445
0.001551867
0.001952171
0.001654148
0.001574278
0.001572609
0.003413439
0.001584291
0.001921654
0.001608610
0.001651525
0.001361132
0.001601458
0.001946926
0.001528502
0.001690149
0.001601696
0.001598835
0.001670837
0.001638174
0.001487494
0.001624823
0.001602650
0.001672983
0.001947880
0.001652241
0.001804829
0.002043247
0.001611233
0.001565456
0.001632452
0.001387358
0.001522064
0.001720905
0.001637220
0.001598597
0.001957893
0.001570463
0.001297474
0.001620293
0.001657248
0.002350807
0.003009319
0.001629829
0.001640797
0.001667261
0.001955748
0.001764774
0.001655579
0.005961657
0.001629353
0.001307964
0.001599550
0.001729012
0.001665592
0.001665354
0.001627445
0.001788378
0.001698256
0.001616001
0.001645088
0.001847982
0.001814365
0.001633883
0.001533031
0.001633167
0.001628637
0.001691341
0.001666784
0.001597643
0.001283169
0.001573086
0.001737118
0.001687527
0.001652241
0.001627684
0.001618147
0.001728296
0.001642942
0.001568556
0.001600504
0.001695156
0.001629353
0.001628637
0.001572371
0.001626015
0.001592398
0.001566410
0.001566648
0.002974749
0.001566410
0.002280235
0.001660585
0.001566648
0.001576185
0.001595020
0.001633406
0.001587868
0.001629591
0.001590490
0.001564026
0.001595020
0.001601219
0.001630783
0.001594067
0.001582623
0.001587152
0.001615524
0.001571655
0.001557589
0.001595259
0.001608610
0.001641512
0.001563787
0.001662493
0.001591682
0.001595736
0.001600504
0.001502752
0.001856089
0.001326323
0.001490831
0.001487017
0.001441479
0.001482487
0.001497030
0.001486778
0.001487970
0.001836300
0.001427889
0.001432896
0.001589060
0.001530647
0.001467466
0.001486540
0.001490831
0.001498699
0.001491785
0.001464844
0.001435995
0.001478434
0.001487494
0.001543045
0.001412392
0.001459837
0.002068520
0.001439095
0.001444101
0.001430988
0.001435757
0.001424074
0.001332521
0.001950979
0.001436472
0.001428127
0.001743555
0.001466274
0.001478910
0.001506329
0.001551867
0.001436949
0.001598120
0.001468897
0.001575947
0.001795053
0.001609087
0.002102852
0.001607656
0.002037525
0.001591921
0.001869440
0.001603365
0.001636744
