0.047846556
0.027203321
0.036411047
0.027672768
0.028425932
0.023953438
0.049783230
0.035335302
0.024461985
0.030714989
0.033656120
0.023076773
0.031873226
0.031121492
0.021743298
0.021546364
0.022271633
0.022494316
0.024205208
0.022379398
0.022218227
0.038526297
0.044723511
0.020894289
0.026672602
0.022089005
0.021865129
0.023208380
0.035611153
0.032532215
0.026204586
0.023959398
0.031915903
0.025209904
0.033927441
0.024217606
0.023262262
0.022880793
0.026302576
0.040052414
0.029197693
0.021459818
0.025182009
0.020916939
0.022176504
0.023655176
0.021053553
0.020895004
0.021401644
0.021263599
0.022155285
0.021221161
0.023742914
0.021012306
0.024635077
0.025170088
0.021095514
0.033700705
0.021338940
0.020677090
0.021112204
0.022953033
0.021461487
0.020768404
0.020869970
0.021521330
0.023362398
0.021411419
0.021288633
0.021246910
0.026209831
0.021801949
0.025770426
0.022142172
0.044783354
0.034745932
0.033949375
0.035964012
0.021530151
0.039394617
0.046119690
0.029008150
0.029974461
0.034772396
0.020833731
0.028994083
0.041984797
0.033115387
0.022088766
0.025686979
0.047895193
0.025184631
0.022376299
0.024791956
0.022764206
0.023269892
0.024824619
0.035493612
0.021925211
0.040634155
0.022026062
0.038572073
0.030348063
0.033335209
0.022514582
0.023521662
0.042089701
0.024410725
0.022701025
0.031234264
0.022839546
0.033982038
0.041626215
0.024025917
0.023047209
0.028215885
0.027713776
0.046764612
0.033098221
0.033376694
0.025054455
0.033293247
0.033424139
0.032809258
0.038675547
0.045775414
0.024004221
0.029269695
0.028292418
0.047490597
0.027448177
0.037649155
0.021097422
0.025769234
0.024127007
0.020322800
0.034318447
0.036610842
0.023046970
0.030444860
0.025872469
0.021688700
0.024452448
0.029448986
0.021010637
0.020791292
0.026623964
0.027612209
0.023059130
0.044170618
0.021337032
0.035869122
0.025384426
0.042176723
0.031025648
0.030417204
0.021066189
0.035174131
0.050080061
0.052562952
0.040690184
0.037456989
0.022467852
0.029261589
0.024132729
0.024155378
0.036278248
0.025188923
0.042706966
0.025979280
0.040080547
0.036689758
0.043589115
0.037452459
0.025393724
0.038605928
0.034771204
0.030967474
0.033572197
0.035192490
0.032162905
0.025749922
0.037350178
0.022792578
0.026878834
0.023928642
0.033894300
0.024075747
0.023819685
0.050702095
0.032569408
0.030537128
0.024542570
0.035277367
0.041777849
0.026433468
0.035918713
0.040757895
0.035194874
0.035488844
0.039206743
0.024022102
0.040554047
0.031934023
0.023550510
0.025160551
0.040548563
0.042345285
0.021873951
0.029594660
0.024609804
0.029457808
0.035143375
0.039543152
0.031692266
0.021607637
0.034900904
0.024433851
0.026007652
0.040133476
0.023151875
0.032732725
0.025429249
0.030143261
0.033586740
0.024595737
0.021018267
0.034631252
0.037829638
0.030335426
0.032702208
0.032458067
0.037919760
0.043978930
0.035194874
0.030512094
0.027213097
0.028525114
0.030306816
0.028221607
0.034431458
0.021662235
0.035209894
0.039149523
0.049057484
0.020953655
0.021131516
0.028822660
0.036254168
0.029187918
0.032431602
0.025411606
0.035350561
0.036033869
0.033621550
0.039894342
0.023243904
0.025820255
0.024461508
0.037688494
0.029990673
0.033656120
0.023977757
0.037006855
0.022426367
0.029002428
0.036172867
0.036211252
0.025377512
0.035403728
0.032150984
0.032559156
0.035341740
0.037344933
0.025051117
0.031211138
0.031776667
0.028100729
0.027445078
0.032929420
0.022819996
0.027402639
0.021132946
0.023583412
0.042187691
0.021539927
0.021363735
0.022549629
0.022133350
0.022276878
0.028149605
0.020903111
0.039314032
0.031109333
0.021892071
0.033009529
0.029669762
0.023162603
0.024502993
0.027742863
0.032665014
0.026441336
0.023909330
0.028054476
0.033636808
0.026160479
0.023849964
0.028381586
0.029183626
0.033531666
0.034346342
0.040656805
0.044156075
0.025834322
0.033620834
0.035576582
0.035904408
0.023481846
0.025167704
0.044075489
0.026028156
0.032988310
0.024965763
0.023236990
0.025966167
0.024785757
0.039378881
0.021735907
0.034924746
0.030813217
0.023778915
0.029301405
0.023371220
0.028806686
0.024736166
0.030700922
0.024181843
0.030839443
0.022011518
0.031867504
0.037789822
0.029038668
0.023622751
0.022593975
0.036293745
0.021184921
0.036472797
0.030372381
0.021666050
0.026378155
0.032503366
0.029861212
0.030111551
0.027910233
0.020830154
0.036285162
0.023412466
0.025529861
0.030688524
0.039753675
0.021855593
0.024876118
0.033987522
0.040133953
0.036257505
0.029150486
0.027997255
0.038865089
0.028319836
0.025180578
0.027823210
0.030086756
0.044829130
0.031829596
0.046599150
0.021488905
0.042236567
0.022549152
0.025284529
0.021913528
0.035128355
0.028938532
0.030622244
0.023079157
0.023255825
0.046990156
0.021489859
0.021413803
0.030924320
0.021618128
0.036215544
0.021039009
0.021550417
0.020672798
0.021073341
0.024977446
0.024944782
0.028685570
0.021183491
0.032040119
0.021152973
0.021467686
0.021314383
0.031854153
0.025760174
0.043756485
0.032961130
0.024905443
0.025919676
0.027530670
0.023359537
0.024856091
0.023253918
0.021729708
0.021958351
0.035059452
0.029206276
0.028007030
0.021513700
0.021913290
0.021566391
0.024752855
0.021149874
0.026794910
0.021067142
0.025588036
0.021507740
0.027635336
0.021517992
0.021315813
0.025948286
0.021017551
0.033749342
0.033990145
0.034343004
0.022573471
0.022319078
0.036163568
0.021133184
0.037310600
0.022528648
0.023400784
0.024440050
0.044618368
0.022016287
0.022572994
0.021446705
0.022253990
0.022570848
0.025119543
0.027014017
0.035953760
0.022424221
0.022268295
0.021039248
0.025356293
0.039766550
0.022419691
0.038501024
0.026990891
0.023455620
0.023375988
0.033930540
0.021407366
0.023779392
0.022839308
0.022046328
0.043190479
0.022265434
0.038105011
0.023900986
0.035965919
0.024738550
0.033370733
0.022291422
0.026344299
0.021334648
0.022121429
0.023245811
0.021274567
0.025950670
0.030309439
0.021094322
0.020951748
0.021186829
0.023300886
0.022026777
0.022299051
0.021140337
0.024975538
0.022325754
0.030685425
0.036270618
0.027704477
0.052431107
0.021296978
0.031365633
0.039700747
0.022231340
0.021278620
0.027441263
0.022627592
0.039693117
0.026081085
0.038883686
0.030580044
0.021133900
0.021225214
0.036828995
0.042448759
0.024031162
0.021486044
0.023607731
0.042597532
0.023391008
0.022200584
0.022313595
0.020859241
0.024044037
0.048279047
0.028691292
0.039192915
0.039155722
0.023371220
0.021134138
0.022520065
0.031337023
0.025089502
0.033338785
0.025991201
0.026464462
0.035592079
0.025354624
0.035369873
0.032212257
0.024410725
0.029362917
0.043936729
0.023945808
0.024410486
0.021500111
0.022338867
0.021821260
0.025272369
0.023238420
0.025182247
0.023867846
0.044076443
0.027270079
0.022694111
0.022529125
0.035109043
0.033648252
0.023317337
0.029919863
0.027924776
0.057197332
0.022606373
0.041272402
0.023589849
0.037709951
0.035357714
0.033567190
0.040542364
0.030440569
0.021607876
0.044888735
0.023045301
0.026124954
0.041013479
0.032487631
0.031082153
0.033545971
0.032780170
0.025769949
0.036993265
0.029095650
0.024015665
0.021341801
0.022328138
0.021548033
0.033651352
0.023509502
0.033303499
0.022348404
0.022051811
0.022096395
0.033466816
0.035816669
0.023325682
0.022895098
0.034140825
0.025769472
0.025112629
0.021523714
0.027681828
0.022092342
0.021653652
0.020924807
0.023333073
