0.000200033
0.000271082
0.000150442
0.000144482
0.000118494
0.000209570
0.000115871
0.000192404
0.000117302
0.000120401
0.000130653
0.000189543
0.000227451
0.000126600
0.000113249
0.000124216
0.000108957
0.000193119
0.000203133
0.000135899
0.000132799
0.000142574
0.000153065
0.000251293
0.000123024
0.000125885
0.000110865
0.000118494
0.000115156
0.000189066
0.000211954
0.000144482
0.000150442
0.000177860
0.000118971
0.000188112
0.000189066
0.000128984
0.000120640
0.000130653
0.000121832
0.000256062
0.000185013
0.000190020
0.000114679
0.000130177
0.000115156
0.000252008
0.000149012
0.000133991
0.000137568
0.000143051
0.000235081
0.000198364
0.000117302
0.000122309
0.000109911
0.000126600
0.000115395
0.000256300
0.000152349
0.000137806
0.000152349
0.000123501
0.000108719
0.000191450
0.000113249
0.000121117
0.000117540
0.000200272
0.000119686
0.000131369
0.000185966
0.000134945
0.000116587
0.000125408
0.000216007
0.000136852
0.000120163
0.000134706
0.000131845
0.000194788
0.000155687
0.000244856
0.000113487
0.000111341
0.000107050
0.000119448
0.000121593
0.000187397
0.000128031
0.000135660
0.000185490
0.000188589
0.000191450
0.000119925
0.000115156
0.000133276
0.000132799
0.000119925
0.000146627
0.000135660
0.000143290
0.000138521
0.000107050
0.000119448
0.000112295
0.000108719
0.000116348
0.000123739
0.000119209
0.000135183
0.000136852
0.000118017
0.000105858
0.000114679
0.000108719
0.000126123
0.000112295
0.000114441
0.000124216
0.000123024
0.000145674
0.000300646
0.000195265
0.000125408
0.000105143
0.000129461
0.000110626
0.000119925
0.000129461
0.000128984
0.000188112
0.000176668
0.000111580
0.000129461
0.000110388
0.000122547
0.000110149
0.000118494
0.000123739
0.000134706
0.000177145
0.000187635
0.000125408
0.000124931
0.000113487
0.000109196
0.000129461
0.000117540
0.000125885
0.000140667
0.000142097
0.000136137
0.000118971
0.000112772
0.000102758
0.000122070
0.000116587
0.000118494
0.000116587
0.000134230
0.000138044
0.000130415
0.000112057
0.000123978
0.000112534
0.000107765
0.000110388
0.000122786
0.000124931
0.000132561
0.000140667
0.000118017
0.000104427
0.000107527
0.000134230
0.000129461
0.000118494
0.000119925
0.000123739
0.000134468
0.000135422
0.000162363
0.000108480
0.000114918
0.000109434
0.000113964
0.000109673
0.000118256
0.000116825
0.000131369
0.000196218
0.000186205
0.000110626
0.000117779
0.000107288
0.000121117
0.000125170
0.000126839
0.000125408
0.000129700
0.000153303
0.000138998
0.000112057
0.000115156
0.000109673
0.000114679
0.000105143
0.000114441
0.000116348
0.000133038
0.000143528
0.000123024
0.000111103
0.000109911
0.000111103
0.000115871
0.000106335
0.000115633
0.000127554
0.000131369
0.000142336
0.000118017
0.000105143
0.000116348
0.000103474
0.000119686
0.000109196
0.000121593
0.000126839
0.000189543
0.000153542
0.000164032
0.000120401
0.000113964
0.000111341
0.000117302
0.000104189
0.000113964
0.000115871
0.000128746
0.000188112
0.000184774
0.000108242
0.000110388
0.000103951
0.000110388
0.000127554
0.000120401
0.000118017
0.000126600
0.000169516
0.000131845
0.000106096
0.000128269
0.000127316
0.000113249
0.000103474
0.000118494
0.000123501
0.000128508
0.000138760
0.000120163
0.000105619
0.000107050
0.000113010
0.000113726
0.000107288
0.000119448
0.000123501
0.000127316
0.000163078
0.000119925
0.000105143
0.000133514
0.000133276
0.000123501
0.000113249
0.000115633
0.000118732
0.000181198
0.000119448
0.000181437
0.000121832
0.000119686
0.000105143
0.000108480
0.000106335
0.000119209
0.000126123
0.000188589
0.000148773
0.000192165
0.000108719
0.000107288
0.000118494
0.000114679
0.000133753
0.000125170
