0.000139236
0.000164032
0.000162125
0.000081301
0.000082016
0.000151396
0.000087738
0.000092506
0.000089884
0.000095367
0.000088215
0.000161409
0.000087738
0.000078678
0.000082731
0.000090599
0.000087023
0.000158548
0.000154495
0.000092030
0.000086546
0.000101805
0.000093937
0.000149488
0.000103712
0.000083923
0.000082016
0.000078917
0.000089645
0.000130892
0.000101566
0.000106335
0.000121832
0.000140905
0.000081301
0.000153303
0.000099897
0.000082731
0.000090837
0.000097990
0.000104904
0.000160217
0.000155926
0.000086308
0.000085354
0.000077486
0.000081539
0.000154972
0.000096321
0.000095844
0.000113964
0.000209808
0.000096560
0.000139236
0.000103712
0.000093937
0.000082731
0.000089169
0.000099421
0.000133991
0.000119686
0.000095129
0.000081778
0.000077724
0.000084877
0.000082493
0.000083208
0.000078917
0.000141859
0.000086784
0.000107765
0.000090122
0.000087976
0.000085831
0.000109434
0.000105143
0.000095606
0.000079393
0.000105381
0.000095129
0.000163317
0.000087500
0.000123024
0.000081539
0.000088215
0.000082970
0.000085831
0.000077486
0.000090837
0.000149012
0.000149250
0.000096798
0.000158548
0.000085354
0.000081301
0.000094891
0.000080824
0.000088215
0.000090599
0.000093460
0.000118017
0.000083447
0.000085592
0.000076294
0.000086784
0.000076294
0.000087500
0.000081539
0.000100613
0.000086308
0.000136375
0.000126362
0.000086546
0.000082493
0.000089645
0.000087976
0.000081539
0.000078440
0.000108004
0.000095844
0.000154018
0.000095129
0.000089645
0.000078201
0.000078917
0.000080109
0.000078917
0.000083208
0.000093460
0.000092983
0.000110388
0.000088930
0.000126123
0.000082254
0.000083923
0.000096321
0.000080585
0.000083208
0.000086308
0.000087500
0.000150919
0.000093937
0.000152111
0.000080585
0.000092745
0.000076294
0.000127554
0.000091314
0.000103951
0.000098467
0.000111818
0.000088215
0.000087976
0.000076056
0.000078917
0.000087738
0.000084400
0.000076056
0.000097752
0.000087023
0.000103235
0.000085354
0.000084639
0.000081062
0.000079155
0.000075102
0.000078678
0.000075817
0.000087023
0.000097036
0.000181437
0.000088215
0.000081062
0.000076532
0.000101328
0.000095129
0.000086069
0.000082493
0.000087261
0.000119686
0.000112534
0.000086069
0.000114441
0.000082970
0.000083447
0.000083208
0.000079632
0.000075817
0.000118494
0.000102758
0.000149012
0.000090122
0.000149965
0.000087261
0.000080109
0.000086069
0.000079870
0.000087500
0.000105619
0.000098467
0.000107050
0.000092983
0.000089884
0.000076294
0.000090361
0.000080347
0.000080109
0.000078440
0.000087261
0.000091076
0.000155687
0.000090837
0.000084877
0.000083208
0.000079155
0.000085831
0.000080585
0.000077248
0.000096321
0.000090599
0.000108719
0.000085592
0.000158310
0.000089407
0.000079155
0.000084400
0.000083923
0.000076056
0.000092268
0.000101805
0.000152588
0.000145435
0.000097513
0.000086784
0.000083208
0.000088215
0.000080109
0.000077963
0.000097752
0.000093937
0.000145197
0.000154495
0.000097990
0.000091076
0.000083923
0.000083447
0.000139952
0.000086308
0.000097275
0.000129700
0.000127792
0.000092506
0.000087976
0.000081062
0.000083447
0.000094175
0.000087261
0.000082731
0.000093222
0.000087261
0.000113010
0.000086546
0.000089169
0.000084400
0.000081301
0.000076294
0.000087500
0.000082493
0.000090361
0.000097513
0.000099659
0.000082254
0.000082493
0.000076056
0.000101089
0.000097752
0.000080347
0.000075340
0.000104189
0.000086069
0.000114679
0.000122547
0.000095367
0.000081062
0.000079632
0.000080347
0.000082731
0.000077486
0.000087738
0.000092268
0.000162363
0.000153780
0.000086308
0.000082493
0.000088453
0.000088453
0.000093222
0.000081062
0.000089645
0.000097036
