0.000326395
0.000299692
0.000221729
0.000207186
0.000204086
0.000240088
0.000264406
0.000191689
0.000189066
0.000170708
0.000268698
0.000240088
0.000312567
0.000183821
0.000182867
0.000246286
0.000178814
0.000236988
0.000199318
0.000262737
0.000201464
0.000182867
0.000325441
0.000234365
0.000191689
0.000179529
0.000222206
0.000190973
0.000268936
0.000203371
0.000277281
0.000194550
0.000238419
0.000196218
0.000218391
0.000226498
0.000273228
0.000173569
0.000184298
0.000178814
0.000191450
0.000310898
0.000233412
0.000187635
0.000347137
0.000171185
0.000189066
0.000231028
0.000260830
0.000195742
0.000284195
0.000187397
0.000218630
0.000234604
0.000288010
0.000173569
0.000185251
0.000170946
0.000180960
0.000285864
0.000197649
0.000269651
0.000217199
0.000221252
0.000196457
0.000171900
0.000185251
0.000275850
0.000190496
0.000176191
0.000190735
0.000190496
0.000316381
0.000186443
0.000241518
0.000271320
0.000181198
0.000179052
0.000183344
0.000246763
0.000199795
0.000283003
0.000240326
0.000230789
0.000194311
0.000175238
0.000267982
0.000200987
0.000200987
0.000179529
0.000267506
0.000185966
0.000232935
0.000237703
0.000301838
0.000180244
0.000185490
0.000170946
0.000202179
0.000250340
0.000185251
0.000176191
0.000206709
0.000188828
0.000175476
0.000159502
0.000165939
0.000175953
0.000172853
0.000167847
0.000181675
0.000182867
0.000206232
0.000185251
0.000185728
0.000167847
0.000177622
0.000171185
0.000177145
0.000176907
0.000185728
0.000176668
0.000204086
0.000179768
0.000180483
0.000162363
0.000191450
0.000189304
0.000170231
0.000160217
0.000182867
0.000204086
0.000217199
0.000205994
0.000190496
0.000163317
0.000174284
0.000184059
0.000175953
0.000161886
0.000178576
0.000175953
0.000226974
0.000230074
0.000184059
0.000176907
0.000177622
0.000180244
0.000191927
0.000175238
0.000187159
0.000185966
0.000209808
0.000192165
0.000189781
0.000162363
0.000174046
0.000161886
0.000180006
0.000167370
0.000176907
0.000176907
0.000211000
0.000175714
0.000176191
0.000166893
0.000173807
0.000176907
0.000173092
0.000161886
0.000181913
0.000176191
0.000213861
0.000190258
0.000197172
0.000169039
0.000167370
0.000180483
0.000170231
0.000169277
0.000180244
0.000183344
0.000207424
0.000215530
0.000176668
0.000160933
0.000171661
0.000189304
0.000173807
0.000168085
0.000181675
0.000176430
0.000222683
0.000225782
0.000181913
0.000163317
0.000167131
0.000158787
0.000191212
0.000178099
0.000189066
0.000180006
0.000225306
0.000196934
0.000174284
0.000175714
0.000169754
0.000184298
0.000178814
0.000171423
0.000182152
0.000180244
0.000202656
0.000186443
0.000174522
0.000165939
0.000167370
0.000169992
0.000169277
0.000177860
0.000172615
0.000178576
0.000211477
0.000176668
0.000167847
0.000159025
0.000202179
0.000189066
0.000177383
0.000175714
0.000179768
0.000209332
0.000227451
0.000241756
0.000169277
0.000188112
0.000167370
0.000170469
0.000167131
0.000176668
0.000174761
0.000188351
0.000228882
0.000250340
0.000165224
0.000171185
0.000158548
0.000185728
0.000184774
0.000183821
0.000178814
0.000179291
0.000209332
0.000185251
0.000159979
0.000174046
0.000172377
0.000179052
0.000167608
0.000173807
0.000171661
0.000174522
0.000224113
0.000182629
0.000169754
0.000175953
0.000159025
0.000179768
0.000171423
0.000185251
0.000183105
0.000197172
0.000217199
0.000179768
0.000164270
0.000168800
0.000159264
0.000181437
0.000173330
0.000186443
0.000178576
0.000183821
0.000204325
0.000223398
0.000170469
0.000178814
0.000170469
0.000177622
0.000170946
0.000194550
0.000173092
0.000182390
0.000215054
0.000229597
0.000174999
0.000179052
0.000160456
0.000168562
0.000219584
0.000193119
