0.011426449
0.001439571
0.001492262
0.001275539
0.001200676
0.001454115
0.001267910
0.001187325
0.001452923
0.001176596
0.001203060
0.001479149
0.001121044
0.001431465
0.001249790
0.001439571
0.001433849
0.001107216
0.001441479
0.001190186
0.001188755
0.001438856
0.001253128
0.001455545
0.001433134
0.001432657
0.001172543
0.001430511
0.001188755
0.001469612
0.001203775
0.001467228
0.001211166
0.001436710
0.001183987
0.001438856
0.001196861
0.001196384
0.001443386
0.001170397
0.001553535
0.001197100
0.001456738
0.001425266
0.001179457
0.001196861
0.001465797
0.001467943
0.001200199
0.001456738
0.001180172
0.001188517
0.001491308
0.001192808
0.001448154
0.001441002
0.001189709
0.001428127
0.001249552
0.001186609
0.001433134
0.001443148
0.001184464
0.001446486
0.001442909
0.001191139
0.001192808
0.001172304
0.001435757
0.001451254
0.001189232
0.001184225
0.001455784
0.001422882
0.001189709
0.001446962
0.001178026
0.001181841
0.001455069
0.001177788
0.001447439
0.001445055
0.001235247
0.001194715
0.001131296
0.001197577
0.001450539
0.001442432
0.001444101
0.001201153
0.001211405
0.001456261
0.001465082
0.001196861
0.001438618
0.001448631
0.001202822
0.010813475
0.001444101
0.001194715
0.001194000
0.001119614
0.001230001
0.001138687
0.001116037
0.001113653
0.001108170
0.001115084
0.001111984
0.001116514
0.001142263
0.001138687
0.001131296
0.001116753
0.001114130
0.001120329
0.001107693
0.001176119
0.001149416
0.001125336
0.001108885
0.001125097
0.001116037
0.001132011
0.001120329
0.001116276
0.001121759
0.001127005
0.001131535
0.001119375
0.001117706
0.001128435
0.001112223
0.001145124
0.001125813
0.001125574
0.001115084
0.001125336
0.001120806
0.001123905
0.001117468
0.001123905
0.001132965
0.001144171
0.001153231
0.001152992
0.001113176
0.001106977
0.001115322
0.001127005
0.001137018
0.001110315
0.001131773
0.001122236
0.001116037
0.001115322
0.001101732
0.001118183
0.001107216
0.001111269
0.001119852
0.001108646
0.001100779
0.001121759
0.001110077
0.001106024
0.001116753
0.001116514
0.001103878
0.001106739
0.001121521
0.001120090
0.001109838
0.001122475
0.001120329
0.001109362
0.001114845
0.001131058
0.001114368
0.001111507
0.001109838
0.001109123
0.001111031
0.001122713
0.001114130
0.001108885
0.001110077
0.001117468
0.001127005
0.001117229
0.001113653
0.001123905
0.001126766
0.001134634
0.001119852
0.001114607
0.001101732
0.001118660
0.001108885
0.001112223
0.001113892
0.001121283
0.001103401
0.001119137
0.001110554
0.001096249
0.001111269
0.001119614
0.001118660
0.001117229
0.001114845
0.001109600
0.001111746
0.001123905
0.001115084
0.001114845
0.001122236
0.001128912
0.001121998
0.001110077
0.001113653
0.001115084
0.001109838
0.001121521
0.001132011
0.001127243
0.001108885
0.001117945
0.001116037
0.001122475
0.001130342
0.001134396
0.001129389
0.001121521
0.001109838
0.001118183
0.001114845
0.001136780
0.001112223
0.001106977
0.001114845
0.001102686
0.001109600
0.001121283
0.001107216
0.001103878
0.001097202
0.001102448
0.001102209
0.001109362
0.001110792
0.001115322
0.001119614
0.001119852
0.001105070
0.001099110
0.001112461
0.001123428
0.001126766
0.001104116
0.001128197
0.001115561
0.001114368
0.001111031
0.001112700
0.001111984
0.001104832
0.001118183
0.001116514
0.001108170
0.001129627
0.001130581
0.001115084
0.001116753
0.001116753
0.001109362
0.001225471
0.001120806
0.001134157
0.001113653
0.001115799
0.001114845
0.001125336
0.001147747
0.001145363
0.001132965
0.001146317
0.001126289
0.001142025
0.001120567
0.001136780
0.001137733
0.001159191
0.001195192
0.001147985
0.001101971
0.001103401
0.001121283
0.001105309
0.001155853
