0.000145435
0.000144482
0.000081539
0.000082254
0.000127554
0.000081539
0.000147581
0.000079393
0.000091791
0.000092745
0.000074625
0.000071764
0.000144958
0.000080109
0.000073195
0.000072479
0.000079155
0.000073195
0.000143290
0.000131369
0.000084400
0.000068903
0.000104904
0.000087738
0.000137806
0.000091314
0.000120878
0.000088453
0.000118971
0.000083923
0.000144720
0.000073910
0.000071526
0.000071287
0.000076056
0.000070572
0.000138283
0.000119686
0.000148535
0.000097752
0.000140190
0.000077009
0.000129223
0.000090361
0.000072956
0.000087500
0.000083447
0.000092745
0.000149965
0.000082016
0.000155449
0.000072002
0.000077963
0.000157118
0.000150919
0.000082254
0.000086784
0.000091076
0.000096798
0.000075340
0.000129938
0.000080347
0.000076771
0.000080109
0.000089884
0.000073671
0.000141621
0.000076532
0.000131369
0.000087023
0.000155687
0.000076056
0.000134706
0.000088930
0.000074148
0.000074148
0.000083923
0.000078440
0.000149965
0.000127792
0.000119925
0.000072956
0.000082254
0.000079870
0.000133514
0.000083208
0.000094652
0.000080585
0.000138283
0.000084877
0.000141621
0.000077009
0.000074863
0.000074863
0.000113487
0.000088453
0.000144720
0.000081778
0.000095367
0.000083447
0.000102758
0.000070333
0.000127792
0.000090837
0.000077724
0.000081062
0.000090599
0.000076771
0.000146151
0.000087500
0.000075579
0.000071049
0.000084639
0.000065804
0.000070095
0.000072241
0.000087261
0.000080109
0.000099182
0.000078440
0.000074625
0.000066280
0.000087738
0.000090361
0.000080585
0.000079632
0.000083447
0.000072002
0.000090837
0.000072002
0.000114202
0.000073195
0.000075102
0.000066996
0.000075102
0.000077486
0.000082254
0.000072002
0.000152111
0.000084162
0.000143766
0.000072002
0.000084400
0.000077724
0.000071764
0.000077963
0.000094652
0.000078201
0.000103951
0.000074148
0.000079155
0.000067472
0.000080824
0.000071287
0.000069380
0.000068665
0.000082254
0.000071049
0.000088692
0.000076056
0.000081539
0.000066519
0.000076532
0.000076056
0.000073433
0.000075102
0.000081301
0.000076056
0.000093699
0.000074863
0.000070572
0.000066519
0.000075102
0.000072479
0.000075340
0.000069380
0.000081539
0.000078440
0.000150442
0.000077486
0.000102758
0.000075817
0.000070810
0.000077963
0.000071049
0.000069857
0.000082254
0.000081778
0.000150442
0.000080585
0.000139952
0.000069141
0.000069618
0.000066519
0.000074387
0.000087500
0.000084400
0.000071287
0.000140667
0.000079155
0.000076532
0.000075102
0.000076532
0.000078440
0.000071526
0.000070333
0.000083923
0.000076532
0.000095129
0.000077486
0.000076532
0.000071764
0.000072479
0.000065088
0.000068903
0.000074148
0.000081539
0.000070095
0.000091314
0.000072002
0.000071049
0.000065327
0.000095606
0.000084162
0.000072241
0.000071526
0.000120401
0.000072956
0.000097036
0.000112534
0.000081062
0.000074863
0.000071764
0.000066042
0.000076294
0.000075579
0.000083923
0.000079155
0.000136852
0.000142813
0.000082016
0.000066042
0.000068903
0.000076771
0.000085831
0.000080824
0.000089884
0.000071049
0.000086784
0.000075579
0.000075579
0.000070333
0.000076532
0.000088930
0.000071764
0.000069380
0.000080347
0.000075817
0.000129938
0.000083447
0.000071526
0.000078440
0.000070810
0.000077009
0.000075340
0.000073195
0.000088215
0.000078440
0.000094175
0.000074863
0.000070333
0.000072241
0.000073195
0.000068665
0.000070333
0.000069141
0.000078201
0.000083208
0.000090837
0.000114679
0.000075579
0.000074148
0.000069618
0.000076771
0.000073195
0.000075340
0.000082731
0.000072956
0.000133753
0.000148058
0.000083447
0.000071764
0.000074148
0.000070572
0.000083208
0.000104904
0.000099897
0.000079393
0.000155926
0.000087738
