0.000238180
0.000154972
0.000458956
0.000183344
0.000150681
0.000149012
0.000169516
0.000189781
0.000192642
0.000154257
0.000376225
0.000471115
0.000160456
0.000219107
0.000508070
0.000159025
0.000155687
0.000178814
0.000157833
0.000162601
0.000157595
0.000157356
0.000158072
0.000158072
0.000167370
0.000150919
0.000152111
0.000159502
0.000153065
0.000161886
0.000149250
0.000159025
0.000177860
0.000172138
0.000171423
0.000170469
0.000175714
0.000217438
0.000359535
0.000245810
0.000290155
0.000353575
0.000233889
0.000228882
0.000409842
0.000362396
0.000163078
0.000177145
0.000165701
0.000436783
0.000340700
0.000375032
0.000171185
0.000163555
0.000166893
0.000158310
0.000156641
0.000154734
0.000183344
0.000155449
0.000152826
0.000155687
0.000185966
0.000152588
0.000159740
0.000194073
0.000170231
0.000183344
0.000177622
0.000169277
0.000155210
0.000159979
0.000181198
0.000151396
0.000151873
0.000151396
0.000200272
0.000155926
0.000160456
0.000193596
0.000162601
0.000153065
0.000161409
0.000190020
0.000155210
0.000153542
0.000185013
0.000157356
0.000157833
0.000164747
0.000150204
0.000155449
0.000164270
0.000157356
0.000197887
0.000165701
0.000172615
0.000175476
0.000170708
0.000207901
0.000213385
0.000295639
0.000300169
0.000171661
0.000207663
0.000165462
0.000286579
0.000571489
0.000255108
0.000458717
0.000163555
0.000428677
0.000195980
0.000174046
0.000166178
0.000156403
0.000170231
0.000172615
0.000187159
0.000163078
0.000164986
0.000155210
0.000150681
0.000160694
0.000155926
0.000184059
0.000158310
0.000160456
0.000151396
0.000154734
0.000152588
0.000156403
0.000188828
0.000154018
0.000153065
0.000152588
0.000154018
0.000158787
0.000150681
0.000167608
0.000153780
0.000151634
0.000151634
0.000177145
0.000163078
0.000153065
0.000153542
0.000158072
0.000161171
0.000164270
0.000164509
0.000160933
0.000198364
0.000158072
0.000152588
0.000154018
0.000166178
0.000155449
0.000183582
0.000180006
0.000170469
0.000195503
0.000163794
0.000183582
0.000285149
0.000371695
0.000234842
0.000261068
0.000171900
0.000349045
0.000214577
0.000595331
0.000193119
0.000261784
0.000169039
0.000162363
0.000510931
0.000180006
0.000210047
0.000205517
0.000292301
0.000197649
0.000162125
0.000563145
0.000555277
0.000492573
0.000171900
0.000323772
0.000174999
0.000180721
0.000198364
0.000184536
0.000164986
0.000188589
0.000169039
0.000162840
0.000163078
0.000153780
0.000163555
0.000156879
0.000188351
0.000158548
0.000162125
0.000162840
0.000166178
0.000162125
0.000171900
0.000178814
0.000162125
0.000181198
0.000382662
0.000151873
0.000167608
0.000181675
0.000152826
0.000153303
0.000153542
0.000159979
0.000167131
0.000160694
0.000177622
0.000169277
0.000207663
0.000179291
0.000187635
0.000182867
0.000164270
0.000182152
0.000199318
0.000173569
0.000191689
0.000279427
0.000370264
0.000171185
0.000415325
0.000214815
0.000269175
0.000397682
0.000171900
0.000193834
0.000166416
0.000164747
0.000162601
0.000191450
0.000163078
0.000157595
0.000185966
0.000164509
0.000157833
0.000309706
0.000321388
0.000175953
0.000432014
0.000324011
0.000196457
0.000176430
0.000178099
0.000168085
0.000168562
0.000163078
0.000162601
0.000177860
0.000150204
0.000148296
0.000174284
0.000102520
0.000145197
0.000085354
0.000199795
0.000151873
0.000149250
0.000159264
0.000185966
0.000160456
0.000193357
0.000166178
0.000158310
0.000159740
0.000151873
0.000153065
0.000180006
0.000147104
0.000146389
0.000086784
0.000144482
0.000140905
0.000083447
0.000084877
0.000156403
0.000087500
0.000148058
0.000090599
0.000068665
0.000074387
0.000081778
0.000079632
0.000144243
0.000082731
0.000089645
0.000075817
