0.000487328
0.000507832
0.000453472
0.000472784
0.000455379
0.000400305
0.000368834
0.000423193
0.000433683
0.000363350
0.000362396
0.000477314
0.000494480
0.000470877
0.000366211
0.000427723
0.000353813
0.000402927
0.000445366
0.000370979
0.000448704
0.000435829
0.000388384
0.000405073
0.000435829
0.000482559
0.000372171
0.000432253
0.000447512
0.000477076
0.000442028
0.000378609
0.000369549
0.000466824
0.000394344
0.000396252
0.000445127
0.000437021
0.000455141
0.000357628
0.000363350
0.000407934
0.000452042
0.000472784
0.000469685
0.000348806
0.000352144
0.000477791
0.000369072
0.000482082
0.000367165
0.000454187
0.000369072
0.000479698
0.000383854
0.000352144
0.000440598
0.000422716
0.000368595
0.000475168
0.000446320
0.000454664
0.000370264
0.000394106
0.000454426
0.000349998
0.000359774
0.000422716
0.000365019
0.000449419
0.000363350
0.000363111
0.000448227
0.000462294
0.000444412
0.000427723
0.000366688
0.000374794
0.000460625
0.000362873
0.000433683
0.000373363
0.000452518
0.000414610
0.000465631
0.000351429
0.000339508
0.000427246
0.000432968
0.000359058
0.000362635
0.000449419
0.000436306
0.000478745
0.000397444
0.000425816
0.000364780
0.000353098
0.000346661
0.000394344
0.000445127
0.000353575
0.000351191
0.000372410
0.000371456
0.000332117
0.000334978
0.000323057
0.000341415
0.000336647
0.000344992
0.000352621
0.000346899
0.000384569
0.000351429
0.000329733
0.000339508
0.000333548
0.000369549
0.000341177
0.000341415
0.000354528
0.000353098
0.000367403
0.000351429
0.000333548
0.000341654
0.000326633
0.000344515
0.000334501
0.000339031
0.000349760
0.000393867
0.000380516
0.000382900
0.000338078
0.000346184
0.000323534
0.000346899
0.000338793
0.000336885
0.000352144
0.000341415
0.000411987
0.000387907
0.000337362
0.000344753
0.000326872
0.000343800
0.000347853
0.000341415
0.000346661
0.000347853
0.000387907
0.000354290
0.000328779
0.000344276
0.000341654
0.000348568
0.000331402
0.000353813
0.000353336
0.000344753
0.000378847
0.000344515
0.000335932
0.000341892
0.000332832
0.000344992
0.000325203
0.000346422
0.000346661
0.000350475
0.000366926
0.000352859
0.000324965
0.000334978
0.000367641
0.000349760
0.000331640
0.000376463
0.000355244
0.000361443
0.000363350
0.000378370
0.000326633
0.000346899
0.000330210
0.000345707
0.000325203
0.000344753
0.000373125
0.000353098
0.000380993
0.000378609
0.000336170
0.000338316
0.000346422
0.000338078
0.000351429
0.000337601
0.000352144
0.000374079
0.000351191
0.000355244
0.000322580
0.000336409
0.000326157
0.000346422
0.000336409
0.000338316
0.000341892
0.000370264
0.000375509
0.000360727
0.000333548
0.000347376
0.000352144
0.000341654
0.010397673
0.000343323
0.000350714
0.000369310
0.000366449
0.000342369
0.000324965
0.000334978
0.000325918
0.000343800
0.000332117
0.000346184
0.000354528
0.000366926
0.000353098
0.000370741
0.000324488
0.000344276
0.000357389
0.000341892
0.000338316
0.000341415
0.000344038
0.000382423
0.000363350
0.000379086
0.000333071
0.000345707
0.000344515
0.000337124
0.000357389
0.000361919
0.000349283
0.000386477
0.000391483
0.000358105
0.000334024
0.000333071
0.000359774
0.000354528
0.000332832
0.000341654
0.000339508
0.000380754
0.000358343
0.000345707
0.000337839
0.000334740
0.000326395
0.000337601
0.000324726
0.000341654
0.000355005
0.000389099
0.000353575
0.000344276
0.000322819
0.000362635
0.000354290
0.000361443
0.000333071
0.000347853
0.000347614
0.000374079
0.000390291
0.000365973
0.000336885
0.000344276
0.000325680
0.000335693
0.000328541
0.000344992
0.000336170
0.000376225
0.000362635
0.000372171
0.000328302
0.000337839
0.000345707
0.000337362
0.000370502
