0.000151634
0.000142336
0.000081778
0.000068903
0.000077724
0.000078440
0.000077248
0.000139475
0.000083447
0.000085354
0.000077248
0.000071287
0.000076294
0.000141621
0.000079393
0.000076294
0.000077486
0.000072002
0.000077248
0.000146627
0.000082493
0.000065804
0.000098944
0.000100136
0.000077248
0.000135899
0.000094891
0.000088215
0.000081539
0.000105858
0.000104427
0.000133514
0.000088930
0.000069618
0.000070572
0.000076771
0.000073195
0.000070810
0.000072718
0.000137091
0.000152588
0.000102282
0.000106335
0.000068426
0.000078917
0.000079632
0.000082731
0.000083923
0.000080347
0.000129938
0.000089884
0.000066280
0.000150919
0.000086069
0.000081062
0.000074387
0.000081301
0.000078201
0.000154257
0.000107050
0.000113964
0.000074148
0.000072479
0.000064611
0.000070572
0.000076294
0.000077009
0.000077724
0.000083685
0.000089884
0.000151873
0.000152111
0.000083208
0.000069380
0.000074625
0.000088692
0.000086308
0.000080824
0.000074148
0.000155687
0.000159979
0.000076294
0.000087500
0.000065804
0.000082493
0.000081539
0.000086784
0.000075340
0.000091553
0.000133753
0.000156641
0.000073671
0.000072718
0.000086069
0.000071764
0.000087261
0.000084639
0.000077963
0.000076771
0.000091076
0.000080109
0.000067949
0.000074625
0.000069380
0.000071526
0.000073910
0.000087023
0.000073433
0.000071049
0.000085592
0.000087500
0.000064850
0.000073671
0.000066280
0.000071049
0.000073910
0.000082016
0.000079632
0.000145674
0.000090361
0.000076294
0.000064850
0.000095844
0.000103474
0.000082493
0.000073671
0.000109434
0.000079155
0.000076294
0.000105619
0.000135660
0.000072002
0.000075817
0.000065327
0.000071287
0.000071764
0.000077248
0.000074387
0.000075102
0.000142097
0.000145435
0.000070333
0.000075817
0.000066757
0.000077248
0.000092983
0.000084639
0.000072718
0.000077724
0.000083685
0.000085831
0.000070333
0.000072956
0.000070572
0.000067472
0.000070572
0.000076056
0.000073910
0.000075579
0.000083685
0.000073195
0.000065088
0.000071526
0.000065088
0.000072956
0.000075102
0.000079632
0.000070095
0.000068188
0.000080824
0.000070572
0.000065327
0.000076532
0.000071049
0.000076532
0.000071049
0.000078440
0.000076532
0.000150919
0.000103474
0.000113010
0.000068665
0.000069380
0.000065327
0.000073195
0.000072718
0.000077009
0.000075340
0.000069618
0.000146627
0.000150681
0.000070095
0.000068188
0.000069380
0.000071764
0.000078917
0.000084877
0.000073910
0.000072002
0.000132561
0.000086546
0.000072002
0.000082970
0.000078440
0.000072479
0.000071049
0.000078678
0.000078678
0.000083208
0.000104666
0.000073433
0.000065327
0.000068426
0.000065565
0.000072002
0.000074863
0.000076056
0.000069618
0.000069141
0.000083923
0.000070810
0.000069857
0.000083923
0.000072479
0.000069857
0.000073910
0.000076771
0.000070095
0.000076532
0.000094175
0.000106573
0.000077724
0.000075579
0.000071526
0.000093699
0.000074863
0.000086546
0.000077009
0.000081301
0.000137329
0.000134706
0.000067949
0.000072956
0.000070095
0.000076532
0.000074863
0.000085354
0.000071526
0.000077009
0.000096321
0.000081062
0.000067472
0.000067949
0.000064135
0.000068665
0.000067234
0.000076294
0.000074387
0.000069618
0.000101805
0.000073433
0.000068665
0.000073910
0.000074863
0.000073910
0.000071764
0.000079870
0.000078201
0.000126839
0.000142574
0.000098228
0.000084639
0.000079870
0.000072718
0.000073433
0.000068188
0.000077486
0.000082493
0.000077248
0.000096798
0.000109434
0.000072718
0.000068903
0.000073433
0.000074148
0.000155926
0.000087738
0.000076771
0.000071526
0.000134468
0.000137806
0.000079632
0.000078678
0.000066519
0.000106573
0.000092506
0.000084639
0.000089407
0.000081539
0.000112772
