0.331061840
0.231136322
0.131146908
0.031151772
0.000159264
0.000150204
0.000159025
0.000147581
0.000180721
0.000171900
0.000157356
0.000147820
0.000155210
0.000152111
0.000149488
0.000147820
0.000146866
0.000149488
0.000182152
0.000149012
0.000147343
0.000149012
0.000148058
0.000148535
0.000155210
0.000156403
0.000148535
0.000174999
0.000179529
0.000153065
0.000115395
0.000149250
0.000155210
0.000151873
0.000138044
0.000163317
0.000176907
0.000180006
0.000150442
0.000154734
0.000156641
0.000145435
0.000152349
0.000159264
0.000155210
0.000147104
0.000176668
0.000148535
0.000150204
0.000148535
0.000149488
0.000154018
0.000157118
0.000149250
0.000149965
0.000175476
0.000149965
0.000148296
0.000149012
0.000150204
0.000118017
0.000149727
0.000149727
0.000148058
0.000107288
0.000175238
0.000153780
0.000148296
0.000147343
0.000149727
0.000149727
0.000150681
0.000153303
0.000149488
0.000168085
0.000149727
0.000150681
0.000150204
0.000155687
0.000150204
0.000202894
0.000161886
0.000154018
0.000156879
0.000146151
0.000155926
0.000149250
0.000152588
0.000155210
0.000147581
0.000131130
0.000145912
0.000158072
0.000156164
0.000143766
0.000186443
0.000169516
0.000161409
0.000170708
0.000162840
0.000182867
0.000175476
0.000173092
0.000316381
0.000205517
0.000194073
0.000192642
0.000220537
0.000211239
0.000216246
0.000206709
0.000227213
0.000306368
0.000240326
0.000262976
0.000231504
0.000215292
0.000239372
0.000234604
0.000214338
0.000239134
0.000211000
0.000225306
0.000294447
0.000193357
0.000246763
0.000191689
0.000576973
0.000196457
0.000212669
0.000567436
0.000513554
0.000426769
0.000476360
0.000549793
0.000247717
0.000190973
0.000233173
0.000212193
0.000566244
0.000294209
0.000531435
0.000213146
0.000377655
0.000436544
0.000385761
0.000343800
0.000440598
0.000454903
0.000504255
0.000393629
0.000464439
0.000314713
0.000311136
0.000387430
0.000162601
0.000158787
0.000164509
0.000169754
0.000161886
0.000203133
0.000183344
0.000162363
0.000154018
0.000153065
0.000152111
0.000158310
0.000153065
0.000153065
0.000195026
0.000177860
0.000156641
0.000153542
0.000151396
0.000152588
0.000153303
0.000154018
0.000152588
0.000157595
0.000180006
0.000153542
0.000159502
0.000152111
0.000152588
0.000155926
0.000150919
0.000151873
0.000152588
0.000187397
0.000187397
0.000153780
0.000150204
0.000160456
0.000157833
0.000154257
0.000152588
0.000149488
0.000151157
0.000186920
0.000159025
0.000151157
0.000151396
0.000152349
0.000151634
0.000153542
0.000149012
0.000157356
0.000178337
0.000179529
0.000152111
0.000124931
0.000149250
0.000150919
0.000149965
0.000146627
0.000149488
0.000161409
0.000178814
0.000152826
0.000153542
0.000152349
0.000160456
0.000152349
0.000150442
0.000157833
0.000159025
0.000177383
0.000153303
0.000153303
0.000153065
0.000153065
0.000151157
0.000158787
0.000151396
0.000151157
0.000178099
0.000177622
0.000149250
0.000158072
0.000164986
0.000125170
0.000150204
0.000157595
0.000150681
0.000112295
0.000179052
0.000154734
0.000149965
0.000148773
0.000149965
0.000151396
0.000149250
0.000149012
0.000150919
0.000171185
0.000167131
0.000149965
0.000149965
0.000151157
0.000150919
0.000176907
0.000181437
0.000152349
0.000149965
0.000164986
0.000157118
0.000154734
0.000149965
0.000156403
0.000158072
0.000119925
0.000153303
0.000151396
0.000162840
0.000165701
0.000215054
0.000156164
0.000172377
0.000160933
0.000166893
0.000166655
0.000168324
0.000376225
0.000169754
0.000196457
0.000208378
0.000200510
0.000170708
0.000169754
0.000172377
0.000169754
0.000205517
0.000223875
0.000320196
0.000187397
0.000195742
0.000169277
0.000237703
0.000231743
0.000179052
