0.000161409
0.000183582
0.000078201
0.000075579
0.000073195
0.000154257
0.000082493
0.000086308
0.000090837
0.000081539
0.000100136
0.000146627
0.000086546
0.000139236
0.000078440
0.000083685
0.000085354
0.000120640
0.000089169
0.000155210
0.000100136
0.000088453
0.000079393
0.000153542
0.000083447
0.000093937
0.000080109
0.000087023
0.000087023
0.000142574
0.000098467
0.000123262
0.000083208
0.000077009
0.000071287
0.000138044
0.000087023
0.000083923
0.000098705
0.000084400
0.000140667
0.000159264
0.000082016
0.000087500
0.000073195
0.000090599
0.000138998
0.000125885
0.000094891
0.000093699
0.000142097
0.000098944
0.000080347
0.000135422
0.000079155
0.000081301
0.000079632
0.000082970
0.000086069
0.000137091
0.000103951
0.000080824
0.000082970
0.000079393
0.000076056
0.000084162
0.000077486
0.000086308
0.000083923
0.000080109
0.000099182
0.000082254
0.000072956
0.000081301
0.000071764
0.000076294
0.000075340
0.000092030
0.000150919
0.000094414
0.000128746
0.000163078
0.000134230
0.000135660
0.000144958
0.000149250
0.000149488
0.000094414
0.000086546
0.000080347
0.000137091
0.000149488
0.000081301
0.000075817
0.000072241
0.000074863
0.000085115
0.000081778
0.000092745
0.000084162
0.000154257
0.000096321
0.000075817
0.000088692
0.000071287
0.000085115
0.000078440
0.000085115
0.000087261
0.000084639
0.000096083
0.000078917
0.000075102
0.000084400
0.000072002
0.000073671
0.000075817
0.000079870
0.000090361
0.000083447
0.000169277
0.000178576
0.000168800
0.000158787
0.000081062
0.000094414
0.000081062
0.000087261
0.000117064
0.000149727
0.000128269
0.000121355
0.000099421
0.000088692
0.000078678
0.000074387
0.000074148
0.000082493
0.000087261
0.000084162
0.000149965
0.000151873
0.000076532
0.000073671
0.000072241
0.000081062
0.000085354
0.000093222
0.000089407
0.000078917
0.000090361
0.000082731
0.000071764
0.000074625
0.000075102
0.000084639
0.000074148
0.000080585
0.000082970
0.000078440
0.000151396
0.000090837
0.000079155
0.000083208
0.000079870
0.000081539
0.000076294
0.000082016
0.000092983
0.000088930
0.000097036
0.000080347
0.000071526
0.000073671
0.000070333
0.000080109
0.000085115
0.000087500
0.000094414
0.000077486
0.000094414
0.000111103
0.000082254
0.000079632
0.000071526
0.000081301
0.000073910
0.000083685
0.000094175
0.000083208
0.000139236
0.000144720
0.000074148
0.000087976
0.000078440
0.000079870
0.000154495
0.000094414
0.000088692
0.000085831
0.000092030
0.000086069
0.000075817
0.000079393
0.000075102
0.000089645
0.000073910
0.000080109
0.000081539
0.000080109
0.000092030
0.000082016
0.000070810
0.000072479
0.000069618
0.000072479
0.000073671
0.000080585
0.000085831
0.000082493
0.000114679
0.000080585
0.000077486
0.000099182
0.000078201
0.000083447
0.000074625
0.000089645
0.000086784
0.000078678
0.000091076
0.000116587
0.000078201
0.000073433
0.000070095
0.000073195
0.000073910
0.000080109
0.000086308
0.000083685
0.000133038
0.000151396
0.000074148
0.000074148
0.000070572
0.000082254
0.000093937
0.000089169
0.000084400
0.000077724
0.000148058
0.000092745
0.000077248
0.000086546
0.000073195
0.000074387
0.000070095
0.000081539
0.000086784
0.000151396
0.000109911
0.000109196
0.000078201
0.000074387
0.000078201
0.000080109
0.000076294
0.000083208
0.000085115
0.000077486
0.000102997
0.000162125
0.000125408
0.000089169
0.000080824
0.000085592
0.000071049
0.000084162
0.000102758
0.000080824
0.000128031
0.000124216
0.000082016
0.000080585
0.000082970
0.000076294
0.000077724
0.000084162
0.000094891
0.000082016
0.000149250
0.000152826
0.000075102
0.000074863
0.000081062
0.000078678
0.000082731
0.000088215
0.000084400
0.000089407
