0.000155926
0.000154495
0.000080824
0.000074148
0.000068426
0.000141144
0.000087500
0.000119448
0.000145674
0.000102043
0.000075817
0.000141621
0.000073671
0.000078678
0.000083208
0.000074387
0.000075340
0.000146627
0.000078440
0.000091553
0.000088930
0.000151396
0.000077486
0.000135422
0.000084162
0.000074387
0.000076532
0.000095367
0.000084400
0.000161648
0.000130892
0.000088692
0.000083685
0.000073910
0.000082016
0.000137806
0.000077009
0.000088692
0.000085115
0.000140667
0.000150442
0.000145435
0.000078917
0.000074148
0.000082731
0.000088453
0.000074387
0.000148058
0.000086308
0.000096083
0.000093460
0.000075102
0.000068188
0.000126600
0.000091553
0.000080347
0.000079393
0.000086546
0.000074863
0.000149727
0.000086308
0.000091791
0.000078917
0.000078440
0.000069618
0.000099421
0.000158548
0.000132799
0.000091314
0.000147820
0.000089169
0.000094175
0.000071287
0.000140667
0.000097036
0.000075817
0.000084877
0.000113487
0.000081778
0.000100851
0.000114679
0.000087500
0.000071287
0.000077009
0.000080824
0.000072241
0.000075340
0.000088453
0.000074148
0.000145912
0.000149965
0.000082493
0.000076532
0.000078678
0.000078678
0.000082254
0.000081062
0.000142097
0.000090361
0.000093460
0.000086784
0.000079155
0.000068426
0.000072241
0.000071764
0.000082970
0.000073910
0.000081062
0.000074148
0.000096083
0.000081778
0.000075817
0.000072718
0.000071049
0.000078678
0.000072956
0.000077963
0.000088453
0.000078917
0.000094891
0.000086308
0.000071526
0.000078201
0.000075102
0.000078201
0.000081539
0.000078678
0.000084877
0.000081778
0.000096798
0.000115871
0.000077486
0.000075340
0.000072002
0.000079393
0.000072956
0.000079393
0.000103235
0.000077009
0.000133514
0.000147104
0.000086784
0.000071764
0.000067234
0.000083447
0.000087023
0.000080347
0.000084877
0.000075817
0.000151873
0.000091314
0.000069857
0.000084400
0.000072241
0.000080585
0.000071049
0.000087023
0.000089645
0.000082970
0.000087261
0.000079870
0.000072718
0.000071526
0.000070572
0.000070333
0.000072718
0.000102282
0.000090599
0.000079155
0.000091314
0.000077009
0.000068188
0.000071287
0.000090122
0.000089407
0.000085115
0.000082254
0.000082731
0.000159264
0.000152826
0.000118017
0.000079155
0.000084877
0.000069141
0.000071049
0.000070333
0.000078201
0.000089169
0.000083923
0.000132561
0.000144243
0.000077963
0.000084877
0.000067234
0.000078201
0.000089169
0.000081301
0.000082970
0.000074387
0.000098944
0.000088692
0.000067711
0.000076771
0.000071526
0.000070333
0.000071049
0.000077486
0.000082254
0.000073433
0.000113010
0.000079870
0.000075817
0.000077248
0.000074387
0.000077724
0.000072002
0.000082016
0.000123024
0.000086784
0.000092983
0.000078440
0.000067234
0.000074148
0.000071526
0.000077963
0.000085354
0.000077009
0.000085354
0.000075102
0.000084400
0.000113010
0.000082731
0.000070572
0.000068188
0.000079155
0.000084162
0.000084877
0.000083208
0.000078678
0.000140190
0.000137329
0.000071526
0.000085115
0.000070810
0.000074863
0.000083208
0.000079632
0.000152588
0.000093937
0.000091553
0.000084162
0.000073910
0.000075102
0.000069857
0.000084639
0.000072002
0.000079155
0.000079393
0.000085831
0.000085831
0.000075340
0.000070333
0.000072241
0.000067472
0.000069857
0.000075579
0.000079632
0.000079870
0.000075340
0.000138283
0.000089169
0.000068665
0.000085592
0.000083685
0.000091553
0.000073671
0.000078440
0.000112057
0.000087500
0.000092268
0.000117779
0.000078201
0.000071287
0.000067949
0.000074625
0.000071287
0.000077963
0.000084162
0.000073195
0.000138760
0.000150204
0.000072479
0.000071287
0.000071764
0.000085592
0.000082731
0.000081301
0.000092030
0.000077009
0.000092983
