0.000236988
0.000184536
0.000113249
0.000104666
0.000100851
0.000162125
0.000172138
0.000094891
0.000090599
0.000108719
0.000140667
0.000175953
0.000100613
0.000093937
0.000087500
0.000089407
0.000150681
0.000166178
0.000093699
0.000104189
0.000112534
0.000123978
0.000096321
0.000159979
0.000096798
0.000114202
0.000114679
0.000162601
0.000091314
0.000160217
0.000144243
0.000127077
0.000136852
0.000097990
0.000095129
0.000225306
0.000094652
0.000096560
0.000094414
0.000103235
0.000118732
0.000171900
0.000173569
0.000099659
0.000092268
0.000095606
0.000156403
0.000161409
0.000092030
0.000106573
0.000105381
0.000119925
0.000105858
0.000165701
0.000157118
0.000092745
0.000087023
0.000090361
0.000097513
0.000161171
0.000112057
0.000168324
0.000102043
0.000092983
0.000093460
0.000155210
0.000105381
0.000096083
0.000097990
0.000097275
0.000109434
0.000121593
0.000104427
0.000096560
0.000088930
0.000091314
0.000155210
0.000091791
0.000102043
0.000104904
0.000106812
0.000117064
0.000141144
0.000094652
0.000151157
0.000100613
0.000101566
0.000116587
0.000096083
0.000099659
0.000109196
0.000159264
0.000167131
0.000102758
0.000153065
0.000093460
0.000087261
0.000201702
0.000106573
0.000118494
0.000131845
0.000170231
0.000108242
0.000092745
0.000085592
0.000091076
0.000098228
0.000094652
0.000093460
0.000107050
0.000114918
0.000118494
0.000095367
0.000085592
0.000094414
0.000097752
0.000089169
0.000088930
0.000097036
0.000100851
0.000100851
0.000125170
0.000099421
0.000085354
0.000099182
0.000101566
0.000109196
0.000097036
0.000098467
0.000104189
0.000108719
0.000115633
0.000132561
0.000088215
0.000088215
0.000089884
0.000104666
0.000092268
0.000094414
0.000092506
0.000106812
0.000152826
0.000162125
0.000098467
0.000089169
0.000084639
0.000102282
0.000099421
0.000097990
0.000099182
0.000105858
0.000109673
0.000103235
0.000096560
0.000097275
0.000085831
0.000092983
0.000094652
0.000096560
0.000100851
0.000109196
0.000113487
0.000092745
0.000089884
0.000092745
0.000085354
0.000102997
0.000090361
0.000096798
0.000098467
0.000112057
0.000110626
0.000097752
0.000174761
0.000099897
0.000086308
0.000094652
0.000101328
0.000103951
0.000112534
0.000107288
0.000146866
0.000140667
0.000098944
0.000103235
0.000091314
0.000098467
0.000093699
0.000107050
0.000097513
0.000117302
0.000154972
0.000162363
0.000102520
0.000091553
0.000086069
0.000088215
0.000103951
0.000105858
0.000102282
0.000103712
0.000111580
0.000101328
0.000097752
0.000090837
0.000091314
0.000107288
0.000090361
0.000095129
0.000097752
0.000101089
0.000113010
0.000098705
0.000093222
0.000097752
0.000086069
0.000087500
0.000088930
0.000097752
0.000099421
0.000113726
0.000107765
0.000101566
0.000089645
0.000087738
0.000117302
0.000121832
0.000097275
0.000097990
0.000094652
0.000137329
0.000120640
0.000147104
0.000099421
0.000095367
0.000086308
0.000088215
0.000087976
0.000095844
0.000099659
0.000105381
0.000168085
0.000170469
0.000091076
0.000096798
0.000091314
0.000102282
0.000103474
0.000101328
0.000097990
0.000130415
0.000125647
0.000129938
0.000095844
0.000093699
0.000088215
0.000087976
0.000096083
0.000094414
0.000092506
0.000110865
0.000109434
0.000099659
0.000094414
0.000087738
0.000091314
0.000097752
0.000089884
0.000096798
0.000098467
0.000101566
0.000106096
0.000098705
0.000084877
0.000094652
0.000089645
0.000094891
0.000096321
0.000096560
0.000099182
0.000107765
0.000113487
0.000145912
0.000098467
0.000094891
0.000084162
0.000096798
0.000088692
0.000095844
0.000109673
0.000114441
0.000154972
0.000167131
0.000089645
0.000089169
0.000084877
0.000092268
0.000112295
0.000113726
0.000103951
