0.011054277
0.000720978
0.000799894
0.000700712
0.000797749
0.000789404
0.000654459
0.000783682
0.000660181
0.000661135
0.000777721
0.000797749
0.000663996
0.000631094
0.000657797
0.000803471
0.000644445
0.000793219
0.000780582
0.000660896
0.000806093
0.000680685
0.000791550
0.000676394
0.000657558
0.000782967
0.000778913
0.000788689
0.000793695
0.000687122
0.000658512
0.000795364
0.000652790
0.000798464
0.000663519
0.000660658
0.000778198
0.000784159
0.000640631
0.000651121
0.000660896
0.000805140
0.000724316
0.000814676
0.000790358
0.000776052
0.000776768
0.000660658
0.000810623
0.000661135
0.000640869
0.000652790
0.000793457
0.000799417
0.000795603
0.000647068
0.000650644
0.000780821
0.000792980
0.000791073
0.000656128
0.000791073
0.000661850
0.000653505
0.000790834
0.000645161
0.000644445
0.000782490
0.000795603
0.000659466
0.000642300
0.000656128
0.000653505
0.000784874
0.000790834
0.000780106
0.000664473
0.000773668
0.000654936
0.000778913
0.000643015
0.000649691
0.000657320
0.000784636
0.000638723
0.000782967
0.000662804
0.000641823
0.000805855
0.000786781
0.000783920
0.000653982
0.000787735
0.000778675
0.000673056
0.000670433
0.000783920
0.000654221
0.000785589
0.000640392
0.000781775
0.000617266
0.000626087
0.000628948
0.000622988
0.000609636
0.000620365
0.000611544
0.000634670
0.000604868
0.000617743
0.000629663
0.000607967
0.000625372
0.000617027
0.000599384
0.000610590
0.000621557
0.000624418
0.000626564
0.000639200
0.000610828
0.000613451
0.000631809
0.000631332
0.000603914
0.000607491
0.000613213
0.000623226
0.000615835
0.000619173
0.000630617
0.000640392
0.000629663
0.000632763
0.000603676
0.000610352
0.000604868
0.000631094
0.000625134
0.000610828
0.000609636
0.000616550
0.000628710
0.000631094
0.000618458
0.000622511
0.000610352
0.000624895
0.000622511
0.000615835
0.000615120
0.000629187
0.000617504
0.000629902
0.000613213
0.000603199
0.000597477
0.000609398
0.000645161
0.000643492
0.000620127
0.000613928
0.000622272
0.000617027
0.000603676
0.000630379
0.010618448
0.000631094
0.000603437
0.000608444
0.000608921
0.000621080
0.000627041
0.000625849
0.000616074
0.000633001
0.000617266
0.000619888
0.000613689
0.000620842
0.000622511
0.000621557
0.000652552
0.000628710
0.000611067
0.000617743
0.000635862
0.000617981
0.000651598
0.000638723
0.000626326
0.000623941
0.000622511
0.000631571
0.000608921
0.000607014
0.000597239
0.000612974
0.000640154
0.000615358
0.000617504
0.000626087
0.000639915
0.000627518
0.000592709
0.000608206
0.000617743
0.000624895
0.000618935
0.000620604
0.000611305
0.000627041
0.000622749
0.000610352
0.000628710
0.000631571
0.000600576
0.000609875
0.000603199
0.000620127
0.000607967
0.000656605
0.000625372
0.000620842
0.000602484
0.000608683
0.000631332
0.000626802
0.000608444
0.000635862
0.000607729
0.000634670
0.000635624
0.000629902
0.000599384
0.000627995
0.000615120
0.000604391
0.000627518
0.000626564
0.000610352
0.000626802
0.000620842
0.000631094
0.000600338
0.000610590
0.000625849
0.000610352
0.000608921
0.000627041
0.000628233
0.000634432
0.000631094
0.000615835
0.000598669
0.000607491
0.000660896
0.000645876
0.000605345
0.000627756
0.000608921
0.000636578
0.000624180
0.000623703
0.000621319
0.000628710
0.000625134
0.000615835
0.000597954
0.000619173
0.000624657
0.000622511
0.000625134
0.000640392
0.000608921
0.000619173
0.000615120
0.000635386
0.000618219
0.000631332
0.000621796
0.000639677
0.000633955
0.000628710
0.000601768
0.000621080
0.000617981
0.000612974
0.000593901
0.000628710
0.000608683
0.000628710
0.000681400
0.000617981
0.000607729
0.000609398
0.000595331
0.000654459
0.000683546
