0.012810707
0.003058434
0.002238512
0.002676010
0.003065825
0.002958775
0.002584457
0.002256393
0.003011465
0.002620697
0.002441883
0.002988815
0.002958775
0.002286673
0.002985239
0.002399445
0.003057241
0.002938747
0.002417088
0.002427816
0.012851715
0.002970695
0.002516985
0.002947807
0.002466440
0.002964497
0.002421618
0.002458096
0.012757540
0.002420187
0.002972841
0.002943039
0.002961397
0.002426863
0.002510548
0.002989769
0.013944626
0.002424717
0.002385855
0.002944469
0.002531290
0.002456188
0.002440453
0.002950191
0.002981901
0.002970934
0.002453089
0.002959013
0.002961636
0.002431154
0.012469292
0.002945423
0.002987385
0.002454519
0.002413750
0.002436161
0.002995729
0.002986431
0.002419233
0.002930403
0.002980709
0.002451658
0.002445936
0.002966881
0.002982855
0.002421856
0.002965927
0.002943993
0.002474785
0.002452612
0.002481937
0.002534628
0.002978563
0.002480268
0.002993107
0.002964020
0.002982855
0.002440214
0.002961636
0.002960920
0.003006697
0.002554655
0.002466679
0.002980232
0.002950907
0.002451897
0.002446890
0.002465963
0.002460003
0.002962828
0.002967358
0.002477169
0.002956629
0.002276182
0.002941370
0.002439737
0.002942324
0.002452374
0.002418041
0.002257586
0.002959490
0.012046099
0.002268076
0.002261162
0.002287626
0.002252340
0.002254248
0.012049437
0.002258062
0.002248049
0.012056351
0.002308369
0.011964560
0.002250433
0.002268076
0.002244711
0.002249956
0.002254486
0.002243042
0.002278090
0.002306461
0.002302885
0.002267122
0.002262115
0.002278090
0.002264738
0.002281189
0.002264500
0.002280951
0.002252817
0.002265453
0.002305269
0.002267599
0.002280951
0.002270222
0.002246857
0.002257109
0.002241373
0.002273798
0.002264500
0.002281427
0.002298117
0.002276182
0.012011051
0.002262592
0.002269745
0.002264023
0.002266645
0.002264500
0.002259254
0.002278566
0.002303123
0.012076616
0.012085676
0.012045383
0.002268553
0.002260208
0.002259016
0.012071133
0.012008667
0.012051344
0.002287626
0.002286673
0.002259970
0.002269983
0.002264023
0.012062311
0.002268791
0.002279282
0.002251148
0.002285719
0.002313614
0.002282619
0.002250671
0.002293348
0.002273560
0.012062788
0.002250910
0.002252340
0.002245903
0.002282619
0.002311945
0.002268791
0.002269506
0.002270460
0.002260923
0.002245665
0.002277851
0.002273321
0.002285480
0.002274513
0.002303839
0.002278566
0.002270699
0.002283573
0.002272606
0.002268553
0.002252817
0.002274752
0.002269268
0.002279758
0.002312899
0.002268791
0.002265453
0.002276897
0.002238035
0.002264500
0.012012959
0.002271175
0.002277136
0.002297401
0.002316713
0.012024879
0.012051821
0.012039900
0.002287626
0.002261162
0.002273560
0.002262115
0.002275705
0.002285957
0.002326012
0.002278090
0.002281427
0.002271891
0.002263069
0.002258062
0.002271175
0.002276659
0.002280474
0.002272367
0.002317905
0.011999607
0.002264738
0.002261400
0.002256870
0.002260685
0.002256870
0.002279758
0.002268314
0.002279043
0.002310038
0.011971951
0.002261877
0.002257347
0.002318144
0.002282858
0.002312422
0.002301455
0.002274990
0.012057304
0.002309561
0.002290964
0.002290487
0.002301931
0.002279043
0.002273321
0.002285242
0.002278805
0.002322674
0.002304316
0.002333403
0.002313614
0.002312660
0.002313137
0.012118340
0.002317667
0.002303839
0.002291203
0.002281427
0.002280712
0.012085915
0.002263784
0.002304792
0.002281666
0.002281427
0.002262831
0.002259970
0.002265930
0.002278566
0.002274752
0.002312899
0.002272367
0.002281189
0.002282619
0.002253056
0.002276897
0.002266645
0.012018919
0.002259731
0.012048483
0.002306700
0.002268791
0.002259493
0.002288580
0.002266407
0.002279282
0.002261639
0.002267361
0.002346277
