0.015728712
0.006202936
0.006514072
0.005347967
0.015917540
0.004999399
0.005286694
0.004986525
0.006802797
0.005328417
0.004947186
0.006144762
0.005292892
0.006181002
0.004979134
0.004957438
0.006136894
0.006149769
0.004977942
0.006132841
0.006172180
0.004964352
0.005012751
0.004945040
0.006159544
0.004977465
0.006201267
0.015046597
0.006186485
0.004953861
0.006182671
0.004975557
0.006176472
0.006272793
0.004966021
0.006149530
0.004966259
0.004952908
0.013422728
0.006144047
0.004984856
0.006167412
0.006171227
0.006230593
0.005015373
0.006120920
0.004973650
0.013486147
0.006226778
0.005000830
0.006216288
0.006153584
0.005014658
0.013537884
0.013439655
0.015636206
0.004933119
0.006125689
0.015635967
0.006198645
0.006173134
0.005017042
0.005012989
0.006282330
0.004969835
0.006116152
0.004956961
0.006193638
0.004987955
0.005030632
0.006148815
0.004956484
0.006186247
0.006284237
0.006165266
0.004987240
0.006226540
0.004995823
0.005026102
0.006217480
0.005022526
0.006177664
0.006137609
0.005043030
0.006170511
0.013505220
0.004994869
0.004957199
0.006148577
0.006185293
0.006209850
0.004694700
0.006157160
0.005051374
0.006241083
0.004980564
0.013473034
0.005022287
0.006174803
0.006163120
0.004979372
0.004649639
0.012867689
0.012923241
0.004644632
0.004624367
0.004626989
0.004665852
0.004654884
0.004648447
0.004676104
0.004646063
0.012871265
0.004697800
0.004670858
0.004675150
0.004703522
0.004703045
0.004740238
0.004723072
0.004729986
0.004715919
0.004720449
0.004778147
0.004699945
0.004682541
0.004709005
0.004710913
0.004704952
0.004700899
0.004693985
0.004691124
0.004698753
0.004820824
0.004704237
0.004663706
0.004710197
0.004693031
0.004693031
0.012878656
0.004695892
0.004715919
0.004713058
0.004758596
0.004701614
0.004748106
0.004677057
0.004716873
0.004710436
0.004738569
0.004707813
0.004679918
0.004748344
0.012969732
0.004722595
0.004644394
0.004683018
0.004660368
0.004738808
0.004699945
0.004710913
0.004691601
0.004739523
0.004776478
0.004704952
0.004678726
0.004692554
0.004698038
0.004667759
0.004711390
0.004693508
0.004696369
0.004698038
0.004746675
0.004697323
0.004670858
0.004692316
0.004659891
0.012797117
0.004722118
0.004705191
0.004681826
0.004698277
0.004759312
0.004667997
0.004678488
0.004687071
0.004685402
0.004680157
0.004699707
0.012857676
0.004669428
0.012912512
0.004761696
0.004695892
0.012877941
0.004660130
0.004671097
0.004719734
0.004691124
0.004681110
0.004692793
0.004693985
0.004798889
0.004701376
0.004672766
0.004666090
0.004702568
0.004665375
0.004715443
0.004675388
0.004660368
0.012933493
0.004775524
0.004675627
0.004659891
0.004681349
0.004639626
0.004674911
0.004694223
0.004708767
0.004661322
0.004706860
0.012917042
0.004687309
0.004662037
0.004662991
0.004692793
0.004688263
0.004721403
0.012893677
0.004685163
0.004697323
0.004763842
0.004703045
0.004675627
0.004683495
0.004667521
0.004675150
0.004695654
0.004736185
0.004693747
0.004749537
0.004803181
0.004717588
0.004680872
0.004712820
0.004681349
0.004716873
0.004717827
0.012930155
0.004699945
0.004703283
0.004802704
0.004717350
0.004692554
0.012856722
0.004679918
0.004695177
0.004703999
0.004684925
0.004709721
0.004731894
0.004781008
0.004696608
0.004672050
0.012880802
0.004719973
0.004736900
0.004734516
0.004714012
0.004708767
0.004718542
0.004767895
0.004718065
0.004654646
0.004690886
0.004688978
0.012914896
0.004705667
0.004741430
0.012909412
0.004695415
0.004808664
0.004712582
0.004690170
0.012919903
0.004734755
0.004709482
0.004685640
0.004735708
0.004685163
0.004713774
0.004794836
0.012900829
0.004665852
0.004718304
0.004676580
0.004746675
0.004828215
