0.000175714
0.000304937
0.000278234
0.000374317
0.000338316
0.000266314
0.000312090
0.000276327
0.000423670
0.000278473
0.000297546
0.000305176
0.000442982
0.000582457
0.000397205
0.000679016
0.000497818
0.000493288
0.000255585
0.000252724
0.000249386
0.000496387
0.000565529
0.000328779
0.000259638
0.000278711
0.000289917
0.000294924
0.000294924
0.000229359
0.000245571
0.000380278
0.000314951
0.000342607
0.000332117
0.000294209
0.000327826
0.000311852
0.000570297
0.000344992
0.000280380
0.000354767
0.000306368
0.000323534
0.000276566
0.000257254
0.000313282
0.000249386
0.000267506
0.000331163
0.000311613
0.000308752
0.000292540
0.000293732
0.000296354
0.000264168
0.000294685
0.000297785
0.000245810
0.000332594
0.000340223
0.000278950
0.000266075
0.000313044
0.000262499
0.000277996
0.000282526
0.000276566
0.000276804
0.000278234
0.000258684
0.000277281
0.000283241
0.000299931
0.000265360
0.000274897
0.000287294
0.000278234
0.000322580
0.000302076
0.000283718
0.000278234
0.000300169
0.000299454
0.000300169
0.000299215
0.000320911
0.000326395
0.000323772
0.000310659
0.000302076
0.000293970
0.000291348
0.000294924
0.000262737
0.000252962
0.000279427
0.000317335
0.000346899
0.000337839
0.000308990
0.000333786
0.000355721
0.000365496
0.000365496
0.000363588
0.000339270
0.000330925
0.000334024
0.000259876
0.000258207
0.000266552
0.000260592
0.000259399
0.000298738
0.000320196
0.000216722
0.000378132
0.000315189
0.000354767
0.000393629
0.000328302
0.000319004
0.000308752
0.000344992
0.000395775
0.000309229
0.000274658
0.000253201
0.000287533
0.000260353
0.000323534
0.000334024
0.000309229
0.000336647
0.000308990
0.000336409
0.000298738
0.000382662
0.000333309
0.000327826
0.000330925
0.000343561
0.000365973
0.000381470
0.000368118
0.000279188
0.000315189
0.000295639
0.000287533
0.000301600
0.000252962
0.000347614
0.000346422
0.000283957
0.000333071
0.000416994
0.000343084
0.000226498
0.000310898
0.000270605
0.000375032
0.000426531
0.000392199
0.000387430
0.000383377
0.000287533
0.000377893
0.000595093
0.000356913
0.000356197
0.000353575
0.000294209
0.000293732
0.000308514
0.000356674
0.000362635
0.000382900
0.000357628
0.000355482
0.000359535
0.000420094
0.000402927
0.000385761
0.000391483
0.000389576
0.000394821
0.000414371
0.000426531
0.000427961
0.000430584
0.000424862
0.000415564
0.000423193
0.000356913
0.000425339
0.000364065
0.000428677
0.000454903
0.000378132
0.000431299
0.000438690
0.000447989
0.000412941
0.000360727
0.000424385
0.000336885
0.000400782
0.000410795
0.000383854
0.000371933
0.000243425
0.000327587
0.000373840
0.000402212
0.000356197
0.000324726
0.000353575
0.000331402
0.000350952
0.000400782
0.000326157
0.000351429
0.000380993
0.000312805
0.000314951
0.000344992
0.000437975
0.000354052
0.000365973
0.000345707
0.000318289
0.000314713
0.000317097
0.000319242
0.000335932
0.000319481
0.000310183
0.000348806
0.000371218
0.000346899
0.000397444
0.000380516
0.000369787
0.000323772
0.000327349
0.000327110
0.000324726
0.000322104
0.000325918
0.000316858
0.000390530
0.000377655
0.000346422
0.000350475
0.000281334
0.000288010
0.000278711
0.000254869
0.000241995
0.000252962
0.000231504
0.000278234
0.000320435
0.000347614
0.000283241
0.000288963
0.000291348
0.000249624
0.000252008
0.000247240
0.000285864
0.000289917
0.000283718
0.000282049
0.000253439
0.000295639
0.000245571
0.000288963
0.000284672
0.000395298
0.000283957
0.000316620
0.000336409
0.000301838
0.000285625
0.000251293
0.000255346
0.000247955
0.000251532
0.000286579
0.000293732
0.000287294
0.000247717
0.000284910
0.000285625
0.000242949
0.000270367
0.000242710
0.000281096
0.000281096
0.000251293
0.000290632
0.000297308
0.000292063
0.000299931
0.000403404
0.000383139
0.000363350
0.000376940
0.000395060
0.000374079
0.000421286
0.000421762
0.000405073
0.000413656
0.000379801
0.000361443
0.000380039
0.000347853
0.000437260
0.000468731
0.000393391
0.000324726
0.000355005
0.000461340
0.000305176
0.000454903
0.000288010
0.000387669
0.000338554
0.000479460
0.000482321
0.000340939
0.000366688
0.000453949
0.000465870
0.000366449
0.000369072
0.000344276
0.000348568
0.000340700
0.000469923
0.000478983
0.000476122
0.000473261
0.000485659
0.000481606
0.000367165
0.000363111
0.000387192
0.000395298
0.000291824
0.000395298
0.000293493
0.000392675
0.000291348
0.000292778
0.000393391
0.000264645
0.000296116
0.000323534
0.000338793
0.000332832
0.000318289
0.000313520
0.000315428
0.000334501
0.000333309
0.000335693
0.000339746
0.000345945
0.000360012
0.000340462
0.000248909
0.000306845
0.000296593
0.000251293
0.000305891
0.000233173
0.000322580
0.000354052
0.000304222
0.000293016
0.000299454
0.000297546
0.000297785
0.000300884
0.000308752
0.000307083
0.000300646
0.000358582
0.000355244
0.000372648
0.000353575
0.000319719
0.000312805
0.000319481
0.000333309
0.000350714
0.000355959
0.000351906
0.000349045
0.000349522
0.000365734
0.000348091
0.000348091
0.000352621
0.000364065
0.000358105
0.000354767
0.000452995
0.000490665
0.000492096
0.000370979
0.000363827
0.000370264
0.000371456
0.000484228
0.000365973
0.000430346
0.000369310
0.000365019
0.000456333
0.000488520
0.000491381
0.000503540
0.000487328
0.000500202
0.000486612
0.000486374
0.000458002
0.000457764
0.000486612
0.000496387
0.000508785
0.000502110
0.000522375
0.000448227
0.000501156
0.000495434
0.000517845
0.000516891
0.000520468
0.000488043
0.000491619
0.000523806
0.000519514
0.000524759
0.000489473
0.000520706
0.000493050
0.000521898
0.000509262
0.000511408
0.000511169
0.000490904
0.000499487
0.000494719
0.000489235
0.000476837
0.000425816
0.000375509
0.000392199
0.000465631
0.000447512
0.000445366
0.000400782
0.000452757
0.000419855
0.000455856
0.000382662
0.000312567
0.000377417
0.000314951
0.000390053
0.000314713
0.000379086
0.000384808
0.000309467
0.000383377
0.000380754
0.000314236
0.000383377
0.000334501
0.000301838
0.000313282
0.000299454
0.000297785
0.000342369
0.000365496
0.000318289
0.000338078
0.000349760
0.000301361
0.000349998
0.000511646
0.000344515
0.000337601
0.000242949
0.000497818
0.000407219
0.000486135
0.000436068
0.000481129
0.000275373
0.000370502
0.000360250
0.000382900
0.000361919
0.000385046
0.000282049
0.000322342
0.000408649
0.000314474
0.000277042
0.000343084
0.000362158
0.000293732
0.000353575
0.000283003
0.000298262
0.000344515
0.000356913
0.000247240
0.000272274
0.000356913
0.000354290
0.000349998
0.000350237
0.000353098
0.000356436
0.000348091
0.000353575
0.000346899
0.000352621
0.000354767
0.000359535
0.000343084
0.000359774
0.000349760
0.000412703
0.000418663
0.000406265
0.000375271
0.000282526
0.000424862
0.000366449
0.000407219
0.000283957
0.000283957
0.000303507
0.000315666
0.000286341
0.000286341
0.000285864
0.000283241
0.000279665
0.000286818
0.000310659
0.000279903
0.000288725
0.000416517
0.000351191
0.000377655
0.000432968
0.000358820
0.000356913
0.000392199
0.000349283
0.000375748
0.000321627
0.000323772
0.000355721
0.000326872
0.000325441
0.000281334
0.000349045
0.000313759
0.000287771
0.000348091
0.000321150
0.000322104
0.000370264
0.000409842
0.000316858
0.000321388
0.000285149
0.000307798
0.000309706
0.000338793
0.000286579
0.000310898
0.000317335
0.000309467
0.000323296
0.000320911
0.000369072
0.000321627
0.000411034
