0.000257015
0.000301361
0.000302553
0.000305891
0.000307798
0.000392914
0.000348806
0.000481367
0.000556469
0.000288486
0.000301123
0.000415325
0.000341654
0.000295877
0.000303030
0.000340700
0.000316620
0.000350952
0.000403881
0.000389814
0.000364542
0.000435114
0.000466108
0.000472546
0.000399351
0.000436544
0.000445366
0.000441551
0.000439882
0.000311613
0.000441313
0.000368834
0.000444889
0.000458002
0.000415802
0.000465393
0.000436306
0.000439882
0.000445366
0.000421047
0.000400305
0.000385046
0.000476360
0.000402212
0.000437498
0.000401497
0.000401497
0.000388622
0.000479460
0.000439644
0.000459671
0.000370264
0.000378132
0.000422478
0.000319958
0.000430584
0.000386953
0.000426769
0.000452042
0.000427246
0.000424862
0.000448942
0.000348330
0.000271082
0.000378370
0.000447512
0.000424385
0.000462294
0.000340223
0.000407219
0.000410557
0.000407219
0.000408888
0.000410557
0.000342131
0.000344753
0.000427008
0.000467300
0.000462532
0.000315428
0.000420332
0.000475883
0.000347376
0.000465870
0.000440121
0.000463724
0.000464916
0.000431776
0.000384808
0.000430107
0.000457048
0.000437737
0.000411987
0.000473499
0.000432253
0.000349760
0.000407219
0.000431538
0.000356436
0.000358343
0.000291348
0.000357628
0.000488997
0.000360250
0.000245810
0.000329971
0.000325441
0.000362396
0.000317335
0.000397682
0.000198126
0.000332832
0.000332355
0.000307798
0.000371933
0.000352383
0.000330210
0.000388384
0.000365734
0.000325680
0.000331640
0.000425816
0.000332117
0.000336409
0.000356913
0.000433207
0.000438690
0.000439405
0.000444889
0.000442028
0.000435114
0.000406504
0.000436544
0.000436544
0.000396013
0.000437498
0.000445127
0.000435829
0.000436544
0.000456810
0.000432014
0.000442743
0.000438452
0.000307798
0.000386238
0.000309944
0.000387669
0.000459909
0.000428438
0.000334978
0.000344515
0.000373363
0.000378132
0.000474691
0.000473499
0.000422478
0.000386238
0.000296354
0.000300169
0.000309467
0.000305414
0.000310659
0.000302315
0.000280857
0.000305414
0.000388622
0.000380039
0.000369549
0.000296831
0.000361919
0.000315905
0.000306368
0.000298262
0.000306368
0.000301600
0.000299931
0.000366926
0.000300646
0.000298023
0.000433207
0.000388384
0.000389576
0.000382185
0.000389576
0.000401974
0.000386953
0.000423193
0.000326395
0.000423431
0.000416279
0.000401735
0.000434637
0.000409842
0.000419855
0.000438452
0.000360250
0.000353336
0.000307560
0.000337362
0.000351191
0.000323534
0.000403881
0.000322342
0.000357628
0.000382423
0.000373602
0.000348806
0.000378132
0.000198364
0.000355244
0.000348568
0.000353098
0.000347376
0.000380278
0.000362396
0.000354290
0.000353336
0.000376701
0.000353098
0.000223398
0.000351191
0.000334263
0.000305891
0.000415564
0.000346899
0.000329971
0.000359535
0.000334501
0.000328302
0.000327826
0.000327587
0.000355244
0.000352859
0.000326633
0.000327587
0.000224113
0.000356197
0.000349045
0.000346184
0.000371933
0.000350714
0.000375748
0.000343084
0.000386238
0.000380993
0.000419378
0.000445843
0.000360012
0.000592232
0.000626564
0.000514507
0.000355244
0.000245571
0.000309944
0.000283957
0.000169277
0.000272989
0.000252247
0.000255585
0.000261545
0.000253677
0.000257969
0.000289679
0.000259161
0.000258207
0.000295401
0.000256062
0.000265121
0.000323534
0.000421286
0.000307560
0.000336170
0.000346422
0.000354290
0.000366449
0.000398874
0.000377655
0.000363111
0.000465155
0.000475645
0.000415325
0.000405550
0.000410557
0.000411987
0.000414848
0.000413179
0.000441790
0.000408411
0.000406742
0.000400305
0.000218868
0.000409126
0.000398159
0.000403404
0.000404835
0.000406981
0.000414133
0.000330210
0.000433207
0.000439405
0.000209332
0.000438213
0.000291824
0.000298023
0.000361681
0.000195980
0.000303268
0.000296354
0.000298262
0.000285864
0.000408411
0.000429630
0.000318289
0.000295877
0.000297785
0.000250578
0.000296354
0.000302076
0.000301361
0.000296354
0.000296116
0.000311613
0.000295639
0.000294209
0.000301123
0.000290394
0.000301123
0.000298023
0.000291586
0.000289679
0.000291586
0.000285387
0.000322104
0.000293493
0.000310183
0.000303745
0.000293970
0.000296116
0.000303745
0.000300884
0.000301123
0.000296354
0.000297785
0.000350714
0.000201225
0.000230074
0.000369310
0.000413418
0.000347376
0.000406742
0.000335932
0.000332594
0.000361204
0.000378370
0.000375748
0.000401974
0.000369787
0.000332594
0.000372648
0.000374317
0.000377178
0.000407457
0.000380993
0.000333309
0.000362396
0.000377893
0.000404596
0.000374317
0.000408888
0.000391960
0.000401020
0.000382185
0.000367641
0.000375509
0.000360012
0.000260592
0.000408888
0.000442505
0.000410557
0.000394583
0.000393867
0.000389576
0.000263453
0.000444651
0.000386238
0.000371695
0.000378370
0.000324249
0.000349283
0.000232458
0.001310825
0.000357389
0.000223398
0.000302553
0.000482559
0.000426292
0.000427246
0.000329018
0.000431776
0.000342607
0.000541687
0.000249386
0.000493526
0.000518322
0.000498772
0.000414371
0.000525236
0.000299931
0.000349998
0.000317812
0.000396967
0.000533819
0.000270844
0.000288010
0.000295401
0.000350237
0.000326872
0.000395060
0.000346422
0.000349760
0.000189066
0.000349998
0.000293493
0.000264645
0.000190020
0.000282764
0.000319481
0.000333786
0.000339270
0.000393629
0.000350714
0.000358343
0.000363827
0.000373363
0.000368595
0.000377893
0.000323296
0.000380993
0.000371218
0.000377655
0.000380039
0.000317335
0.000380278
0.000369549
0.000397205
0.000390053
0.000386715
0.000414610
0.000389814
0.000394821
0.000398636
0.000387430
0.000395060
0.000383615
0.000383854
0.000377893
0.000394821
0.000390053
0.000382185
0.000308037
0.000384331
0.000305891
0.000322342
0.000392914
0.000386000
0.000388622
0.000384808
0.000395060
0.000385761
0.000386238
0.000317812
0.000413656
0.000391483
0.000396490
0.000385046
0.000408411
0.000401735
0.000388145
0.000396729
0.000386000
0.000436306
0.000407219
0.000364780
0.000361681
0.000372648
0.000359774
0.000369072
0.000396252
0.000366688
0.000393152
0.000402451
0.000277281
0.000283957
0.000348806
0.000283718
0.000354290
0.000352144
0.000285149
0.000383854
0.000350237
0.000282049
0.000354767
0.000382900
0.000291824
0.000382423
0.000320911
0.000384331
0.000371695
0.000281572
0.000384808
0.000369310
0.000216007
0.000354528
0.000378132
0.000424623
0.000443459
0.000428915
0.000318289
0.000373840
0.000450611
0.000413895
0.000381947
0.000396490
0.000390530
0.000370502
0.000352144
0.000351667
0.000355721
0.000367880
0.000348806
0.000353098
0.000312328
0.000353575
0.000310659
0.000310183
0.000305653
0.000288725
0.000250340
0.000269890
0.000391245
0.000294924
0.000281334
0.000300407
0.000358343
0.000322580
0.000324011
0.000412226
0.000403881
0.000401020
0.000409842
0.000402212
0.000411987
0.000401497
0.000408649
0.000403643
0.000405550
0.000406027
0.000411034
0.000411987
0.000406504
0.000395775
0.000246286
0.000405788
0.000395536
0.000405788
0.000399351
0.000406742
0.000401735
0.000401974
0.000406027
0.000403881
0.000407219
0.000413656
0.000406742
0.000410557
0.000413418
0.000402212
0.000396967
0.000423193
0.000347137
0.000353098
0.000375986
0.000329733
0.000307083
0.000354528
0.000339031
0.000428915
0.000405073
0.000237703
0.000230551
0.000332594
0.000454664
0.000312328
0.000447512
0.000372887
0.000322819
0.000443935
0.000397921
0.000378132
0.000398397
