0.002105236
0.001980305
0.002018690
0.002049208
0.001899004
0.001971960
0.001835585
0.001914501
0.001819372
0.001941919
0.001848459
0.001909733
0.001887321
0.001615763
0.001918077
0.001933336
0.002002716
0.002175093
0.002142429
0.001857996
0.001616716
0.001511574
0.001805305
0.001911640
0.001931190
0.001872301
0.001916885
0.001951933
0.001850843
0.001800060
0.001842976
0.001879215
0.001963615
0.001747847
0.001756191
0.001686335
0.001770258
0.001527786
0.001538038
0.001667023
0.001738787
0.002052069
0.012654543
0.001638412
0.001717091
0.001725435
0.001744032
0.001684666
0.001836777
0.002179146
0.001949072
0.001460791
0.001606703
0.001577616
0.001838923
0.001916170
0.001645803
0.001819372
0.001907825
0.001927137
0.001637459
0.001913309
0.001633644
0.001627684
0.001916170
0.001571417
0.001909733
0.002037287
0.001942873
0.001598120
0.001939535
0.002039194
0.001972198
0.001911163
0.001933813
0.001842737
0.001909494
0.001909018
0.001921415
0.002164841
0.002030611
0.001949310
0.001756907
0.001584768
0.001940966
0.001807928
0.002007961
0.001893520
0.001872778
0.001752138
0.001837730
0.001891375
0.001929522
0.001870394
0.001990795
0.001667023
0.001797915
0.001873493
0.001977444
0.001701355
0.002018213
0.001669645
0.001908302
0.001735687
0.001905918
0.001932383
0.001700401
0.001933098
0.001682520
0.001726151
0.001985788
0.001950026
0.001945972
0.002009630
0.001725435
0.001921654
0.001786232
0.001363277
0.001836061
0.001834869
0.001791000
0.001926899
0.001667500
0.001642942
0.001675367
0.001851559
0.001896620
0.001862288
0.001796484
0.001752853
0.001628160
0.001748800
0.001751661
0.001952648
0.001776457
0.001809597
0.001733065
0.001674652
0.002022505
0.001875401
0.001741886
0.002011776
0.001922607
0.001846552
0.001974583
0.002140045
0.002125978
0.002021313
0.001996756
0.001505136
0.001539946
0.001915932
0.001961708
0.001574039
0.001951456
0.001923800
0.001607180
0.001576900
0.001548529
0.001565218
0.001833439
0.001477242
0.001518011
0.001521349
0.001803398
0.001800060
0.001897812
0.001820326
0.001749992
0.001902103
0.001820564
0.001783609
0.001858473
0.001836061
0.001826048
0.001827955
0.001741648
0.001888514
0.001826525
0.001934767
0.002154589
0.002157927
0.002212286
0.002904177
0.001954794
0.002850294
0.002143145
0.001701832
0.001542091
0.001552105
0.001561642
0.001553774
0.001529694
0.001561403
0.001704931
0.001543045
0.001534224
0.001577854
0.001629353
0.001466513
0.001778364
0.001777649
0.001661539
0.001675844
0.001553297
0.001563072
0.001952887
0.002032757
0.002141237
0.001517057
0.001765490
0.001424313
0.001776695
0.001757860
0.001765013
0.001619339
0.001859903
0.001631260
0.001911402
0.001921892
0.001939774
0.001935482
0.001938105
0.001928329
0.001912594
0.001773357
0.001716137
0.001532555
0.001808882
0.001860380
0.001834631
0.001833916
0.001831293
0.001788855
0.001845598
0.001888752
0.001905680
0.001606703
0.001836538
0.001923800
0.001883268
0.001927137
0.001931906
0.001859903
0.001881838
0.001827002
0.001819611
0.001515627
0.001851082
0.001838923
0.001855373
0.001833439
0.001836061
0.001963615
0.001831770
0.001853943
0.001830578
0.001612186
0.001836538
0.001832008
0.001836538
0.001842737
0.001587391
0.001897335
0.001840353
0.001862049
0.001839399
0.001599789
0.001883984
0.001809120
0.001845121
0.001847267
0.001850128
0.001885176
0.001839876
0.001835108
0.001843452
0.001603127
0.001941919
0.001995087
0.001947641
0.001944065
0.001858950
0.001939535
0.002011538
0.001960039
0.002048969
0.001775265
0.002039433
0.001933336
0.002110243
0.002192020
0.002185583
0.002283573
0.002197981
0.001913309
0.001981735
0.001855850
0.002036095
0.002153397
0.002229214
0.001846313
0.001903772
0.001864910
0.001794100
0.001548767
0.002121449
0.001848698
0.002116203
0.001735687
0.001866579
0.001660109
0.001596451
0.002122164
0.001526356
0.001537800
0.001457214
0.001595259
0.001470804
0.001471996
0.001565933
0.001554489
0.001584053
0.001540661
0.001531363
0.001489878
0.001785755
0.001755714
0.001788378
0.001784563
0.001775265
0.001591206
0.001659393
0.001677990
0.001517296
0.001802206
0.001681805
0.001573563
0.001672029
0.001694441
0.001785755
0.001645327
0.001863003
0.001706123
0.001946688
0.001884699
0.001918793
0.002029419
0.001766443
0.001765490
0.001734972
0.001788139
0.001820326
0.001865149
0.001788855
0.001779318
0.001821041
0.001701593
0.001875877
0.001905680
0.001891136
0.001875401
0.001374483
0.001624823
0.001248360
0.001880169
0.001956224
0.001879215
0.001860142
0.001897812
0.001559734
0.001579285
0.001880407
0.001952887
0.001911879
0.001893520
0.001914263
0.001899481
0.001907587
0.001910686
0.001609564
0.001942873
0.001574993
0.001646996
0.001589060
0.001989841
0.001903534
0.001909971
0.001880407
0.001914024
0.001923800
0.001893520
0.001873732
0.001940250
0.001915455
0.001950741
0.001930237
0.001592636
0.001611948
0.001809120
0.001983404
0.001812696
0.001577616
0.001277924
0.001611471
0.001619339
0.001957655
0.001579523
0.001607895
0.001917362
0.001462460
0.001962662
0.001289129
0.001689434
0.001930475
0.001952887
0.001628876
0.001944780
0.001959801
0.002054930
0.002005339
0.001892805
0.001908779
0.001727104
0.001942635
0.002117872
0.002122402
0.002089262
0.002100468
0.002123117
0.002163649
0.001954079
0.001908064
0.001881599
0.001652718
0.001847267
0.001884460
0.001875639
0.001860142
0.001859665
0.001860380
0.001881599
0.001734018
0.001965523
0.001811504
0.001802921
0.001812935
0.001546621
0.001535892
0.001662493
0.001494646
0.001512527
0.001513004
0.001584768
0.001487255
0.001564980
0.001551390
0.001600266
0.001758814
0.001623154
0.001528025
0.001747847
0.001613617
0.002078533
0.001927853
0.001869202
0.001846075
0.001831293
0.001951218
0.001917124
0.001889706
0.001858234
0.001817226
0.001914263
0.001869678
0.001934528
0.001958609
0.001853466
0.001907110
0.001939774
0.001852036
0.001893520
0.001892328
0.002031088
0.001957417
0.001978636
0.001937389
0.002030611
0.001872063
0.002083540
0.001936436
0.001970291
0.001954317
0.002067327
0.002038479
0.001980066
0.001884222
0.001725435
0.002057314
0.001628399
0.001482964
0.001401901
0.001667023
0.001757145
0.001613617
0.001414061
0.001681805
0.001458168
0.001512766
0.002012730
0.001819611
0.001826763
0.001571178
0.001887083
0.001815796
0.001844168
0.001848459
0.001835585
0.001841307
0.001849174
0.001820326
0.001861095
0.001829624
0.001920223
0.001792669
0.001839161
0.001843691
0.001848459
0.001835823
0.001861095
0.001842737
0.001852274
0.001931190
0.001814604
0.001818180
0.001859426
0.001828194
0.001835823
0.001792431
0.001808167
0.001848221
0.001466751
0.001925945
0.001953840
0.001515388
0.001830578
0.001835585
0.001847029
0.001853228
0.001867056
0.001481533
0.001860142
0.001839638
0.001882315
0.001832008
0.001874685
0.001844645
0.001890421
0.001839876
0.001859903
0.001854658
0.001541615
0.001793623
0.001898527
0.001909018
0.001974344
0.001741409
0.001554966
0.001543045
0.001640797
0.001662493
0.001702547
0.001590014
0.001564741
0.001650095
0.001469374
0.001699209
0.001793623
0.001810789
0.001887798
0.001935720
0.001926184
0.001913786
0.001985550
0.001916885
0.001935005
0.001911879
0.001921654
0.001918554
0.001925707
0.001952648
0.001958132
0.001952171
0.001983881
0.001949072
0.001971483
0.001906872
0.001934767
0.001856089
0.001744509
