0.001128674
0.001245975
0.001051188
0.001093626
0.001077890
0.001068830
0.001091957
0.001042843
0.001040936
0.001118660
0.001045704
0.001045704
0.001073599
0.001052856
0.001122236
0.000892162
0.000632763
0.000752211
0.001097441
0.001025915
0.001013041
0.001061916
0.001008987
0.000992775
0.001054287
0.000704527
0.000750303
0.000723600
0.000811100
0.000710964
0.000694036
0.000796318
0.000721693
0.000705957
0.000730276
0.000809193
0.000713825
0.000531435
0.000753403
0.000807047
0.000711679
0.000694036
0.000813961
0.000681877
0.000752449
0.000728369
0.000720739
0.000825644
0.000787735
0.000843287
0.000983000
0.000926733
0.001163960
0.001006842
0.000799894
0.001148701
0.001080513
0.001081944
0.001157522
0.001129866
0.000718117
0.001067877
0.000782251
0.001146078
0.000709295
0.001161098
0.001196384
0.000747204
0.000823259
0.000982761
0.000982046
0.001141787
0.001048326
0.000771761
0.000883818
0.001194954
0.000849724
0.000967741
0.000945091
0.000950575
0.001086712
0.001177788
0.000834703
0.001025915
0.001107454
0.001048088
0.000726700
0.000675917
0.001160145
0.000886202
0.001048326
0.001517534
0.001245975
0.001182795
0.000967979
0.000880480
0.000777006
0.000898838
0.000974655
0.000895500
0.000950336
0.000887156
0.000905037
0.000909805
0.001110792
0.001113892
0.001118183
0.000829220
0.001108408
0.001121044
0.000926256
0.000443459
0.000841618
0.000746965
0.000989676
0.000811577
0.000870466
0.001028299
0.000833035
0.001140594
0.000762701
0.001035452
0.001107216
0.001135349
0.000756502
0.001120567
0.001188278
0.001156330
0.001024246
0.000905991
0.000809669
0.000818968
0.000811100
0.000799656
0.000806093
0.000809431
0.000846863
0.001111984
0.001064539
0.001156092
0.001166821
0.001150846
0.001093149
0.001091719
0.001166344
0.001164198
0.001183748
0.001155853
0.001189709
0.001096964
0.001176357
0.001072168
0.001077175
0.001174688
0.001098871
0.001170397
0.001097679
0.001176119
0.001080513
0.001175165
0.001169443
0.001222610
0.001087904
0.001100779
0.001155615
0.001014948
0.001204252
0.001202106
0.001154900
0.001163244
0.001027584
0.001056671
0.001180887
0.001059532
0.001126766
0.001072645
0.001041889
0.001042604
0.001084805
0.001083851
0.001035690
0.001053572
0.001047134
0.001050949
0.001064301
0.001038313
0.001070023
0.001055241
0.001055479
0.000945330
0.001058340
0.001077652
0.001087189
0.001099110
0.001080275
0.001055956
0.001065731
0.001112461
0.001094580
0.001050472
0.001064062
0.001063108
0.001067877
0.001047134
0.001071215
0.001063108
0.001014471
0.000945330
0.001105070
0.000979662
0.000700474
0.000940084
0.000911236
0.001127005
0.001056671
0.000953436
0.000656366
0.001121998
0.000959396
0.001054764
0.001063824
0.001192808
0.001017094
0.001051188
0.001060724
0.001043081
0.001187801
0.001055479
0.001051903
0.001057625
0.001039505
0.001130342
0.001065731
0.001137733
0.001054525
0.001168728
0.001002073
0.000692368
0.000995874
0.000992298
0.001017570
0.001020670
0.001000643
0.000809431
0.000875711
0.001075745
0.001038790
0.000743628
0.000937700
0.000937939
0.000889540
0.001134872
0.001146317
0.001130104
0.001034260
0.001122952
0.000701427
0.000706196
0.000725269
0.000763178
0.000835180
0.000690699
0.000686646
0.000995636
0.000738859
0.000795364
0.000717163
0.000731468
0.001005650
0.001020908
0.001023769
0.001029253
0.001039028
0.000773430
0.001134872
0.001081228
0.001087666
0.000750542
0.000763416
0.000831127
0.000739813
0.001048565
0.000787020
0.000751495
0.000949383
0.000833035
0.000680447
0.000775337
0.001003265
0.001102686
0.000964403
0.001067877
0.001054525
0.000939846
0.000760078
0.001047850
0.001011133
0.001026630
0.000979424
0.001031637
0.001017332
0.001034975
0.001060963
0.001061678
0.001005173
0.001092911
0.001060963
0.001056910
0.001052856
0.001057625
0.001076937
0.001033783
0.000771999
0.001050234
0.001056671
0.001046658
0.001057386
0.001040459
0.001057148
0.001054049
0.001068592
0.001059294
0.001049995
0.001051188
0.000805616
0.000837564
0.000840902
0.000909805
0.000843048
0.000848532
0.000839949
0.000842810
0.000847816
0.000842571
0.000880241
0.000849724
0.000845909
0.000832319
0.000882149
0.000876427
0.001011848
0.001014233
0.000884295
0.000872374
0.000879765
0.000879288
0.000887394
0.000875473
0.000872850
0.000881195
0.000869989
0.000865459
0.000857115
0.000869036
0.000717402
0.001056671
0.001025915
0.001000643
0.000998735
0.000999689
0.001088142
0.000843763
0.000774622
0.000869989
0.000866413
0.001052141
0.000872135
0.000878572
0.001056194
0.001054764
0.000872850
0.001046896
0.000860453
0.001067877
0.000855684
0.001028538
0.000865936
0.000845671
0.001061201
0.001075029
0.001143694
0.000995398
0.001076460
0.001107693
0.001096010
0.001108170
0.000988483
0.001116514
0.001082897
0.001070499
0.001037359
0.001048803
0.001059294
0.001088858
0.001049280
0.001060486
0.000852823
0.000855923
0.000849485
0.000848532
0.001049519
0.000779867
0.000782013
0.000762463
0.000761986
0.000997543
0.000994444
0.000830650
0.000799417
0.000874996
0.000867128
0.000724554
0.000588417
0.000767946
0.001158953
0.001162529
0.001166105
0.001155138
0.001084089
0.001194715
0.001166582
0.001139879
0.000808001
0.000977039
0.000900269
0.001020432
0.001211166
0.000929356
0.000812054
0.000946045
0.000796080
0.001038074
0.001025438
0.000806332
0.000780106
0.001104355
0.001104593
0.001104832
0.001103163
0.001176834
0.001107931
0.001086712
0.001095772
0.001093149
0.001098156
0.001107454
0.001043081
0.001058102
0.001055717
0.001096010
0.001036882
0.001027584
0.001042128
0.001053333
0.001044512
0.001067400
0.001034498
0.001049280
0.001057148
0.001143694
0.001097202
0.001079798
0.000808477
0.001038551
0.000959635
0.001034975
0.000951767
0.001027822
0.000915051
0.000965834
0.001026630
0.001113653
0.001096487
0.001071215
0.000718117
0.000885010
0.000875235
0.000874519
0.000885248
0.000889778
0.000849485
0.001083136
0.001108885
0.001135111
0.001062632
0.001063347
0.001073122
0.001047611
0.001050949
0.001129389
0.001047373
0.000730276
0.000763655
0.000738382
0.000742197
0.000739574
0.000746250
0.000728607
0.001025200
0.001026869
0.000730038
0.000729084
0.000736237
0.000743389
0.001027584
0.001025915
0.001025200
0.001027107
0.000732660
0.001075268
0.001076221
0.001043797
0.000808477
0.000737906
0.000741005
0.000727415
0.000844955
0.000849485
0.000748634
0.000614405
0.000528336
0.000782728
0.000707388
0.001105070
0.001141548
0.001088858
0.001057148
0.001040697
0.001068830
0.001029730
0.001194954
0.001019955
0.001037836
0.001036406
0.001127481
0.001018047
0.001024485
0.001033306
0.001038074
0.001034975
0.001015425
0.001088858
0.001021624
0.001012325
0.001021624
0.001023531
0.001014948
0.001030445
0.001017809
0.001085281
0.001098156
0.001094580
0.001098156
0.001087904
0.001092434
0.001096725
0.001079559
0.001110315
0.001223087
0.001038790
0.001032352
0.001033068
0.000806332
0.001185894
0.001170158
0.001098156
0.001092196
0.001103401
0.001083612
0.001063824
0.001083851
0.000979900
0.001023293
0.001031876
0.001033306
0.001032114
0.001076698
0.001036882
0.001051903
0.001040459
0.001055479
0.001064062
0.001044512
0.001067162
0.001041889
0.001050234
0.001057148
0.001036167
0.001046419
0.001086950
0.001066208
0.001216888
0.001057148
0.001037121
0.001164436
0.001067638
0.001065493
0.001208782
0.001160145
0.001266956
