0.011733294
0.003969669
0.004871607
0.085885286
0.004225492
0.004119635
0.006247520
0.004469156
0.004711628
0.004890919
0.003881931
0.006333590
0.004320621
0.006036997
0.005085707
0.004368782
0.005870581
0.005706072
0.004543543
0.007459641
0.005065918
0.004885912
0.006760359
0.005573034
0.004291058
0.005575895
0.004343271
0.003817081
0.003883123
0.003683090
0.003440619
0.004154205
0.004890442
0.008171082
0.004682064
0.006724119
0.004578590
0.003998280
0.004186153
0.003702402
0.004237652
0.004094362
0.006739616
0.007458448
0.004822254
0.005214453
0.004846334
0.005036592
0.005951405
0.005881786
0.005572319
0.004463673
0.004780293
0.004562616
0.003826141
0.003735065
0.004056215
0.005140543
0.005885363
0.005590439
0.004411459
0.003133059
0.004581213
0.003952742
0.004534006
0.005625248
0.003952742
0.004111052
0.005053282
0.005229950
0.003718853
0.004691601
0.005137205
0.004514217
0.029119015
0.006808996
0.004327059
0.004341125
0.004724026
0.005619287
0.004338264
0.003434420
0.004117250
0.004775286
0.005229235
0.007004738
0.004734039
0.006098986
0.004965305
0.004326105
0.004132271
0.005412340
0.003432035
0.005100727
0.004254103
0.003848076
0.004619598
0.004076719
0.005085707
0.004115820
0.004931688
0.004866123
0.006457567
0.004171848
0.004986763
0.004195213
0.005153894
0.004268408
0.004872322
0.004015207
0.004948378
0.005107403
0.005905628
0.008891106
0.005747795
0.004521608
0.005551815
0.005111694
0.004822731
0.004170656
0.004514694
0.003996611
0.006130457
0.004128456
0.007664204
0.013635397
0.009656906
0.008675575
0.010245562
0.004984379
0.005758762
0.007255077
0.014020681
0.030037403
0.006381512
0.005066395
0.006771326
0.004322290
0.004398346
0.004830122
0.004593849
0.004759789
0.004012108
0.005160809
0.005965948
0.004139662
0.004269123
0.004215002
0.003208399
0.005087852
0.004643202
0.004755259
0.006435394
0.004158020
0.004320860
0.003921986
0.004629374
0.003278732
0.005470753
0.003216982
0.004179716
0.005417109
0.003913403
0.008476019
0.005090475
0.005611420
0.006149054
0.006067991
0.004140615
0.004230976
0.004959822
0.004166126
0.007070780
0.004292727
0.004762173
0.005974531
0.005145550
0.004246950
0.008378506
0.004109144
0.005723953
0.010009527
0.003812551
0.004686356
0.003858089
0.004879713
0.006844997
0.005044699
0.004624128
0.005996466
0.004728079
0.006882906
0.006654501
0.004726171
0.004699945
0.004145384
0.005698919
0.005672932
0.009115696
0.008027792
0.004891872
0.005119562
0.004926920
0.005254745
0.004266024
0.004164696
0.004979134
0.004952192
0.004912376
0.003277779
0.004610538
0.003404617
0.004436255
0.004988909
0.005892515
0.004498005
0.004632950
0.004218102
0.006507635
0.007196903
0.004288435
0.004119158
0.004477739
0.004902601
0.006048918
0.004144669
0.005137205
0.004503965
0.004487514
0.005140781
0.005523920
0.007603884
0.005867958
0.005901337
0.004819155
0.004571676
0.004554033
0.006646633
0.004240990
0.005911112
0.005318403
0.006244421
0.005101204
0.010876656
0.005225897
0.004809618
0.004617929
0.004608393
0.004253149
0.004976511
0.005250692
0.004481792
0.012387753
0.010986805
0.004216671
0.005103588
0.004353046
0.004253387
0.004384756
0.006082296
0.005059719
0.005311251
0.005069733
0.005024672
0.003771305
0.003483534
0.004375935
0.005631447
0.003714561
0.003193617
0.004697561
0.006472349
0.005511761
0.003936291
0.004480600
0.004621506
0.004292011
0.003997803
0.005300760
0.005049706
0.004748106
0.005420446
0.004773140
0.005100250
0.003966093
0.011412859
0.006055117
0.005298853
0.005243540
0.004251719
0.006133318
0.003959417
0.004844189
0.006181479
0.004369020
0.006977320
0.004018307
0.012079239
0.007585287
0.004357100
0.006351709
0.008045673
0.005506516
0.004452229
0.006075144
0.005007029
0.006350994
0.004891157
0.004317045
0.004357576
0.004386663
0.005553961
0.005034924
0.005063534
0.003889799
0.004911900
0.004335880
0.004930735
0.004592657
0.003638268
0.004675627
0.005367041
0.004920959
0.006057262
0.004654646
0.003310919
0.004242659
0.004289627
0.004288435
0.004583836
0.005990028
0.005607367
0.005957603
0.005878687
0.004309177
0.004625559
0.006051302
0.005060673
0.004304409
0.004703522
0.007791042
0.005925417
0.007871628
0.005946398
0.003926039
0.007397413
0.003624201
0.003490210
0.003779411
0.004950047
0.004074574
0.006036282
0.006454706
0.004444599
0.004747391
0.006410122
0.015940666
0.006068230
0.004064560
0.004817486
0.004723549
0.004592657
0.007287025
0.007086992
0.011258125
0.008483171
0.005582809
0.004568100
0.004427910
0.005069494
0.004089355
0.004921198
0.004718781
0.005572081
0.005639553
0.004172087
0.005392551
0.003679752
0.006430387
0.003855467
0.006294727
0.004714966
0.005076885
0.004485607
0.003952026
0.004821777
0.007107735
0.005202055
0.004237413
0.005766392
0.004545450
0.005131960
0.005252123
0.004642725
0.004804850
0.005177498
0.005301237
0.005065680
0.004466772
0.004851103
0.004158258
0.004378796
0.005497932
0.020981312
0.005310535
0.007184029
0.010221004
0.005828381
0.004674196
0.006015539
0.009841919
0.005463600
0.004589796
0.005167723
0.006694078
0.003826141
0.005366564
0.006679296
0.006701946
0.004751444
0.006003618
0.003697395
0.005337715
0.005947113
0.004442215
0.004430056
0.004340410
0.004998922
0.009647846
0.005464554
0.005933762
0.006003380
0.005577564
0.006868601
0.005668879
0.004516602
0.005023241
0.003880739
0.004448414
0.005498648
0.003554106
0.004112244
0.003482819
0.005210876
0.004919767
0.004589081
0.012091875
0.004966021
0.004148722
0.008707285
0.006432295
0.006111622
0.004577875
0.004719257
0.004449844
0.009055853
0.004287243
0.003993511
0.004951000
0.014147758
0.006513119
0.011441708
0.007522345
0.004444122
0.004714012
0.009323120
0.007020712
0.004620314
0.004211903
0.003789663
0.004277229
0.006250143
0.005314350
0.008516312
0.005690575
0.004093170
0.004692554
0.003602505
0.004040480
0.004732609
0.004385948
0.005090237
0.004044294
0.006126881
0.004802942
0.004112959
0.003642082
0.004896879
0.004534960
0.007167101
0.004798651
0.003652096
0.003433228
0.004396677
0.003832579
0.004477978
0.004669189
0.005069971
0.004390955
0.004153967
0.004418135
0.004951715
0.081790686
0.004619598
0.004415751
0.004251242
0.004623652
0.004321337
0.004978657
0.005955696
0.009015322
0.004639626
0.006184816
0.007278919
0.008604765
0.006595612
0.005697727
0.007647991
0.005087376
0.006026506
0.004687309
0.006080627
0.005633593
0.004707336
0.007080317
0.004077196
0.005268574
0.005047560
0.007262468
0.004734516
0.004640102
0.004512310
0.004716635
0.004388094
0.007267237
0.006934643
0.005909204
0.004831791
0.005627871
0.003824949
0.004548788
0.004068375
0.003736734
0.003835678
0.003363609
0.003590107
0.004225492
0.004277229
0.005384207
0.005648375
0.011349678
0.004639387
0.005105972
0.007227421
0.004689217
0.004532576
0.005587816
0.006399632
0.004853010
0.005017757
0.004936934
0.004684925
0.006790400
0.004857063
0.004972458
0.004276037
0.004312754
0.004514217
0.003696442
0.003672600
0.004749537
0.004118443
0.003808022
0.004675150
0.004660368
0.004594564
0.004718781
0.004891396
0.004562140
0.004514456
0.003567219
0.004392385
0.004664660
0.004570484
0.004548550
0.005470991
0.005645752
0.004222870
0.005648851
0.004653454
0.003950119
0.003956556
0.003730536
0.004449129
0.005084515
0.004513025
0.004902124
0.009511232
0.005476236
0.004974365
