0.262833118
0.003962278
0.008806705
0.006253004
0.004657984
0.005124092
0.004816055
0.005131006
0.005103588
0.010365009
0.013936758
0.010008097
0.006055117
0.004002571
0.003671885
0.003866911
0.004808187
0.003659725
0.004274845
0.005546093
0.003534794
0.004341841
0.005726814
0.005592346
0.004011869
0.003454447
0.003320932
0.003462791
0.003158808
0.004133701
0.004384279
0.003495693
0.003445864
0.003832579
0.003920078
0.003324032
0.004083395
0.004800797
0.003650188
0.003621101
0.003746986
0.004439592
0.005049944
0.004074812
0.004245281
0.005397081
0.005707264
0.003613472
0.003744841
0.003699303
0.004070044
0.004173994
0.004729033
0.004185677
0.004117012
0.006453991
0.004374743
0.007013559
0.009903193
0.008819342
0.004162312
0.003837585
0.005279064
0.006452084
0.003301620
0.003328323
0.003660440
0.004982710
0.004096270
0.003865242
0.003487825
0.003724337
0.003251791
0.003125191
0.004432440
0.004249096
0.002702951
0.004286766
0.003384352
0.003237009
0.003340244
0.004867077
0.002875090
0.003611088
0.003913403
0.004364491
0.004133224
0.003718853
0.003552437
0.004626513
0.003130913
0.003201246
0.004766464
0.004267454
0.005605936
0.005459309
0.007172108
0.005433321
0.005106449
0.005516291
0.004083872
0.003588200
0.003281832
0.003741980
0.004321575
0.004377842
0.004552841
0.003434896
0.003335476
0.003221989
0.003574610
0.004436731
0.003077745
0.004216909
0.004755735
0.004300833
0.003837585
0.009780169
0.008428574
0.006139278
0.003818750
0.003810883
0.003803730
0.004722834
0.006477356
0.004159927
0.004511118
0.004724741
0.005327463
0.004715681
0.003768921
0.003494263
0.003318548
0.004185677
0.004788160
0.006013155
0.004747629
0.004789114
0.006189585
0.003354788
0.005531073
0.004757166
0.003430128
0.004502773
0.003650904
0.004267454
0.005460501
0.003983736
0.004060268
0.003306389
0.003880739
0.007465124
0.004995346
0.004761696
0.007858038
0.005696774
0.003588676
0.003819942
0.003724575
0.003649950
0.005654097
0.003489017
0.004252672
0.003757238
0.015599012
0.007735491
0.067524672
0.004317045
0.003281116
0.003810644
0.005284071
0.003987551
0.003317595
0.003707409
0.004067659
0.006271362
0.009688616
0.005616188
0.005141258
0.005560160
0.007205009
0.006004333
0.004137754
0.005942822
0.005848646
0.005643845
0.006010294
0.006426811
0.005540133
0.004245996
0.005085468
0.003912926
0.003439188
0.003539085
0.005130291
0.003058434
0.004618168
0.003826380
0.003853083
0.004351616
0.004092216
0.003261328
0.004758835
0.005896568
0.004977465
0.005533457
0.002871752
0.003788948
0.004308939
0.007978201
0.007838488
0.005141735
0.005955458
0.004456758
0.003811836
0.004873753
0.004588366
0.003948212
0.003648520
0.003543615
0.007209301
0.003825188
0.009072065
0.004623652
0.006024361
0.003977776
0.004411459
0.006019354
0.004572392
0.004795074
0.005341768
0.005303144
0.004089117
0.003107309
0.003148794
0.004060268
0.006191492
0.003736019
0.005762577
0.004194021
0.003715515
0.003388405
0.005618811
0.004323483
0.005895615
0.004884720
0.004670858
0.004298687
0.003262281
0.003921032
0.008128881
0.003742933
0.004542828
0.005210876
0.005576134
0.003486156
0.006041288
0.008223772
0.003644943
0.003420591
0.003496408
0.004120827
0.004007578
0.003710985
0.005804062
0.003458500
0.004576445
0.006917000
0.005212545
0.006082058
0.006113291
0.003693581
0.005355597
0.004224539
0.004058599
0.005868912
0.004526854
0.005388498
0.004161835
0.006892920
0.010846853
0.009206533
0.006275177
0.003540039
0.003021479
0.004005909
0.003626823
0.003564119
0.003272057
0.003922462
0.004447937
0.004069090
0.003265142
0.005775213
0.005257368
0.003255606
0.004548073
0.003154993
0.003265619
0.004240751
0.005493641
0.006075859
0.003492832
0.004256248
0.006269693
0.005216122
0.006732464
0.003029823
0.004513979
0.005049944
0.004167080
0.005944490
0.006334543
0.003984213
0.003867865
0.005859852
0.005066395
0.005315781
0.005475044
0.004506826
0.003848314
0.003633022
0.004228354
0.004835844
0.004565716
0.004945517
0.003926039
0.004263639
0.003650188
0.004488945
0.003466129
0.004250765
0.006225824
0.004016161
0.004942179
0.005555868
0.003772497
0.005598545
0.004036665
0.010000229
0.007945538
0.004941463
0.004683495
0.003479004
0.003956079
0.003383398
0.003320456
0.004600763
0.003837347
0.004678965
0.004131079
0.004959583
0.004670382
0.005917549
0.005835056
0.005645990
0.003799438
0.003731966
0.004672289
0.004173040
0.004712105
0.003209114
0.004527807
0.004841328
0.006019831
0.005739450
0.004492998
0.003101349
0.004022598
0.005360842
0.003395319
0.003388166
0.004199743
0.005833626
0.006819963
0.006037951
0.004595041
0.003699064
0.003916502
0.006671906
0.005049944
0.004692554
0.004228592
0.005577564
0.005535841
0.005293131
0.003489971
0.004306316
0.004179955
0.004306078
0.004589319
0.005179882
0.003597498
0.006419420
0.004761219
0.006004572
0.004214764
0.008362293
0.003829241
0.004071712
0.005156755
0.004020214
0.004890442
0.003583670
0.003470659
0.003083229
0.006185770
0.009386301
0.009137392
0.005970716
0.003297806
0.006403208
0.004774809
0.003877163
0.004904985
0.006705284
0.004531384
0.004051924
0.003874540
0.003298044
0.004325628
0.005807638
0.004813433
0.005066395
0.005643368
0.004748344
0.004213572
0.003665209
0.004075527
0.003799677
0.003277540
0.005986929
0.004659653
0.005429983
0.004606724
0.003614664
0.006103516
0.005189419
0.005091906
0.004990339
0.004628181
0.003261089
0.003882170
0.003788710
0.004493952
0.005556345
0.006191015
0.005533934
0.007223368
0.003287792
0.003904819
0.004768848
0.014782190
0.005788088
0.010196447
0.004743099
0.003290653
0.005429268
0.003734827
0.003527164
0.003276110
0.003187418
0.004444361
0.003740549
0.003717899
0.004023552
0.004054785
0.006461620
0.003826380
0.003837824
0.003734589
0.005589962
0.004623890
0.003792286
0.004105330
0.003393412
0.006919146
0.003777504
0.004636765
0.004090548
0.004416466
0.004799366
0.004024982
0.003296852
0.008090734
0.003115416
0.003314018
0.003812551
0.003557682
0.003921509
0.003621101
0.002903223
0.003421545
0.003420591
0.004790783
0.003864527
0.005228519
0.003317833
0.003679276
0.003890514
0.004414320
0.003189564
0.003741741
0.003453493
0.004226923
0.003625631
0.003869772
0.005826712
0.003813505
0.012159109
0.007250309
0.003487587
0.004557848
0.003754139
0.003497362
0.002916098
0.003759384
0.003954887
0.003969908
0.006133080
0.004302263
0.003709316
0.004939556
0.004412889
0.005083323
0.004942656
0.004062414
0.004065037
0.005181074
0.003670692
0.003903151
0.003731251
0.004503965
0.003209114
0.003954411
0.004019022
0.004072905
0.005425215
0.004803658
0.004482746
0.004496098
0.004114866
0.003652811
0.004058123
0.006141424
0.004278898
0.003351927
0.003382921
0.004696608
0.004695415
0.003230095
0.004745007
0.005527496
0.005089998
0.003382921
0.007646799
0.003291607
0.004128218
0.003395557
0.008843184
0.006896496
0.006643534
0.003329992
0.003774881
0.004733324
0.005292892
0.004389048
0.003674984
0.004378557
0.003753901
0.003359556
0.003956556
0.004026651
0.003908157
0.004989624
0.003895044
0.004782915
0.003860712
0.003988266
0.004036427
0.003439188
0.003744364
0.004785299
0.005070210
0.003824472
0.004182816
0.005237579
0.003637075
0.003772736
0.004496336
0.003767252
0.003487825
0.003490925
0.003588676
0.004393339
0.003867626
0.003718138
0.003926754
0.004922390
0.004365683
