0.076348782
0.006021738
0.004291773
0.007363796
0.002840281
0.003347158
0.003182650
0.003352165
0.101417780
0.010980606
0.004808664
0.003028631
0.002696991
0.003508568
0.004863739
0.003108025
0.003520966
0.003298521
0.004268169
0.003785610
0.002773285
0.003458023
0.005511761
0.006042004
0.008208036
0.004407883
0.002499342
0.003961325
0.003830910
0.006468773
0.009523153
0.002902269
0.005288601
0.004526377
0.003007650
0.004458189
0.003463507
0.003989697
0.004577160
0.003980637
0.004144192
0.002976418
0.004258871
0.005514383
0.003504276
0.006183386
0.003558159
0.003325462
0.004999161
0.003545523
0.094021797
0.003659964
0.006457090
0.003277540
0.005147219
0.003451586
0.006434917
0.004950047
0.004928350
0.004132748
0.003242493
0.003155231
0.003248215
0.003119230
0.005381584
0.005166054
0.003318310
0.005266666
0.005443335
0.006695747
0.004316092
0.003501654
0.004357576
0.005646229
0.003294468
0.004479647
0.005122185
0.003882170
0.004928589
0.004548311
0.005150795
0.003335953
0.005395889
0.005676508
0.005511522
0.005121231
0.004375219
0.005503178
0.003043413
0.007362843
0.006115913
0.003177643
0.003316641
0.002753019
0.004966021
0.003002167
0.004958153
0.003319740
0.003008366
0.007530212
0.004014015
0.004531145
0.002785683
0.004442215
0.002770901
0.005716085
0.004344225
0.002607107
0.003709793
0.004406691
0.003150225
0.003163815
0.003344774
0.014469385
0.008459568
0.003322124
0.004654408
0.003339052
0.003479958
0.004796267
0.003359556
0.003330708
0.003351688
0.004206896
0.004973173
0.003038168
0.003095627
0.003653765
0.003423214
0.003699780
0.005009651
0.003347158
0.007382393
0.003476381
0.007198095
0.007791758
0.007103682
0.008461952
0.007183552
0.002882481
0.003526449
0.006314993
0.003878117
0.003344297
0.002725363
0.003355265
0.002678156
0.005200863
0.004461527
0.003705502
0.003372669
0.002805948
0.003781319
0.005119324
0.005273104
0.006074429
0.004649878
0.004924297
0.005331516
0.003112316
0.004577875
0.002581596
0.002796650
0.005514383
0.003141403
0.003263950
0.002992392
0.003652811
0.010376930
0.003143311
0.007414818
0.005724669
0.003335953
0.003405571
0.003658772
0.003374815
0.006425858
0.006874084
0.003376484
0.004204273
0.003199816
0.005096436
0.006857157
0.004308462
0.004798889
0.003010988
0.003346443
0.003163576
0.003427505
0.003925562
0.003258944
0.003333330
0.003514051
0.036756039
0.004452944
0.010047674
0.010610580
0.003831387
0.003780603
0.004014969
0.003305912
0.003721237
0.003329277
0.003812551
0.002856731
0.004723787
0.003488302
0.002604961
0.006876707
0.003462076
0.003214121
0.003489494
0.004361629
0.003334522
0.004045963
0.002773285
0.003051519
0.002763033
0.008679628
0.021402121
0.005497456
0.003721714
0.003233194
0.003194809
0.006299019
0.003335953
0.005678415
0.004759073
0.004365921
0.008493185
0.003108978
0.004525661
0.003377914
0.003331661
0.003336906
0.004109383
0.004625559
0.003325939
0.004295588
0.003453016
0.005001307
0.010314941
0.005814791
0.006646395
0.003330231
0.004245043
0.005762100
0.004467487
0.003331423
0.003191948
0.003161669
0.003434181
0.004429340
0.004244566
0.003735542
0.003048182
0.003200293
0.005226135
0.002545834
0.002314329
0.003878355
0.003277063
0.004376888
0.004244804
0.005694389
0.004510403
0.003988743
0.002798557
0.004599333
0.005717993
0.007457495
0.004393339
0.004771709
0.004712582
0.003114939
0.004745007
0.006752014
0.006171942
0.003203869
0.003368378
0.003236294
0.004426003
0.007520199
0.003298759
0.005505085
0.003035307
0.002981901
0.003731728
0.003633022
0.003232479
0.003224611
0.003216028
0.002834558
0.003063440
0.003348589
0.003326893
0.003203392
0.003237724
0.002792835
0.004354239
0.003765821
0.005677223
0.003207445
0.003106833
0.002844095
0.004546642
0.003243685
0.003110647
0.004888058
0.003331661
0.003483534
0.004010916
0.003321171
0.002734900
0.003083706
0.004506588
0.003308296
0.005030870
0.003325939
0.003336430
0.003733158
0.003345966
0.004107714
0.002668619
0.003400564
0.003678083
0.002968073
0.003123760
0.006376982
0.005485296
0.003981352
0.002861977
0.003845692
0.004840374
0.007347822
0.005808592
0.004560471
0.003535032
0.004638195
0.004182816
0.003215551
0.002490044
0.003215313
0.003594637
0.004883289
0.005983353
0.005531549
0.002667189
0.003561735
0.003602743
0.003821135
0.003769636
0.005045176
0.003645897
0.005933046
0.005908966
0.002809286
0.002864122
0.004414558
0.003361702
0.003165245
0.003981590
0.004496574
0.004848957
0.002831697
0.003087759
0.004399776
0.002552748
0.002803326
0.004004240
0.003368616
0.004272223
0.003883839
0.050215721
0.002835989
0.003595829
0.002987623
0.004103422
0.003632784
0.003631115
0.013201475
0.009079218
0.007680178
0.003337860
0.003336906
0.003877878
0.003751755
0.004947901
0.003673792
0.003961086
0.004257679
0.002927065
0.003335476
0.003248692
0.003100157
0.002976656
0.004107237
0.005641699
0.002803087
0.004998207
0.003327131
0.003294945
0.005843639
0.003950596
0.004151106
0.004367113
0.002664328
0.004597187
0.006414652
0.003452778
0.003024817
0.003124475
0.003334761
0.003992558
0.003673315
0.007369757
0.009325266
0.009680510
0.003325462
0.003731728
0.004618168
0.005602837
0.003219604
0.002704382
0.002779245
0.002761364
0.002873421
0.003137112
0.003329277
0.004508018
0.005581141
0.003442049
0.004018307
0.003437519
0.003215551
0.002831697
0.003329754
0.003718138
0.003683329
0.006579399
0.004463911
0.003339291
0.003341675
0.002737045
0.004874468
0.004818201
0.003089190
0.003339052
0.002921820
0.002926826
0.003339529
0.003135681
0.003672361
0.002750874
0.003603697
0.003564358
0.003684282
0.004383326
0.005489349
0.003103018
0.003409386
0.002938509
0.003979683
0.006947994
0.006766081
0.005762577
0.006018639
0.003350496
0.003228188
0.003315926
0.003330469
0.004589796
0.004049063
0.003321648
0.003692389
0.004781485
0.003477573
0.007248402
0.005190372
0.002969027
0.004591465
0.004074812
0.004979610
0.003916264
0.003046751
0.004351139
0.003680944
0.003183365
0.004017115
0.003494978
0.005621195
0.002973557
0.002932310
0.003271103
0.002927065
0.003743172
0.003207922
0.003194571
0.003493786
0.003125191
0.003051281
0.004141569
0.004021645
0.004144907
0.003592253
0.004492521
0.005106688
0.004254103
0.004613638
0.003085852
0.014601707
0.005410910
0.006523132
0.008010864
0.005974770
0.004233360
0.004677057
0.004097462
0.003490210
0.003699541
0.004638672
0.002871275
0.002516747
0.003090143
0.006203175
0.005193472
0.003956079
0.003846169
0.002874374
0.004168272
0.002565384
0.005884886
0.003337145
0.004589319
0.002928972
0.003051043
0.002421856
0.003520727
0.004086971
0.003000498
0.003265381
0.003661871
0.005816698
0.004545212
0.003650665
0.002563477
0.003867865
0.002671719
0.003579378
0.002959490
0.005276203
0.002939463
0.002859831
0.003368855
0.003940344
0.003389835
0.003407717
0.002605438
0.002689838
0.006031513
0.004193783
0.005150557
0.004519939
0.003403425
0.003820896
0.004570246
0.003485441
0.004287243
0.004730940
0.003138542
0.012129068
0.003427744
0.006842852
0.003114462
0.026968002
0.002882242
0.023224831
0.008665323
0.004443645
0.004490376
0.006151676
0.004074574
0.003159046
0.004608393
0.004198313
0.002962828
0.003143072
0.002685785
0.004511595
0.003926039
0.004040480
0.004956484
0.005749226
0.004239559
0.002764702
0.002697468
0.002812624
0.004068136
0.002507925
0.002951384
