0.049156666
0.106578350
0.003098249
0.003192425
0.003158569
0.003304005
0.003291607
0.003233910
0.003803253
0.004031181
0.004450798
0.003156900
0.004907608
0.003365993
0.004616976
0.003567219
0.004297256
0.005962610
0.003391743
0.003300905
0.004783392
0.003557682
0.004787207
0.003777981
0.003014088
0.007221222
0.003902912
0.004149199
0.004511595
0.003354311
0.004215717
0.003503799
0.003804207
0.004867315
0.004756451
0.005971193
0.003065109
0.006503105
0.004748821
0.003980875
0.004026413
0.003131628
0.003840685
0.003320694
0.003545523
0.004429579
0.003300190
0.003779888
0.004024267
0.003697157
0.003025055
0.002966166
0.004439116
0.004450560
0.004111767
0.005072832
0.005629063
0.003723383
0.003742695
0.006917000
0.008496761
0.009700775
0.006467819
0.005169392
0.004312277
0.005916595
0.004420757
0.003964186
0.004016876
0.004479647
0.003908396
0.004613638
0.004228830
0.003916740
0.003535032
0.008900166
0.003089905
0.002890348
0.003334761
0.003152609
0.003789186
0.003854513
0.003357172
0.003842115
0.003375530
0.003553391
0.003861904
0.004331112
0.003854513
0.004802942
0.005306005
0.003679276
0.005228043
0.005178690
0.009434700
0.012094736
0.007238865
0.004183054
0.004347563
0.002948523
0.003229618
0.005771399
0.003590345
0.005865812
0.004175663
0.007903576
0.005777597
0.004922390
0.005392313
0.005038023
0.004426241
0.003766298
0.004550934
0.005302906
0.005375385
0.003334045
0.003754139
0.003742218
0.004549265
0.005800247
0.011318207
0.004585266
0.003189325
0.003922701
0.003542900
0.005293608
0.004110575
0.004791260
0.004213572
0.006295919
0.002942801
0.003424168
0.003954172
0.004935741
0.003908396
0.004059553
0.005436897
0.003953695
0.004657269
0.007392883
0.004144669
0.004582405
0.004462242
0.003542423
0.004913330
0.004632950
0.003428459
0.004785776
0.003706217
0.003414392
0.005352020
0.003419161
0.004348278
0.004230022
0.006432295
0.004013300
0.005867243
0.004309654
0.021596670
0.004473448
0.003350496
0.002886057
0.003127337
0.003483295
0.004003286
0.004646301
0.008056879
0.003575087
0.004626751
0.003118038
0.003194094
0.005093098
0.004427195
0.003642559
0.003135443
0.003341436
0.003547192
0.006256819
0.062865019
0.003463507
0.017997980
0.004172325
0.003858328
0.005050182
0.003827095
0.003475189
0.002995729
0.003247023
0.005119324
0.004431248
0.004946947
0.003754377
0.005897284
0.004732609
0.004243612
0.003967762
0.003200769
0.004942894
0.003906250
0.004478693
0.003340244
0.003374338
0.005808830
0.004493475
0.003901720
0.004280329
0.002982140
0.002923250
0.006250620
0.003461838
0.004959822
0.003800631
0.003202915
0.004037619
0.003686666
0.003618717
0.003128290
0.004299879
0.005714417
0.003061295
0.004356861
0.004837513
0.005438328
0.005584240
0.013063431
0.010036230
0.005441904
0.003444433
0.003637791
0.005264282
0.003589392
0.007544518
0.004083633
0.006895542
0.003049135
0.004117727
0.006780863
0.005099297
0.003721476
0.004181623
0.005841494
0.003799200
0.005942583
0.004103661
0.003558874
0.004264593
0.004837513
0.010171413
0.005617380
0.003373384
0.004343033
0.005007029
0.004202843
0.004676104
0.006552458
0.005823374
0.003986120
0.006831646
0.003332615
0.004927397
0.003228426
0.004344702
0.003104925
0.006800413
0.004329443
0.004522562
0.003935575
0.004299402
0.003006458
0.003904343
0.003602982
0.003391027
0.003644943
0.003491640
0.004674435
0.003496647
0.100925684
0.004327536
0.005838871
0.011546850
0.005850315
0.003231287
0.002998590
0.003672600
0.003002405
0.005027771
0.006803513
0.005907774
0.005063772
0.003038406
0.007746935
0.004687309
0.004193068
0.005924463
0.004606009
0.003499985
0.005396366
0.003241301
0.003440142
0.003906965
0.002793312
0.004563332
0.004542112
0.005007029
0.004160404
0.004981041
0.005920410
0.004368067
0.006392479
0.004173040
0.004555464
0.005449295
0.004492760
0.005050182
0.004169464
0.004642010
0.016117573
0.003546000
0.019343376
0.005129099
0.004753113
0.004792213
0.005925417
0.002936125
0.004810572
0.006131887
0.003416061
0.004739761
0.004072905
0.003139496
0.005387545
0.003200054
0.003017902
0.004518986
0.003139734
0.004590511
0.004297495
0.005147696
0.003660440
0.005202770
0.004912615
0.004428148
0.003118753
0.004900694
0.007479429
0.003949404
0.003476858
0.006286860
0.004829645
0.003130674
0.003677845
0.005275726
0.003831387
0.003988028
0.003172636
0.003762245
0.006186962
0.004168510
0.004877806
0.005739450
0.004210711
0.004941225
0.005056858
0.007859945
0.010934353
0.005858183
0.003349304
0.004263639
0.003796816
0.003576756
0.004680395
0.003270626
0.004806757
0.004112482
0.003112555
0.003149748
0.004332542
0.003931046
0.003430367
0.003713131
0.003042221
0.004351616
0.003327370
0.002948999
0.003080368
0.004843950
0.004323244
0.003588676
0.003945351
0.004219532
0.005138636
0.003516197
0.004839182
0.004221439
0.003599167
0.005452394
0.003844261
0.004567385
0.006370544
0.003458023
0.003801584
0.006105900
0.006323099
0.008039474
0.004241467
0.005294323
0.005036116
0.008176088
0.005180120
0.010572433
0.010684729
0.004499674
0.003590584
0.005568027
0.004225731
0.002861977
0.003299236
0.004796028
0.003070593
0.002884626
0.003805161
0.005066395
0.004078388
0.003943205
0.003399849
0.003189325
0.003459930
0.005499125
0.003584862
0.005340099
0.005434036
0.004065752
0.003327847
0.004520178
0.005002022
0.003934622
0.003191948
0.003624678
0.004217863
0.006169558
0.004408121
0.004713774
0.003781319
0.004447222
0.003628969
0.003964186
0.005702019
0.003863335
0.003392696
0.004467487
0.003472805
0.003542900
0.005132198
0.004372358
0.003763199
0.004020691
0.004458189
0.004819632
0.005471945
0.003405094
0.003416538
0.003218889
0.004425287
0.003271341
0.005255461
0.003677130
0.004920244
0.004002810
0.006049156
0.010348082
0.003472805
0.003590107
0.004177332
0.004983664
0.003924131
0.004427910
0.004142761
0.003731966
0.003864050
0.003256083
0.003465652
0.004869699
0.003901005
0.005407333
0.004112720
0.003740549
0.003335476
0.004123688
0.003654003
0.003754854
0.004760027
0.004429340
0.005929708
0.002850771
0.003640652
0.003425360
0.003182173
0.003391027
0.010849476
0.003671408
0.003608227
0.005713463
0.006104946
0.003349543
0.003144264
0.003966093
0.004178762
0.003915787
0.004868269
0.005282402
0.005470514
0.003114223
0.003255129
0.002724171
0.003463745
0.011049032
0.008534908
0.002699614
0.003747225
0.004077673
0.004657507
0.004060268
0.006037474
0.003364086
0.003636122
0.003747225
0.004264355
0.003576040
0.003171682
0.003715754
0.003316879
0.003382206
0.003692389
0.003587008
0.003920317
0.004559040
0.004807472
0.003322363
0.003213882
0.005162716
0.004050493
0.004055262
0.003715515
0.003902674
0.003377914
0.004829407
0.003371477
0.004806280
0.004141092
0.003407240
0.003458977
0.003672838
0.003569365
0.004013538
0.004139423
0.003299952
0.002937078
0.005031109
0.003648758
0.003343582
0.003410101
0.003507137
0.003108025
0.074693203
0.003067017
0.003274679
0.004132748
0.003168583
0.003407240
0.004647255
0.004643202
0.003412247
0.006490231
0.004580736
0.005193949
0.004342079
0.003600121
0.004453897
0.005563498
0.006911516
0.003134251
0.004171848
0.003458023
0.004310846
0.004054785
0.004414797
0.004157305
0.004143715
0.003951550
0.003474474
0.004518509
0.004176855
0.005601645
0.003218174
0.004190683
0.003005743
0.004112959
0.005011320
0.004252911
0.004346132
