0.089871645
0.110728025
0.098166227
0.099401236
0.148052216
0.130740404
0.090332985
0.116401911
0.091458797
0.088766813
0.096746683
0.134031534
0.085208893
0.084182501
0.082733870
0.084714651
0.056049109
0.112001181
0.125011683
0.125163078
0.080428600
0.103504181
0.111773252
0.129758358
0.174700022
0.138490200
0.065122366
0.108737946
0.139321327
0.103558540
0.252471685
0.135003090
0.087520838
0.080532074
0.066892624
0.083430052
0.097509146
0.077876329
0.086370468
0.062247515
0.131685019
0.110474110
0.122905970
0.088739157
0.097822666
0.100695848
0.096410513
0.099127531
0.089967728
0.186149359
0.193201542
0.119526148
0.067631960
0.101966381
0.064366579
0.074443817
0.097338676
0.088916540
0.059277773
0.077179432
0.091860294
0.073522091
0.105047464
0.089376926
0.050764084
0.064005136
0.098623514
0.085428715
0.087080240
0.063081980
0.100850105
0.123313427
0.089473724
0.078387022
0.044907331
0.079986334
0.088930607
0.147495508
0.098920345
0.159228802
0.126009941
0.057497025
0.054068565
0.063690901
0.063084364
0.054070950
0.059929609
0.074444532
0.070724726
0.083460093
0.060657501
0.054068089
0.077084064
0.038130045
0.072791576
0.084646940
0.087649822
0.074166775
0.066012859
0.057195425
0.087304592
0.062255144
0.064394236
0.070324421
0.050255060
0.069800138
0.052248240
0.082558870
0.131541014
0.117914677
0.064095497
0.101814508
0.086810112
0.106809378
0.132483006
0.075975657
0.138326168
0.129387617
0.205764532
0.125562906
0.086158752
0.063906431
0.073354483
0.062308550
0.046938896
0.091772795
0.104620457
0.088095188
0.114545584
0.140837431
0.150982380
0.155465603
0.104848146
0.170851469
0.080619335
0.083304882
0.072049379
0.051128387
0.061458111
0.068377495
0.076651335
0.076259613
0.075186968
0.062491655
0.091865063
0.154943228
0.047998428
0.107304573
0.053252220
0.057899952
0.076187849
0.053788424
0.084089994
0.117197990
0.127468586
0.119943380
0.103381157
0.155914068
0.068450451
0.069313765
0.042470932
0.068556786
0.070161104
0.050434589
0.084814787
0.058300972
0.065136433
0.056138039
0.074429035
0.087223291
0.195299864
0.160537004
0.056722641
0.062896013
0.077008724
0.078347206
0.161525965
0.145138025
0.129657507
0.071583748
0.053525925
0.053015947
0.066704988
0.074001551
0.068927526
0.048428059
0.040392160
0.077197313
0.082511425
0.061857224
0.071448088
0.069743156
0.087778330
0.098811865
0.082467318
0.078042984
0.103352785
0.143689156
0.163191319
0.132790089
0.105758667
0.158115149
0.101071596
0.058022022
0.089655876
0.088670254
0.063490868
0.059617043
0.075414896
0.086278200
0.045002937
0.060044527
0.063873053
0.076492548
0.082568645
0.092070818
0.057970524
0.114303350
0.166740179
0.215151548
0.233855009
0.161607742
0.126372576
0.157757044
0.049278975
0.065813541
0.077160597
0.072439671
0.047401905
0.071428061
0.061619282
0.061050415
0.050361395
0.061211586
0.068314791
0.054735422
0.084934235
0.059534550
0.094604492
0.090305090
0.070404768
0.066306591
0.054518938
0.038115740
0.066127777
0.062930346
0.058755159
0.034526110
0.073179007
0.053546429
0.077158928
0.047018290
0.053740263
0.066680670
0.043977737
0.059201717
0.052554131
0.062301159
0.067917585
0.073783636
0.101331234
0.163107157
0.170288324
0.064064264
0.049023867
0.059279442
0.100746155
0.089586020
0.131577969
0.076617002
0.082432032
0.071494818
0.062871695
0.053156853
0.104875326
0.179879189
0.119224310
0.140525341
0.066808224
0.079389095
0.114817381
0.087019205
0.071596146
0.074271917
0.103674173
0.079037428
0.106199741
0.081033707
0.155289650
0.088690519
0.109687328
0.250878811
0.267587423
0.114173651
0.102075577
0.131261587
0.110058546
0.060283899
0.104504108
0.128030062
0.103931189
0.059854269
0.109760046
0.061466455
0.111883163
0.186472416
0.141370058
0.118081570
0.052197695
0.097125292
0.134481668
0.132094145
0.157582521
0.126538992
0.083406925
0.092149973
0.063068151
0.085352898
0.069161654
0.094206572
0.075754642
0.124869823
0.102704763
0.099277496
0.071578264
0.095159292
0.081619024
0.081567764
0.077861547
0.088244677
0.082785130
0.125957251
0.144851923
0.055805206
0.110013247
0.188991547
0.146034002
0.072170734
0.105440378
0.079168081
0.069571257
0.076130629
0.056740999
0.086262226
0.090852499
0.091741085
0.084008455
0.076422215
0.067751646
0.081205368
0.060827971
0.074862003
0.103830338
0.055819035
0.041021109
0.080467224
0.108175993
0.117574215
0.111052036
0.149629831
0.099477291
0.106195211
0.050621271
0.053143740
0.086787701
0.048980236
0.079016447
0.036365032
0.041924953
0.089911938
0.050570488
0.089337111
0.062196016
0.062880516
0.073180914
0.073437691
0.076092243
0.068935394
0.069299221
0.067002058
0.088917971
0.092437506
0.079339027
0.094671249
0.066045523
0.054287672
0.060423136
0.085037708
0.068452835
0.103765011
0.199395657
0.184306145
0.067095518
0.066002846
0.054030180
0.064945936
0.124040365
0.200193882
0.116760492
0.107116699
0.126475573
0.118821383
0.069755077
0.072162151
0.073566198
0.096815586
0.073763847
0.052045107
0.095245838
0.061740875
0.053362131
0.071863651
0.079969883
0.055161953
0.035392523
0.058468580
0.103428364
0.075715303
0.051821232
0.100163698
0.113266945
0.061235428
0.058979034
0.074221611
0.089607716
0.110478163
0.154073238
0.162477255
0.100416422
0.088900566
0.076788187
0.065864563
0.114354610
0.166801453
0.060465813
0.103438139
0.090340614
0.152716875
0.141843081
0.093093872
0.097044706
0.106337309
0.113256693
0.060607195
0.057394743
0.089494467
0.143693209
0.194122791
0.119414806
0.110546112
0.091138363
0.112276316
0.065092564
0.081091642
0.075786352
0.056282282
0.085614681
0.057437181
0.060206413
0.075751066
0.072200537
0.050392628
0.059345484
0.068417072
0.085551262
0.057203531
0.074686050
0.087691069
0.081262112
0.086410046
0.088808775
0.118827105
0.136361599
0.120002508
0.166449308
0.091976404
0.035418272
0.091192961
0.112741709
0.114887714
0.066395760
0.072834969
0.090294123
0.080719709
0.073784113
0.068710566
0.062393427
0.084103107
0.093980551
0.088868380
0.081918478
0.083172560
0.122272015
0.179220200
0.060774803
0.099789858
0.163191319
0.099672318
0.086224079
0.109061480
0.140305042
0.067325592
0.113450050
0.084316969
0.059272766
0.083090305
0.063446283
0.047683477
0.082596540
0.067270994
0.134033203
0.201789379
0.058672905
0.120027304
0.078871727
0.161872625
0.147864342
0.120490313
0.060474396
0.094747305
0.102811575
0.093406439
0.059421539
0.065408945
0.067923307
0.051430464
0.056092501
0.059522152
0.077719688
0.106338501
0.123916388
0.130658150
0.140182018
0.096811771
0.166840792
0.057962179
0.183884859
0.174214602
0.085751057
0.110828400
0.157556534
0.110316277
0.172576189
0.217957735
0.166068077
0.104831696
0.099031210
0.106518984
0.084462404
0.098713160
0.116907835
0.075336695
0.144536972
0.109509706
0.103583097
0.084875107
0.060579300
0.094722033
0.171205521
0.143036604
0.161802530
0.085035086
0.114475489
0.092630386
0.099680424
0.084966898
0.078499317
0.075880289
0.074622154
0.093630314
0.085392952
0.098712683
0.076500177
0.083473682
0.068729401
0.161394119
0.084523201
0.082014799
0.134077072
0.105661154
0.062175035
0.098800421
0.117922544
0.175457954
0.113338470
0.111549854
0.167423487
0.130377769
0.097676039
0.076914549
0.054938316
0.061847925
0.064613104
0.069304466
0.105695963
0.064124346
0.093422651
0.086354971
0.068347216
0.085338116
