0.005577087
0.006105900
0.003254175
0.003984690
0.013585806
0.003553867
0.006184101
0.006813765
0.003405809
0.003761768
0.005115509
0.002906799
0.087841034
0.003741503
0.003667831
0.003057957
0.003032207
0.003368855
0.003163099
0.003293037
0.003919363
0.005581856
0.003205061
0.003031015
0.005198956
0.004078388
0.003226280
0.003088713
0.003299475
0.003539085
0.003271580
0.003731728
0.002947807
0.002738476
0.003939867
0.006584883
0.003417492
0.003489017
0.002996922
0.004034996
0.004791975
0.004184961
0.006422043
0.004158974
0.002955914
0.004600763
0.002826452
0.003747940
0.002974749
0.003995657
0.003739595
0.002907753
0.003844500
0.003251314
0.003640890
0.013642073
0.004271507
0.006308079
0.004567623
0.002998114
0.002977610
0.004436970
0.004110813
0.003163815
0.003213167
0.003073215
0.004634619
0.002667904
0.002938509
0.003836393
0.003228188
0.003178596
0.005335093
0.003009796
0.003073931
0.003633499
0.005487204
0.004477501
0.003499985
0.003038168
0.004124403
0.004922867
0.002819300
0.004781008
0.004892588
0.002726555
0.005726337
0.003243685
0.003952980
0.003317833
0.004282236
0.005007744
0.006558180
0.004537821
0.004383326
0.003639460
0.006418705
0.003350496
0.003124237
0.003428221
0.003463745
0.003026009
0.002990246
0.002930641
0.003210545
0.003198385
0.002703428
0.003355503
0.003450394
0.003581524
0.005306005
0.003991842
0.004726648
0.002850533
0.004392624
0.003622532
0.003852844
0.005163908
0.004294872
0.005252838
0.005008936
0.003817797
0.005206585
0.004177094
0.003919363
0.003928423
0.005501270
0.006005764
0.006325960
0.006072044
0.002940416
0.004466772
0.003190041
0.004534721
0.002808332
0.005070210
0.005518675
0.003163338
0.004015207
0.004440546
0.009725571
0.005115986
0.004418373
0.003516674
0.003544807
0.007407904
0.005372524
0.004323959
0.003235817
0.004397869
0.006136417
0.004446268
0.009062529
0.004192829
0.006614685
0.004793167
0.003624916
0.006132126
0.003372192
0.006011486
0.003511429
0.003293991
0.007054806
0.005446196
0.004270315
0.003520012
0.003982782
0.003986120
0.002844810
0.004352808
0.003061533
0.004492044
0.005712509
0.003864288
0.003343582
0.003847122
0.003326178
0.005532026
0.003525257
0.004341841
0.004061222
0.005835295
0.005932808
0.004148722
0.003513336
0.002976179
0.003225803
0.002741337
0.003386736
0.003308535
0.004054070
0.004849195
0.003166914
0.005107880
0.002391815
0.003570795
0.002855539
0.007563114
0.004126072
0.003700018
0.004379511
0.007121563
0.003770113
0.003583670
0.005978823
0.005188704
0.002974510
0.006056309
0.003455639
0.006079674
0.003452778
0.002686262
0.002706766
0.002963781
0.003037930
0.003638744
0.004194736
0.003560305
0.003544807
0.004335880
0.003296852
0.003045559
0.003519058
0.003401995
0.004968882
0.003629684
0.003266811
0.003800631
0.004870653
0.003034353
0.008146763
0.005275965
0.009695053
0.010848999
0.002700090
0.003563166
0.009775877
0.003839254
0.003375769
0.004951239
0.003448963
0.003267288
0.005488396
0.003874779
0.007557392
0.003198385
0.003852129
0.005101681
0.005871773
0.004066467
0.004141569
0.002885580
0.003798485
0.004662752
0.006020308
0.005521774
0.006956816
0.003457069
0.003347874
0.004916430
0.005527258
0.005601406
0.004335165
0.003911734
0.004737616
0.004036427
0.004833698
0.002981186
0.003268957
0.003977060
0.003450632
0.003740788
0.003053904
0.003423691
0.003725767
0.003739834
0.006882429
0.003610373
0.004227638
0.003348351
0.006088018
0.004029989
0.003048658
0.004239798
0.007744074
0.003205538
0.003470182
0.005746841
0.011325598
0.005405426
0.009150505
0.003058910
0.003128052
0.003288031
0.004302502
0.003323317
0.004264116
0.005626202
0.003334284
0.003846645
0.003181458
0.003892899
0.004099607
0.004893780
0.002902508
0.004375696
0.005569458
0.003665447
0.003953457
0.002607822
0.003636122
0.003355026
0.003673792
0.004775047
0.003253460
0.003547668
0.004946232
0.002869606
0.005639076
0.003593683
0.003323555
0.005744696
0.004750490
0.005208254
0.003354788
0.002603054
0.003362417
0.005763292
0.002900124
0.005229235
0.002843380
0.004796982
0.113222599
0.007350683
0.011241198
0.002924919
0.004036188
0.004644156
0.003665209
0.003984690
0.003076077
0.003013134
0.002822638
0.003331184
0.002941370
0.006917000
0.005615711
0.006105423
0.005157471
0.005058289
0.003747702
0.004164934
0.003848076
0.004025459
0.005796909
0.003626108
0.003451109
0.004221201
0.005242348
0.003420591
0.003776789
0.004220486
0.005408049
0.003913164
0.011091709
0.003441095
0.005087852
0.092552662
0.005313158
0.005444050
0.005706787
0.003549099
0.006290197
0.008620024
0.005949020
0.004108429
0.005336761
0.005695105
0.003992081
0.005480766
0.006348372
0.005476236
0.006376982
0.005042076
0.003913879
0.006986380
0.003999710
0.009570122
0.004148006
0.016157389
0.004728079
0.004042387
0.003723383
0.003851414
0.005286932
0.009447098
0.006906033
0.005475760
0.005913019
0.004287958
0.004315853
0.007650852
0.005224228
0.003905296
0.005500317
0.003227949
0.003040314
0.003777742
0.006223202
0.003116131
0.003909349
0.003357887
0.003005743
0.003266573
0.003244400
0.003749371
0.003417730
0.004858971
0.006906509
0.002905369
0.003152132
0.004128695
0.003622293
0.003571510
0.005017996
0.003741980
0.036908388
0.004030228
0.003543854
0.003012657
0.002744675
0.003754616
0.003580570
0.003764153
0.006649494
0.004678726
0.002998352
0.003427029
0.003554583
0.003238440
0.003548861
0.003397226
0.004059076
0.006119013
0.005180597
0.004282475
0.004554749
0.006068468
0.003807306
0.004020452
0.010957479
0.003148079
0.002949715
0.003107309
0.003168583
0.003039598
0.005044222
0.003285408
0.002919197
0.003756523
0.004244328
0.002849340
0.004579067
0.003383160
0.003383636
0.004440546
0.004421949
0.003201008
0.004921675
0.005021334
0.004560947
0.008719683
0.006036043
0.003826618
0.005897999
0.006354094
0.005481720
0.003585339
0.005444288
0.003612518
0.003476858
0.003123999
0.003715754
0.003006458
0.003369808
0.004406691
0.005523920
0.003366947
0.003198624
0.006518602
0.003396988
0.006413221
0.002558947
0.082377911
0.004165411
0.003358603
0.003866196
0.003734112
0.003626585
0.004071712
0.005227566
0.005735874
0.008268356
0.004386425
0.004970074
0.003821373
0.003051996
0.003931999
0.003189802
0.003558397
0.003136158
0.004115105
0.003621817
0.002897739
0.003499269
0.003991127
0.003705978
0.003893852
0.005159616
0.003493309
0.003347874
0.003214121
0.002908707
0.004533052
0.003238916
0.003311157
0.003045797
0.003852367
0.003403664
0.003365755
0.002979994
0.003694057
0.073909760
0.003259659
0.003332853
0.003259659
0.004043579
0.003718853
0.003828049
0.003819227
0.003389597
0.003792763
0.006082058
0.004035711
0.004575491
0.004971266
0.004611015
0.003248453
0.002811670
0.002920628
0.003147602
0.003311157
0.004878521
0.003195047
0.003200054
0.003257990
0.003240108
0.002748728
0.003517151
0.003332376
0.004217863
0.003571033
0.004799843
0.003866673
0.009041786
0.003576756
0.004386902
0.002955675
0.003473043
0.003506422
0.003794909
0.004466295
0.004307032
0.008436441
0.006065369
0.005291939
0.004711866
0.003830433
0.004586220
0.003540993
0.003826857
0.004355669
0.002768517
0.004951715
0.004478931
0.003949404
0.003008842
0.004847527
0.006726980
0.004403353
0.003667593
0.004093647
0.004229307
0.004902840
0.003555775
0.003937244
0.002862453
0.003737450
0.003180981
0.004385710
