0.004169226
0.003212214
0.003368378
0.005592346
0.003307104
0.003678322
0.004268169
0.003334999
0.004665852
0.004605293
0.004661083
0.003902674
0.003578663
0.004096270
0.003624201
0.003572464
0.003486395
0.003186226
0.003853321
0.005270004
0.003374100
0.004257441
0.005327702
0.002963066
0.003132820
0.003340483
0.003382683
0.003735065
0.002846479
0.004011631
0.003170013
0.006187916
0.003742218
0.003146887
0.004100561
0.003715992
0.004096031
0.003576040
0.004192829
0.003137827
0.004360676
0.004401922
0.003330469
0.003305435
0.003215313
0.004080772
0.004013777
0.003990173
0.004856825
0.003175497
0.003900290
0.003344774
0.003264427
0.003640175
0.003924847
0.006249189
0.003916502
0.003043652
0.003140211
0.004914284
0.002982140
0.004514217
0.003863096
0.002791882
0.003702402
0.003755569
0.003769398
0.002784014
0.002581596
0.002609015
0.002592802
0.003174782
0.004073381
0.002978563
0.066969633
0.003184319
0.003365278
0.003694534
0.003626823
0.004422903
0.003435850
0.004003763
0.003070831
0.003295898
0.004880428
0.004452944
0.004890203
0.004009485
0.004720688
0.003482342
0.003409624
0.005091906
0.004098177
0.003438950
0.003130198
0.002937555
0.003432274
0.003237486
0.004304171
0.003060579
0.003164053
0.005104780
0.005721092
0.003124714
0.005073786
0.003466845
0.002507687
0.003715515
0.004450321
0.004965782
0.002472162
0.057162285
0.004858255
0.003032207
0.002872229
0.004080772
0.003278494
0.003524303
0.003043413
0.005242109
0.002873898
0.002897739
0.003362656
0.003990173
0.003161669
0.004345655
0.002746820
0.003087997
0.005253315
0.002712965
0.005949259
0.003225327
0.003406048
0.007818937
0.004505157
0.002688885
0.003230810
0.003502131
0.004495859
0.002708197
0.003538132
0.005796671
0.002869368
0.002805948
0.003410578
0.002808809
0.003669739
0.004904509
0.005606174
0.003890514
0.003434420
0.003353596
0.003658772
0.002912045
0.002565145
0.002733231
0.002964020
0.004070997
0.002649546
0.003234386
0.004083395
0.003278017
0.002901077
0.003186464
0.002760887
0.003107309
0.003429413
0.003139973
0.003612280
0.003109932
0.003448486
0.003543139
0.004814863
0.005335808
0.003917456
0.002729416
0.003472805
0.003048897
0.003267765
0.005352497
0.003106833
0.003063679
0.003686190
0.003596306
0.003377914
0.003157139
0.003057241
0.003034592
0.003106833
0.005777121
0.004972219
0.003865719
0.004499674
0.003500700
0.002950430
0.003611088
0.003105164
0.003280163
0.005356073
0.003306389
0.002753973
0.002680540
0.003203630
0.002864361
0.002917528
0.002957582
0.003942013
0.002888441
0.003508568
0.003287315
0.003118038
0.003166914
0.002655506
0.002964497
0.003793955
0.004217386
0.004060745
0.003811598
0.003273487
0.003561974
0.002719641
0.005537510
0.003231049
0.003273964
0.003420115
0.002536774
0.002629519
0.003754854
0.003348112
0.002583504
0.002763033
0.002755880
0.003418207
0.003029585
0.003359079
0.003774405
0.003554821
0.002956629
0.003176928
0.002700090
0.005835772
0.004985809
0.002470970
0.002736330
0.003167629
0.003499269
0.003228426
0.002662659
0.002846479
0.003365040
0.003606081
0.003132343
0.003317595
0.003608704
0.004253387
0.002762556
0.002673149
0.005028725
0.004843235
0.005247355
0.003364563
0.002998114
0.004772425
0.002792597
0.003749609
0.003392935
0.003172636
0.004012823
0.005388737
0.004393578
0.007425785
0.003537178
0.005893230
0.010167599
0.003190517
0.003918648
0.002562046
0.003822327
0.005401373
0.003072262
0.003221035
0.002706528
0.004951477
0.003456116
0.004295588
0.002614737
0.003018618
0.002775431
0.002816677
0.003069878
0.004223347
0.005085230
0.004548788
0.002571821
0.002731800
0.003316164
0.004324436
0.003325701
0.005187273
0.006317139
0.002600908
0.003600359
0.004268646
0.005530596
0.003598690
0.003444195
0.005722523
0.003649473
0.003080606
0.003230572
0.003951073
0.004409075
0.005123138
0.003763437
0.002994537
0.004273891
0.002973795
0.003792286
0.004443645
0.005007982
0.004343271
0.004227161
0.003072500
0.003425121
0.003911257
0.003759146
0.003569365
0.003154993
0.003645420
0.002673388
0.002463818
0.003268242
0.003589869
0.004829168
0.003421307
0.005715847
0.003391743
0.002786398
0.003957033
0.004800558
0.005706310
0.003782749
0.003679752
0.003597498
0.004655838
0.003412008
0.006169319
0.002875566
0.006139040
0.004367828
0.003166676
0.003304958
0.004657507
0.003282309
0.002826214
0.002650976
0.004376411
0.003168583
0.005133629
0.003083229
0.005593300
0.004079580
0.006610632
0.005541325
0.003770351
0.005773306
0.006828547
0.004112720
0.003695726
0.007637262
0.003253937
0.003697157
0.003244400
0.003239155
0.002819538
0.005318403
0.003204823
0.002730846
0.003021717
0.003423929
0.003117323
0.002440453
0.002935410
0.002675056
0.003395557
0.006137371
0.002892017
0.003165483
0.002799749
0.004096985
0.005254745
0.007282019
0.003218174
0.004884958
0.003615379
0.003249407
0.005898714
0.003170252
0.004391670
0.003694057
0.003956795
0.004570723
0.003346205
0.003337145
0.003315449
0.006072283
0.003868103
0.004364014
0.004241943
0.003795624
0.004794598
0.004038811
0.004219770
0.004726648
0.003682137
0.003151655
0.004323006
0.003088713
0.003973722
0.003298759
0.003672600
0.005156994
0.003300905
0.003892422
0.003722191
0.004373074
0.003805399
0.004213810
0.003036976
0.004793406
0.003631353
0.003855228
0.004402399
0.005225658
0.005988836
0.004294634
0.003172398
0.003790617
0.005456924
0.003891230
0.003100157
0.002843142
0.003994703
0.003711939
0.003850937
0.003160954
0.005017996
0.008608341
0.006243706
0.003479719
0.002889156
0.002696037
0.003828049
0.004091978
0.004160643
0.002575397
0.003950119
0.004444361
0.003009558
0.002831936
0.002895832
0.009004354
0.002796412
0.085371971
0.004070044
0.006875515
0.003282309
0.003467083
0.003884077
0.004301071
0.004781485
0.003407955
0.003175735
0.004578590
0.003471375
0.003604174
0.003018618
0.004032612
0.003000736
0.002886057
0.003953695
0.003824711
0.004684925
0.003974915
0.003072262
0.004404306
0.003072023
0.003427505
0.004289627
0.004242420
0.003674746
0.004635811
0.003514767
0.002849579
0.002969265
0.003468275
0.005000591
0.004710436
0.003712177
0.003573418
0.003473520
0.004051447
0.004147768
0.004590750
0.003224611
0.003756285
0.004671812
0.005263567
0.005353451
0.004623175
0.003474951
0.003717899
0.003283024
0.003353357
0.003943205
0.005791664
0.003745317
0.003944397
0.005118847
0.003133297
0.005233765
0.003668547
0.002883434
0.003539562
0.003606558
0.004568338
0.003419161
0.004203558
0.003319740
0.003043652
0.003631830
0.002531767
0.002792597
0.002890348
0.002826452
0.003105402
0.003441811
0.002698660
0.003229380
0.003546953
0.003319263
0.002650261
0.003317595
0.008385897
0.004224539
0.003759384
0.003582716
0.003301144
0.003482580
0.008080006
0.002740622
0.004075527
0.003397942
0.003157854
0.003635406
0.003597260
0.004836321
0.006197929
0.003326178
0.004956722
0.007107735
0.003161192
0.005544662
0.107025385
0.004876375
0.006958723
0.005776405
0.004010201
0.002675533
0.004482508
0.003263950
0.002861738
0.003180027
0.004697323
0.003389120
0.003492355
0.003401756
0.003718376
0.007268429
0.004130125
0.003236055
0.005695105
0.004275799
0.003817797
0.003250360
0.003744602
0.003364325
0.003068686
0.004873991
0.004111052
0.003674507
0.003202677
0.003998518
0.003590584
0.002941370
0.003866434
0.003323078
0.003136396
0.004033566
0.097954750
