0.016696453
0.016514063
0.017792225
0.014642954
0.011702061
0.016869307
0.013007879
0.012070179
0.014726639
0.014974833
0.014745235
0.014383316
0.014351130
0.010793209
0.012319565
0.015003204
0.021759987
0.013997555
0.011077642
0.020183802
0.013304234
0.012339830
0.015368938
0.015255213
0.013934612
0.011911154
0.013410091
0.015285969
0.014523268
0.016943216
0.012807369
0.014316797
0.012829304
0.011387110
0.012469530
0.015442848
0.015245438
0.013007641
0.014223099
0.022387505
0.027309895
0.014881849
0.013897181
0.011924505
0.011573792
0.012465954
0.012731791
0.013954163
0.015792847
0.013469219
0.014361382
0.014951706
0.012331247
0.012852192
0.016881466
0.010215998
0.012341738
0.010523319
0.012315273
0.013849735
0.015408516
0.015908241
0.019842386
0.016356707
0.010878563
0.011325359
0.019408226
0.014984846
0.024923086
0.011929274
0.023022413
0.018180847
0.023945808
0.020839691
0.014493704
0.018019915
0.015746355
0.018427849
0.020302773
0.016432285
0.012830734
0.010217667
0.009984970
0.011887312
0.050762892
0.037170649
0.025288343
0.011702061
0.016380310
0.016826153
0.018210888
0.018308163
0.014367342
0.017102957
0.015178680
0.016910791
0.012813330
0.014102221
0.018212557
0.012014866
0.012328863
0.013194799
0.014622211
0.014456511
0.015265465
0.015925169
0.010331392
0.010114431
0.009609461
0.016185760
0.014281750
0.019459486
0.021706820
0.018499136
0.014452696
0.015849829
0.012363195
0.013060093
0.011672497
0.013840437
0.009838581
0.018395424
0.016833305
0.016367197
0.012089252
0.022919893
0.010595322
0.015591621
0.013400555
0.009897709
0.010382414
0.013575315
0.015368938
0.012286186
0.022040367
0.016261816
0.016194105
0.016175270
0.013685465
0.013374090
0.012647629
0.020416021
0.028454781
0.014449120
0.023020029
0.013242245
0.022926569
0.014000416
0.015838146
0.013213634
0.011660337
0.011812210
0.013974428
0.013616562
0.015003204
0.011576653
0.015577078
0.018720865
0.011784077
0.015936136
0.015938759
0.011769533
0.009429932
0.011235476
0.012243986
0.010535002
0.013459682
0.013398647
0.015202284
0.010740042
0.013396263
0.015324831
0.017093182
0.010200739
0.011068344
0.015060186
0.013188839
0.010167122
0.010318756
0.012552977
0.022826910
0.013285398
0.014343262
0.013409138
0.016071558
0.017360210
0.018454075
0.014642239
0.012884855
0.012876749
0.010970592
0.014665127
0.016145945
0.013238668
0.017747164
0.014018536
0.017549753
0.015177250
0.015667677
0.013857365
0.015896082
0.014573336
0.012006044
0.017290354
0.012429476
0.011580467
0.014221430
0.013388872
0.016641855
0.016997576
0.012172222
0.011687040
0.017453671
0.020654917
0.015575886
0.018818855
0.015863180
0.015831470
0.015168905
0.011782408
0.011106491
0.017228842
0.016184807
0.038029671
0.013159037
0.017404556
0.035620213
0.029211760
0.019407272
0.017189980
0.017574549
0.016705990
0.010551453
0.017733574
0.016524315
0.011974096
0.015035391
0.020558596
0.038497686
0.015139818
0.016228914
0.018115759
0.017995596
0.025119066
0.013625860
0.017627478
0.018141747
0.013196230
0.011657000
0.013233662
0.014170408
0.015652657
0.011023521
0.011560917
0.017226696
0.016516685
0.011971951
0.011400938
0.017644167
0.015759706
0.013395786
0.015470266
0.011437893
0.011296272
0.012878180
0.019096136
0.014178276
0.013062954
0.012573719
0.012693405
0.016096830
0.013916254
0.014826775
0.013901234
0.013300657
0.010990620
0.011291027
0.013502836
0.011518002
0.015298128
0.012165785
0.013411760
0.009830236
0.015382290
0.018459558
0.015766621
0.019153595
0.015146255
0.010093927
0.013757467
0.018645763
0.014165163
0.012360811
0.011210203
0.026259661
0.012590647
0.015806437
0.016984940
0.022610664
0.014109850
0.015399456
0.011730909
0.014001369
0.014723539
0.012415171
0.012731552
0.013057947
0.013257504
0.015812635
0.016058922
0.013836384
0.011657715
0.010522604
0.012331724
0.012066126
0.019635677
0.016315699
0.016602993
0.016159058
0.019441128
0.014524460
0.017322779
0.012681246
0.013487816
0.012058020
0.012951374
0.011507750
0.012604475
0.013710499
0.011272669
0.014926672
0.016329288
0.019650698
0.015691996
0.016616583
0.015087128
0.011307955
0.016120672
0.013336182
0.024479151
0.026641369
0.022574902
0.011519909
0.017708540
0.010600805
0.014460564
0.015263319
0.015641928
0.011145830
0.010625362
0.019436121
0.011513948
0.010841131
0.011851788
0.009915590
0.012425661
0.012429953
0.013849258
0.016036034
0.015039206
0.010860920
0.020398617
0.019839048
0.015777111
0.024045229
0.019213676
0.014241934
0.013375759
0.015766382
0.011894226
0.014134645
0.014987469
0.014845133
0.015393019
0.010452747
0.010728598
0.016647339
0.013672829
0.011332989
0.011237383
0.009799242
0.016454458
0.010839224
0.018926144
0.014488697
0.013224602
0.017194510
0.012751341
0.014680624
0.012700558
0.016576767
0.012016296
0.017357588
0.019622803
0.017996788
0.014144659
0.014907598
0.014042854
0.011006355
0.011506081
0.011418819
0.019936323
0.010931015
0.011207819
0.012248039
0.023851871
0.012298822
0.014377594
0.018519163
0.016885519
0.014807701
0.019030094
0.019504070
0.018511772
0.014976740
0.022950888
0.028556824
0.011485815
0.029275417
0.031198025
0.018162489
0.033100843
0.016493082
0.012405396
0.011251688
0.028893232
0.013636351
0.015464544
0.015251875
0.013245344
0.011683464
0.012330532
0.014043331
0.015114784
0.015962839
0.012034655
0.012903214
0.012239695
0.012041092
0.013345957
0.014540911
0.015507936
0.013502836
0.014972210
0.011834383
0.016925097
0.014670849
0.014355898
0.015542269
0.016706705
0.015728474
0.016545296
0.022327423
0.019047499
0.012464046
0.011311531
0.010660410
0.016150236
0.015088081
0.014712334
0.019696951
0.015918016
0.011375189
0.014988661
0.016222477
0.014121056
0.018496275
0.013320208
0.018153667
0.014224291
0.017076969
0.014495850
0.013259411
0.011777401
0.015273094
0.013463259
0.015539169
0.014426231
0.011666536
0.013714314
0.015790462
0.011159658
0.014613867
0.015850782
0.014189720
0.015003920
0.013175964
0.012917995
0.011696100
0.011298418
0.012892962
0.013129234
0.018628836
0.018007755
0.026045322
0.015062809
0.015587091
0.013360977
0.017447233
0.012034655
0.010379076
0.011058807
0.031633615
0.015248060
0.014256716
0.011223078
0.011234045
0.014700174
0.015696526
0.013628244
0.011270285
0.011846781
0.011649847
0.011293173
0.013018370
0.010277271
0.011283159
0.010511160
0.011691332
0.015346050
0.014121771
0.012095213
0.012409925
0.012123108
0.016612768
0.014224291
0.012884617
0.012067080
0.012880087
0.010347605
0.012328863
0.016241550
0.016349316
0.015583515
0.011677504
0.010687828
0.011704922
0.014108658
0.012136698
0.015323877
0.012643337
0.013971090
0.012822628
0.018521786
0.015683651
0.014645576
0.015552998
0.009648323
0.011699915
0.012719154
0.019820452
0.012265921
0.010968685
0.016381979
0.013344526
0.010627747
0.018638611
0.015356779
0.014657497
0.015591145
0.010519743
0.010675192
0.010169506
0.011609316
0.010506868
0.012284040
0.010507584
0.012008429
0.010874748
0.016218901
0.018471003
0.017899036
0.011358738
0.011366606
0.010514736
0.014193296
0.011657238
0.011428118
0.021049500
0.012634516
0.015935183
0.015076876
0.014960051
0.017331839
0.031123877
0.027736187
0.015355110
0.018773317
0.016330957
0.018038988
0.015818596
0.014686823
0.015316725
0.013519526
0.015797138
0.015613079
0.014489651
0.016542196
0.015530348
0.014575005
