0.005181074
0.006653786
0.091623068
0.003148794
0.003753662
0.003284454
0.003147602
0.002818823
0.007454157
0.005527973
0.005143642
0.003772497
0.003905535
0.003300667
0.004441023
0.005214930
0.005282402
0.005562305
0.004638195
0.003115654
0.003251314
0.003014803
0.003655434
0.004102468
0.004903793
0.003783941
0.004329205
0.002770662
0.002709150
0.003840923
0.003197908
0.004594803
0.003668547
0.004180908
0.003023624
0.007802963
0.003832102
0.004300833
0.004304647
0.003807068
0.003600359
0.003579140
0.003697634
0.003711700
0.003256798
0.003931284
0.002990484
0.003411293
0.003534794
0.003396273
0.008712530
0.007670403
0.012790203
0.003871679
0.004790783
0.005403757
0.004077673
0.003742695
0.002626181
0.002658844
0.002403975
0.003283739
0.002821922
0.002966881
0.005342007
0.003727913
0.002933025
0.003937244
0.003294230
0.003171206
0.012691021
0.002514601
0.003515959
0.004575014
0.003319502
0.002714634
0.011253119
0.003977299
0.004772425
0.004559755
0.004672050
0.002601385
0.004428148
0.004512787
0.004147053
0.003345966
0.003809214
0.006711483
0.003591061
0.003196478
0.002844334
0.003391504
0.003931046
0.005191326
0.003705502
0.004833460
0.002585411
0.004667997
0.003175497
0.002677202
0.002677679
0.003349543
0.004435539
0.003298283
0.004675865
0.002793789
0.049477100
0.002694607
0.003970861
0.004033327
0.003467321
0.003046751
0.003088951
0.003431559
0.003132582
0.002790689
0.003517866
0.003441334
0.003556490
0.003860474
0.003316164
0.005496740
0.003844023
0.006078482
0.003089666
0.002986431
0.002824068
0.002940893
0.003669262
0.005001307
0.004847050
0.004914522
0.003378868
0.009570360
0.007501125
0.007876396
0.325462580
0.010063887
0.004084110
0.003785610
0.003573656
0.005824804
0.087419510
0.003651857
0.002825022
0.003685474
0.012931347
0.002626419
0.002903461
0.002718687
0.003335238
0.002776384
0.005128860
0.002448082
0.004179478
0.003374100
0.048110247
0.004182339
0.002783298
0.003055334
0.003224134
0.003258705
0.002866507
0.003642082
0.004559755
0.004381657
0.011935711
0.003089905
0.004261017
0.004143953
0.003077269
0.003407478
0.006117344
0.004303217
0.003734350
0.004352570
0.004911900
0.003911257
0.002676249
0.004878044
0.004277945
0.004785776
0.003751993
0.003800631
0.004339457
0.005240917
0.003660679
0.004207611
0.003937483
0.004693747
0.002775192
0.003581524
0.002887011
0.003319025
0.002972126
0.003391743
0.006198168
0.012586832
0.009126425
0.012376308
0.003568888
0.010191441
0.004619598
0.003567457
0.008286476
0.002781630
0.003055096
0.002901316
0.004277945
0.004424810
0.003785849
0.004926443
0.003234148
0.004175901
0.004021645
0.004197598
0.003788710
0.003241301
0.004104137
0.003786087
0.003174543
0.003356457
0.002885580
0.003427267
0.005275249
0.003032684
0.002909422
0.004432678
0.004200220
0.003398180
0.003906488
0.003234863
0.003126621
0.002551556
0.002617836
0.002795935
0.003037214
0.003954649
0.003710032
0.004399538
0.004117966
0.003057957
0.002954006
0.003032923
0.002648592
0.003520966
0.004611254
0.003165007
0.002758741
0.003469229
0.005824327
0.002356768
0.003330946
0.003094196
0.002785444
0.002788782
0.003960609
0.003718853
0.004363298
0.003265619
0.002950907
0.003648758
0.005861521
0.004509211
0.004255056
0.003411770
0.003864050
0.003386497
0.003661633
0.003305674
0.003857613
0.004282236
0.004704952
0.003509283
0.004910946
0.004404306
0.002839327
0.003025770
0.003172636
0.014552355
0.003348827
0.004538059
0.003785610
0.003691196
0.004328012
0.003135443
0.003046036
0.003307581
0.003196955
0.003227472
0.004400969
0.004831076
0.003478527
0.005056858
0.003669977
0.003784895
0.004485369
0.003859520
0.002880335
0.002816677
0.003720760
0.002910614
0.003325462
0.005743742
0.004103422
0.006100178
0.005113602
0.004121065
0.003892183
0.003741026
0.003459692
0.003282070
0.009123325
0.003191948
0.002862692
0.002767324
0.003259182
0.003281593
0.003407240
0.003302336
0.004009962
0.005578041
0.004927635
0.004055262
0.003608227
0.003739119
0.003197908
0.002723217
0.002871990
0.004075766
0.003674507
0.003845930
0.003592253
0.004237175
0.004447699
0.003059149
0.003409147
0.003468513
0.003629684
0.005356789
0.003587008
0.004391432
0.004038095
0.005511761
0.002825022
0.002640724
0.004123449
0.003377676
0.003992081
0.003314257
0.004431963
0.004550219
0.004315376
0.003199816
0.003714800
0.004387140
0.004722834
0.003388643
0.004070759
0.003103256
0.002845526
0.002609253
0.002693653
0.004555941
0.003349781
0.002824068
0.013563633
0.002655745
0.003821850
0.003230095
0.002810001
0.003333092
0.004672289
0.004664898
0.006940365
0.003076077
0.009773493
0.003711939
0.004261732
0.004253626
0.004470110
0.003507137
0.003484488
0.005669832
0.003128290
0.003672361
0.003088474
0.004930496
0.004030704
0.005599737
0.005797148
0.005524635
0.003036022
0.003226519
0.004019499
0.005553007
0.003823042
0.003998041
0.003026724
0.003868580
0.002794266
0.003578901
0.004333496
0.004212141
0.002677917
0.004017353
0.002954006
0.003634930
0.003168821
0.002963781
0.003335238
0.004306316
0.003253937
0.003447056
0.003164530
0.004037857
0.003176212
0.002621651
0.003781080
0.003521919
0.002700090
0.002475023
0.002690554
0.002672434
0.002998352
0.003051281
0.004024982
0.003696442
0.002874613
0.004199505
0.003350258
0.002996206
0.002930641
0.003173828
0.002700567
0.004185438
0.003736973
0.003881454
0.003110886
0.003619432
0.003903151
0.003232479
0.003773689
0.006683826
0.003832340
0.002948523
0.003160000
0.005127192
0.003296614
0.004271746
0.003058672
0.003312111
0.002751589
0.003459454
0.003745556
0.005383253
0.003426790
0.003007412
0.003511906
0.003054380
0.004252434
0.002587080
0.002599239
0.002654552
0.003299475
0.003371000
0.002470493
0.003185511
0.002624512
0.003275871
0.003515482
0.002640486
0.002901793
0.002487183
0.003505707
0.009017467
0.003877163
0.004169226
0.003711224
0.004126072
0.003651857
0.003777266
0.003092051
0.002518892
0.004280090
0.002405167
0.003097296
0.003308058
0.002453566
0.002787352
0.003307581
0.003261089
0.002599239
0.037915230
0.002798080
0.003349304
0.003583431
0.002780199
0.003185272
0.002968550
0.003099203
0.002722025
0.002637863
0.003739119
0.002926350
0.003124952
0.002413988
0.002810240
0.003674030
0.005335808
0.003376245
0.003160715
0.002653122
0.003015041
0.003180981
0.002690315
0.003271580
0.006203413
0.006090641
0.005433321
0.003427505
0.003602743
0.003508329
0.003670216
0.002690315
0.003347874
0.003146648
0.004407644
0.004072905
0.004053831
0.005017996
0.004238367
0.005767822
0.004079819
0.012871265
0.009830475
0.010495901
0.007232904
0.003776312
0.004703045
0.009725332
0.005283356
0.011621237
0.006149054
0.007279396
0.005886078
0.066721439
0.011013746
0.002942801
0.003275633
0.002780676
0.004889250
0.003370523
0.004516125
0.003822803
0.005764246
0.003987312
0.004811287
0.003125191
0.003222466
0.003134012
0.003418922
0.002728224
0.002698898
0.003984928
0.004211903
0.003748894
0.005970001
0.004345417
0.003896475
0.002853394
0.005432606
0.003025770
0.003444195
0.003404140
0.003550291
0.003032446
0.005990028
0.005291939
0.006208897
0.002923727
0.002942562
0.004097939
0.003515244
0.003521681
0.003128290
0.012285709
0.003026009
0.003424168
0.002981901
0.003077269
0.002920866
0.003066540
0.002883196
0.002971411
0.002708673
0.011268139
0.002747536
0.002959013
0.002721310
