0.011436224
0.010458231
0.011309862
0.011638403
0.008510113
0.008621931
0.009545326
0.008965969
0.009746552
0.006900311
0.007412434
0.007019520
0.010146618
0.008991480
0.012007952
0.008683920
0.015365601
0.008846283
0.008491039
0.007950544
0.007461548
0.007877350
0.007132292
0.009973764
0.006830692
0.008463144
0.009141684
0.008516550
0.007741928
0.021098852
0.013490915
0.010043859
0.017944813
0.011865139
0.007570267
0.015603781
0.010181189
0.014339924
0.010248423
0.009444714
0.007070541
0.007651806
0.007831097
0.007560730
0.008010864
0.007426262
0.007814169
0.007809401
0.008246899
0.006512642
0.007692099
0.012876987
0.008605719
0.008571863
0.008933306
0.007105827
0.006682396
0.007002115
0.007215500
0.009540319
0.006710529
0.011937141
0.007934332
0.009458542
0.009316206
0.006943703
0.008644819
0.008577347
0.019963980
0.010091305
0.011061192
0.009396076
0.007547617
0.010946035
0.010080814
0.009509802
0.010275126
0.007967710
0.008581877
0.010561466
0.011378527
0.007814884
0.009496212
0.010240078
0.007157326
0.009065390
0.009722710
0.009610176
0.008638144
0.009002686
0.009902477
0.008106947
0.007698536
0.006971121
0.009061813
0.006984234
0.007846594
0.009023428
0.007905006
0.008024216
0.009627342
0.009687424
0.006772995
0.007909298
0.006954193
0.008643389
0.007178068
0.007053137
0.006543875
0.006348610
0.006712675
0.007605791
0.024502277
0.011395216
0.012616396
0.014190435
0.006977320
0.006409407
0.008139849
0.016261339
0.007247686
0.007612705
0.008889198
0.012166500
0.008546829
0.010107040
0.015261650
0.008953333
0.007009029
0.008837461
0.012932539
0.007600546
0.006855965
0.007568121
0.007400036
0.008564472
0.009672403
0.009975195
0.010396481
0.007054567
0.007041454
0.006148577
0.009253740
0.007204056
0.007320881
0.007855415
0.008259535
0.009155989
0.007181406
0.009919405
0.009763241
0.007140636
0.007375002
0.007154703
0.013556242
0.007016659
0.008645535
0.013424635
0.007514954
0.007637739
0.009391069
0.008297205
0.009327650
0.009836912
0.008687496
0.012995958
0.008661747
0.009432554
0.007320881
0.016844988
0.011096478
0.013521671
0.007231712
0.007504702
0.008446455
0.009514809
0.006724119
0.007668495
0.011694431
0.007450104
0.007735491
0.006830931
0.006731749
0.006916523
0.009929657
0.017613411
0.010582924
0.008023977
0.006698370
0.007252932
0.007848740
0.007853985
0.008659840
0.008008003
0.009430647
0.016754627
0.007439375
0.007517576
0.006554127
0.009836912
0.008627653
0.008535147
0.008007050
0.006927252
0.012487888
0.016951084
0.010428667
0.008994102
0.017924547
0.010533094
0.006677389
0.010419130
0.008544683
0.010100603
0.007905245
0.011170626
0.009966850
0.016341925
0.027351856
0.013931513
0.008219481
0.007675171
0.007184744
0.015390396
0.008623123
0.010152340
0.012364149
0.011229515
0.008414030
0.006688118
0.008907080
0.007218361
0.008329153
0.011654139
0.010324717
0.013534784
0.008890152
0.009427309
0.009539127
0.006967545
0.007516384
0.006436825
0.014941454
0.006613493
0.009214878
0.011117220
0.008436203
0.009536743
0.009045362
0.009702921
0.007337332
0.006664276
0.008427858
0.006663561
0.007384062
0.009917021
0.011658192
0.007097721
0.008210897
0.007297039
0.009675980
0.010729313
0.009955406
0.006268501
0.008053780
0.008181572
0.007837772
0.010293484
0.011814117
0.007395029
0.008802414
0.011209965
0.007872581
0.010641098
0.009432793
0.007157326
0.006712675
0.015809536
0.009936094
0.007952213
0.006798744
0.010938883
0.008336544
0.009804487
0.007655621
0.011716604
0.008581638
0.007862568
0.007689476
0.009876251
0.007706404
0.008554220
0.015641212
0.008515358
0.008949757
0.007748127
0.009890318
0.009141445
0.009021521
0.010962725
0.008518934
0.007795572
0.008268595
0.007823944
0.009324789
0.008745193
0.009655237
0.009083509
0.006752729
0.007793188
0.009170294
0.009766817
0.013759851
0.013245583
0.010756493
0.007907867
0.007221699
0.007347107
0.008521795
0.006844044
0.007119894
0.007784128
0.010895967
0.012824297
0.009829044
0.007675171
0.007004261
0.006403208
0.007348061
0.009673834
0.007306337
0.008027077
0.008304596
0.008028746
0.007693291
0.009130478
0.011352777
0.009108305
0.007889271
0.008262634
0.009323835
0.007404804
0.007148027
0.008202791
0.008705854
0.008189201
0.007184267
0.008062840
0.010682821
0.011797428
0.010718822
0.011011362
0.008984327
0.010235071
0.007992506
0.009517193
0.009285927
0.007997751
0.010881662
0.007154226
0.008687496
0.009156942
0.006777048
0.010758877
0.008240938
0.009783983
0.008064270
0.010515451
0.010217428
0.011486292
0.007726431
0.009179831
0.009911776
0.011222839
0.007808685
0.008685589
0.007489204
0.008138180
0.009059668
0.009273529
0.018753052
0.009662628
0.006871223
0.011739731
0.012066841
0.011372805
0.008523464
0.007488489
0.008930683
0.011384249
0.010617256
0.010269642
0.006654501
0.007624626
0.010714769
0.010448694
0.008789778
0.015736341
0.009479046
0.010899305
0.007559299
0.007874250
0.011486530
0.008980989
0.007884979
0.007600069
0.007833481
0.007446051
0.007092953
0.006719589
0.008163691
0.009055376
0.006723881
0.023241758
0.008048296
0.007550478
0.007276297
0.009452343
0.008559942
0.009530306
0.007548571
0.006451607
0.008680582
0.008667469
0.009847403
0.007720709
0.007174253
0.007668734
0.008406639
0.007768154
0.008818388
0.006659269
0.008818150
0.010303974
0.007696152
0.009270906
0.012365341
0.007317543
0.007626534
0.007532358
0.008207560
0.012386322
0.009897232
0.006889105
0.008576870
0.007074594
0.006818056
0.008568525
0.009146929
0.009966135
0.008192778
0.007253170
0.006738901
0.008643389
0.010064363
0.010056496
0.009560108
0.010286093
0.009317160
0.009895086
0.009376526
0.008057594
0.019865990
0.011612415
0.008444786
0.009814739
0.008858204
0.007953882
0.007252693
0.006654024
0.006669760
0.008432865
0.008827925
0.012164116
0.009639740
0.009386539
0.007663488
0.009424686
0.006432772
0.006821156
0.010766506
0.007131100
0.008666754
0.008945227
0.008460522
0.008869648
0.008447170
0.008453608
0.006345987
0.007421970
0.006870031
0.006825209
0.008907080
0.010815620
0.007009506
0.008021116
0.008180380
0.009230137
0.006966591
0.007570505
0.009862185
0.011085987
0.009396791
0.009543419
0.007488012
0.008885622
0.007179022
0.011702538
0.012491465
0.013968229
0.014036655
0.016015768
0.008818626
0.007097244
0.007658005
0.008008957
0.007054567
0.007382154
0.010323763
0.009480715
0.010710478
0.012433052
0.008349657
0.006809950
0.006999969
0.008038282
0.009669065
0.007319927
0.010899067
0.009178638
0.008162975
0.007125854
0.007301331
0.008212328
0.009120464
0.010545731
0.008139610
0.007364750
0.006347179
0.007936954
0.007816315
0.006826162
0.007786274
0.035701752
0.006708860
0.009716749
0.010976791
0.008248329
0.009887934
0.008164167
0.007479906
0.007174015
0.007587671
0.006734133
0.006983519
0.007794619
0.009268522
0.010142565
0.011535645
0.011091232
0.006674051
0.009198904
0.009389877
0.009068489
0.006930828
0.008931875
0.008968830
0.008945704
0.006891966
0.009100437
0.011649847
0.006865263
0.007164478
0.008447647
0.007586002
0.006928205
0.006939173
0.007447243
0.009877920
0.008056641
0.006950855
0.010596514
0.008810997
0.007329941
0.008794546
0.007153749
0.007124186
0.007357121
0.007412910
0.010102987
0.007954836
0.013796568
0.007812738
0.006452799
0.010171175
0.012995720
0.011064768
0.009065151
0.007856131
0.008457422
