0.208485365
0.160672426
0.195996761
0.188336849
0.122076750
0.191126347
0.215459824
0.149022102
0.169719458
0.202067137
0.151773691
0.122984171
0.123894215
0.141484737
0.091734409
0.180090904
0.196596384
0.187440872
0.188248396
0.302659273
0.359594822
0.322099447
0.189047813
0.291001797
0.246486664
0.215625525
0.341485977
0.323867321
0.253967285
0.186372757
0.122339249
0.099762917
0.308167934
0.340514183
0.136990309
0.265296459
0.247282505
0.178356409
0.149894714
0.125724316
0.234422922
0.330763817
0.293842077
0.199860573
0.167645454
0.155794859
0.158043146
0.144078255
0.145572901
0.133907557
0.212298155
0.204676151
0.184665203
0.194195509
0.281695843
0.294748306
0.231824398
0.341538191
0.428195238
0.151067734
0.095716715
0.203419447
0.193506002
0.157204866
0.195248365
0.314539194
0.479457140
0.182055235
0.222374439
0.131773949
0.105439186
0.251305103
0.253160238
0.243189096
0.302592993
0.171313763
0.176866055
0.124070644
0.125473738
0.109924316
0.152551651
0.192748785
0.120793819
0.139071703
0.163988829
0.123874426
0.087295532
0.200523376
0.260765553
0.156594992
0.206814289
0.190407038
0.288934469
0.379427433
0.242449045
0.222031593
0.370837450
0.223837376
0.140235662
0.219418049
0.145895243
0.105503082
0.086606026
0.166105747
0.200633049
0.213237524
0.250993967
0.302872181
0.136970043
0.160417795
0.147076845
0.221908331
0.172399044
0.134839296
0.138098955
0.233428717
0.171043873
0.260010481
0.371278286
0.174663305
0.100014687
0.174718857
0.177542210
0.125868320
0.138066530
0.137025595
0.162642956
0.172386646
0.122599840
0.210536957
0.233654499
0.123186827
0.181850195
0.149395466
0.157880545
0.155223608
0.149138212
0.158581972
0.168324232
0.206849098
0.175767183
0.239716768
0.141542912
0.192523241
0.311204433
0.159677267
0.195724487
0.297367334
0.327464104
0.273124218
0.257196903
0.222535372
0.145042181
0.163055658
0.135249615
0.167454481
0.146874905
0.261548281
0.285022497
0.192144632
0.098566055
0.181414366
0.195652008
0.223730803
0.171623468
0.192337513
0.175333977
0.171815395
0.213427067
0.278534651
0.159096718
0.134884119
0.112086773
0.225749254
0.150264502
0.207664728
0.291355133
0.172266483
0.201328039
0.142063618
0.130456686
0.163888931
0.292237520
0.208329916
0.166662216
0.141462564
0.213901997
0.143948555
0.093590498
0.276693106
0.134846449
0.187641382
0.305282593
0.297039270
0.289841890
0.153550148
0.128501177
0.214095831
0.250387907
0.276619434
0.208840132
0.142095089
0.165758610
0.189518929
0.124930859
0.142189264
0.121642351
0.191113949
0.225786924
0.217672586
0.194498062
0.161119938
0.151985645
0.307066202
0.300076246
0.128942251
0.170454979
0.161335945
0.166755915
0.122890472
0.119138002
0.201200247
0.242858648
0.158385038
0.180253744
0.147924185
0.421077013
0.251619816
0.229799509
0.354229927
0.157881021
0.158182383
0.156348705
0.171756983
0.191187859
0.230307341
0.438256979
0.298135996
0.289065361
0.173156977
0.135239124
0.197949886
0.167848110
0.181236029
0.166834593
0.233719349
0.164677620
0.185960770
0.167258739
0.316447020
0.133917332
0.132960081
0.209833622
0.224880695
0.173038244
0.151317835
0.127878189
0.123324394
0.173824072
0.194582224
0.164010048
0.119325399
0.189928293
0.169116497
0.257869244
0.309211016
0.252581120
0.198664665
0.318142176
0.178088903
0.177456379
0.199555159
0.201651573
0.227100849
0.160189152
0.131775379
0.262556553
0.169453382
0.154916525
0.185524225
0.120596647
0.119008303
0.159555197
0.150959492
0.155179739
0.134761810
0.190730810
0.118610144
0.169994116
0.152157545
0.134688377
0.141148090
0.222850323
0.173834801
0.210120916
0.256510735
0.114341736
0.153170109
0.159930229
0.153830767
0.135257721
0.137045622
0.142213106
0.136290550
0.188408136
0.191796780
0.172280073
0.275167227
0.280783653
0.284926653
0.195559025
0.119552851
0.162073851
0.222045660
0.216372728
0.150693655
0.106544018
0.148827076
0.253410578
0.295579910
0.147545099
0.170320511
0.165518761
0.105567694
0.134940147
0.288552523
0.170744658
0.151976347
0.245118380
0.196836472
0.209914684
0.166240931
0.199457884
0.221130848
0.142290115
0.131972551
0.212526083
0.165506363
0.095583200
0.204027414
0.143299341
0.162548065
0.174365520
0.206891775
0.158988953
0.136852026
0.163128138
0.182897091
0.204922915
0.126839638
0.168202400
0.186786890
0.224461079
0.159656525
0.304512262
0.235955477
0.283902884
0.248955250
0.185393333
0.096761227
0.144870281
0.151882172
0.278323650
0.254092455
0.172479153
0.191125631
0.143823147
0.198878288
0.131504297
0.254422426
0.271083355
0.293099642
0.194180489
0.230133295
0.361856222
0.236989021
0.230231762
0.197277069
0.217623234
0.277349472
0.264874458
0.166538239
0.198137522
0.262580633
0.192249775
0.170653820
0.202764988
0.262811184
0.277621269
0.233722448
0.246579885
0.291820765
0.220762730
0.182695389
0.161300182
0.232002735
0.233069420
0.192971468
0.135132790
0.198014498
0.127310991
0.533195496
0.090774536
0.086362839
0.118690968
0.149962425
0.130762577
0.194382668
0.303016663
0.212361574
0.165374517
0.178792000
0.210307121
0.188750267
0.161366224
0.155289650
0.107670069
0.246815681
0.303340197
0.309003830
0.260696173
0.159289122
0.171432972
0.152082443
0.137036085
0.235426426
0.232448339
0.155585527
0.162682295
0.147033453
0.154199123
0.123875141
0.224942923
0.253942490
0.197323084
0.190886736
0.129215956
0.143233061
0.178403854
0.196290731
0.181970119
0.129775047
0.208995342
0.187123299
0.272281170
0.310908318
21.384019852
0.274049997
0.233414412
0.150838614
0.183591127
0.183706522
0.190171719
0.158327103
0.199503660
0.153799534
0.100445747
0.207333803
0.161701918
0.097155333
0.214239836
0.358038902
0.284845352
0.201004028
0.200373888
0.229680777
0.164930344
0.137071133
0.147963762
0.147164345
0.133572340
0.133124828
0.201122761
0.273069859
0.290922880
0.188047886
0.202105761
0.222677708
0.344656944
0.180924416
0.168321371
0.214592218
0.156778574
0.128445864
0.192187309
0.195003510
0.276276827
0.191095114
0.176154137
0.280320406
0.384411812
0.216320276
0.215827227
0.226633310
0.275915861
0.161539793
0.150811195
0.156853914
0.291810513
0.240061045
0.161565065
0.128220797
0.187121868
0.119235039
0.171284199
0.473161221
0.663320541
0.315854073
0.185427427
0.193098068
0.447103500
0.158467770
0.741386652
0.821891069
0.117400646
0.287818193
0.197148800
0.204776287
0.280553341
0.171200752
0.212021589
0.263824940
0.187558889
0.198443651
0.123336792
0.246282578
0.281883478
0.233456373
0.263137341
0.190655708
0.140314102
0.295145035
0.362305403
0.291063786
0.409499884
0.281046867
0.200236320
0.514904499
0.206381559
0.245895863
0.183635950
0.255031586
0.196176052
0.167549610
0.131581545
0.148847818
0.120811701
0.189034939
0.127710581
0.169047832
0.237079144
0.173416138
0.214913607
0.157015324
0.112156391
0.246695995
0.154960394
0.165547132
0.219530344
0.202141523
0.206125736
0.178074121
0.219775200
0.196564913
0.122173786
0.163273335
0.201415539
0.254924297
0.287863731
0.150849581
0.115453243
0.332260132
0.215521812
0.174560547
17.638302326
0.232174158
0.216031790
0.255878210
0.185275316
0.180914402
0.265162230
0.300513029
0.365050793
0.296579599
0.309272051
0.212696552
0.152587414
0.160273552
0.154291153
0.155237198
0.190633059
0.222419977
0.232681036
0.177147627
0.141020775
0.186106205
0.266422272
0.143770933
0.250378370
0.402955770
