0.414240360
0.316269875
0.095231533
0.307209492
0.062154293
0.003739834
0.042601824
0.002504826
0.002649307
0.003271818
0.002945662
0.003072500
0.005181551
0.003289223
0.003157616
0.002757072
0.002914190
0.003673553
0.004563093
0.005084515
0.003193378
0.003065586
0.002545357
0.003158092
0.004105568
0.002601385
0.002687693
0.004761696
0.007905722
0.002715588
0.007844687
0.004532576
0.002903223
0.004262924
0.003257275
0.004317284
0.002570391
0.002535820
0.004784107
0.008035898
0.004309654
0.003146648
0.004239082
0.003813982
0.003695488
0.002844572
0.005623341
0.003820658
0.002867460
0.002897501
0.002849102
0.003265381
0.004648924
0.007097244
0.004708767
0.003588438
0.003867865
0.002827644
0.002845287
0.002592325
0.002774000
0.040420532
0.003183126
0.003400564
0.008631468
0.009822369
0.010313272
0.009169579
0.006751299
0.005817413
0.010165691
0.005606174
0.004897594
0.010232925
0.003290176
0.004369259
0.003306627
0.002948046
0.003078222
0.004062891
0.003037214
0.003661633
0.003561735
0.003051281
0.003820419
0.004645348
0.006143808
0.004144430
0.004480600
0.005107164
0.003119230
0.003417730
0.003803730
0.004201889
0.003818274
0.003098249
0.004037857
0.003567934
0.004049063
0.006217241
0.003385067
0.005206823
0.003240585
0.004591465
0.003618717
0.002860785
0.003798962
0.004368544
0.003377676
0.006001711
0.007524490
0.004466057
0.006442308
0.003462553
0.003669739
0.003979206
0.002709150
0.005237103
0.005158663
0.003587008
0.004266500
0.005323887
0.005116940
0.003425837
0.003711224
0.005161762
0.005022526
0.005086899
0.005292416
0.006580830
0.005840540
0.005928993
0.005542994
0.004049063
0.002890587
0.316322088
0.009640455
0.096808434
0.003958464
0.003728151
0.003201008
0.004523039
0.003150940
0.003514767
0.003046513
0.003201246
0.003316402
0.003113508
0.004854441
0.004239559
0.005168438
0.002728939
0.005568743
0.005007267
0.003064871
0.003526926
0.003183126
0.005671263
0.004237890
0.003922939
0.005321503
0.005530357
0.004133940
0.002935410
0.002966404
0.003008842
0.004401922
0.003154516
0.002863646
0.002569199
0.003731489
0.004961967
0.002648354
0.005330563
0.004624844
0.006290197
0.003603697
0.003823280
0.003051996
0.003648281
0.003503084
0.002670765
0.003201485
0.010081768
0.003989458
0.003430843
0.003155947
0.003604889
0.003015995
0.003839970
0.003127575
0.004177570
0.004675388
0.003158808
0.002468586
0.002439737
0.003048420
0.003898144
0.004308701
0.003662348
0.005477905
0.003418207
0.003471613
0.003320456
0.003187180
0.003262281
0.004006624
0.003439426
0.005277157
0.010610819
0.006884575
0.007219791
0.002590418
0.002398968
0.002385616
0.002756596
0.004446268
0.002564430
0.004844904
0.006090641
0.003620386
0.005073547
0.004947424
0.003984451
0.004197359
0.003026724
0.003129005
0.002614260
0.003770828
0.003299236
0.002589226
0.004306793
0.003962278
0.003113985
0.003166199
0.004094124
0.003118515
0.003053188
0.003090858
0.005109787
0.003693581
0.003245592
0.003911972
0.003407240
0.003835917
0.002955914
0.003229618
0.003893375
0.004321814
0.003652096
0.003386974
0.002325773
0.003068209
0.002936840
0.002863169
0.003775835
0.003619671
0.002717495
0.002615929
0.004332781
0.002562284
0.003325224
0.005813837
0.002476454
0.002917767
0.003004551
0.002528191
0.002749920
0.004272223
0.003845453
0.004501820
0.004253387
0.003343821
0.003766775
0.003236294
0.003109932
0.004163980
0.003919840
0.006483555
0.004124880
0.002503395
0.004366636
0.003065109
0.004658699
0.002972841
0.003332138
0.009903431
0.003258705
0.003796577
0.003577471
0.002842903
0.002841473
0.002885342
0.003208637
0.003497601
0.004911900
0.003830194
0.003160715
0.003485203
0.004814386
0.003702879
0.004109621
0.008124113
0.002891541
0.004520655
0.003922939
0.002870321
0.003856182
0.002940416
0.003845215
0.003136873
0.002786160
0.002484083
0.003834486
0.008973122
0.004152298
0.004409075
0.004053831
0.002413511
0.002922773
0.002752542
0.003902912
0.004661083
0.002668858
0.002799749
0.002957821
0.003468752
0.003921032
0.002835274
0.002690077
0.004222631
0.003881216
0.003133297
0.002977371
0.003297091
0.003437757
0.002609968
0.002409935
0.002725124
0.002577543
0.002402067
0.002557993
0.002428055
0.002976179
0.002882719
0.002703428
0.003884315
0.004634619
0.004800558
0.004116535
0.003535271
0.002877951
0.002397537
0.002841473
0.003162146
0.002584219
0.002608538
0.003282547
0.003017664
0.005541563
0.002932310
0.005744934
0.004184246
0.003798962
0.004393101
0.004258633
0.002831459
0.002585173
0.005586147
0.004759312
0.004217148
0.003082514
0.004156828
0.005490303
0.004173756
0.004323006
0.003614187
0.002837658
0.002577543
0.003564119
0.002828836
0.004250288
0.002661467
0.003592014
0.004200697
0.003463030
0.005791664
0.003590584
0.002870798
0.002671957
0.003866196
0.003469467
0.005784035
0.002477407
0.003447056
0.004331827
0.006560564
0.003212214
0.003381014
0.003716707
0.003565788
0.003314972
0.003525496
0.003844976
0.004702330
0.003027439
0.004141092
0.003950357
0.003449917
0.004396915
0.002961874
0.003144979
0.003030300
0.003884315
0.005778074
0.004930019
0.004597187
0.004465342
0.003749371
0.003986120
0.005974770
0.003638268
0.003891230
0.003783226
0.003181458
0.003381491
0.002841473
0.002538681
0.004621744
0.002923250
0.005876541
0.005229473
0.002656460
0.004362345
0.004022121
0.003615141
0.003186464
0.003518820
0.002519846
0.003559351
0.004071474
0.002564907
0.002937794
0.023619175
0.004492521
0.003474712
0.007772207
0.003320456
0.003007889
0.004947901
0.005590677
0.002937317
0.003209591
0.002547741
0.002588987
0.003693104
0.003643513
0.004541159
0.004111528
0.003791332
0.003208876
0.002892256
0.002518892
0.004164219
0.003925085
0.004046917
0.003421783
0.004525185
0.003112555
0.004165173
0.003093481
0.003223658
0.005161047
0.004350901
0.003192663
0.006381750
0.004115343
0.003451347
0.005826235
0.004379749
0.003711939
0.005259991
0.003192425
0.006416798
0.003815651
0.003624916
0.005775452
0.004959106
0.003920555
0.003088474
0.003620625
0.003221750
0.002549410
0.004062414
0.004680157
0.003362894
0.003067732
0.007174730
0.006182432
0.003427982
0.003764391
0.004032373
0.004505634
0.003463268
0.003355980
0.004556179
0.005421400
0.004126549
0.004828691
0.003762007
0.004052162
0.003382206
0.005363941
0.003076553
0.003187656
0.004711628
0.003026009
0.004792213
0.005999565
0.005321264
0.003609180
0.002401114
0.003678560
0.002593279
0.004738569
0.008584499
0.003612518
0.003584385
0.003693819
0.003844976
0.003155947
0.003148079
0.035673141
0.005081177
0.004273176
0.003840208
0.006092072
0.003480434
0.006007910
0.003341913
0.003607273
0.004596949
0.002738476
0.003603458
0.002679110
0.004946947
0.002841711
0.003962040
0.003086805
0.003163576
0.004109383
0.002736092
0.003272057
0.003432989
0.002958298
0.003725290
0.003525496
0.003004313
0.004361868
0.003730536
0.004312754
0.003903627
0.003390789
0.003738642
0.002848387
0.002968073
0.002879858
0.003962994
0.003825665
0.005728960
0.003729105
0.003906488
0.005503416
0.003604650
0.003186941
0.004382610
0.005724907
0.003718853
0.003327847
0.003219366
0.002786398
0.002916098
0.050532579
0.003853559
0.004781246
0.002383471
0.002818584
0.005330086
0.004572392
0.002930641
0.003188133
0.003461123
0.004681587
0.077527523
0.004660845
0.003638983
0.003059864
0.004858255
0.004334688
0.002987146
