0.026433706
0.027338982
0.045078754
0.020455837
0.019968271
0.023175478
0.021128416
0.022236347
0.023386955
0.023105621
0.021002769
0.018647432
0.026290894
0.026775122
0.018775702
0.020959616
0.021316528
0.021178961
0.023108006
0.047090530
0.062988520
0.022081137
0.028576612
0.033200502
0.026363611
0.027062654
0.030035019
0.031642675
0.021199226
0.023815632
0.029375315
0.021253586
0.021445990
0.026802301
0.026672363
0.024740458
0.023656368
0.027496099
0.026506901
0.024394035
0.034651756
0.024948120
0.023624659
0.023862362
0.021859407
0.023936510
0.045119524
0.049802542
0.042528629
0.042239428
0.030183315
0.052782297
0.022080898
0.039832830
0.021678925
0.020522356
0.025926590
0.041661501
0.038219929
0.021368265
0.024533033
0.021077633
0.026720762
0.029710531
0.026919127
0.040046215
0.025355577
0.021692753
0.024497509
0.026423216
0.034033060
0.047628164
0.022720575
0.023230553
0.020812035
0.029136181
0.062927008
0.053130388
0.024548054
0.026710033
0.027544260
0.038664579
0.027475834
0.024024010
0.023489475
0.024380445
0.021458626
0.021445513
0.020734072
0.025657892
0.027817011
0.031713724
0.029134512
0.028177738
0.024837732
0.021557570
0.024513006
0.022793293
0.022734165
0.026402235
0.022882223
0.019455910
0.022925138
0.025859594
0.027610064
0.040039062
0.042878389
0.041828871
0.022075653
0.021081448
0.045238972
0.038934946
0.019134760
0.026083946
0.028783083
0.026324272
0.026351452
0.025642633
0.024240255
0.025588512
0.031280041
0.043743134
0.035775661
0.034038067
0.068328142
0.057876825
0.023708105
0.023097754
0.026784182
0.021158695
0.023291349
0.048450708
0.022981882
0.018720150
0.018266201
0.018566132
0.021081924
0.019234896
0.019625664
0.023755074
0.024554968
0.026561499
0.025104523
0.021967173
0.026888371
0.019389629
0.022497177
0.021678209
0.023782253
0.025504589
0.023812056
0.050232410
0.024867296
0.026225090
0.034711361
0.027883291
0.026756763
0.021710634
0.023007870
0.021105051
0.022075891
0.023472071
0.025757313
0.020648479
0.026255846
0.020612001
0.027986526
0.037047386
0.023235559
0.026389599
0.027819157
0.059697628
0.028002501
0.022097826
0.022260189
0.028195858
0.023782015
0.030266285
0.028481245
0.024891853
0.052232504
0.025192022
0.027906895
0.027569294
0.024434090
0.019262791
0.022904634
0.025182724
0.029013872
0.022977829
0.019945145
0.026190758
0.025629044
0.022379637
0.028097868
0.023076296
0.019128799
0.021196604
0.024812460
0.034901142
0.022293568
0.018617868
0.019131184
0.020473242
0.027229309
0.028063297
0.021158934
0.019288301
0.024434566
0.021258593
0.020988226
0.032948971
0.025768757
0.040918589
0.022879124
0.037054062
0.028105497
0.026171684
0.027740240
0.021128654
0.021654367
0.023283005
0.019995451
0.037373066
0.023265600
0.020453930
0.021008015
0.032363653
0.020879984
0.028602123
0.036090851
0.020994902
0.021232605
0.024085999
0.025622606
0.020979643
0.022093773
0.022886276
0.042407274
0.030448675
0.031230927
0.022467613
0.027670145
0.026138067
0.021742821
0.018694878
0.021513939
0.020868301
0.021673679
0.019531250
0.052841425
0.059931755
0.074860334
0.023486614
0.030464411
0.044168711
0.031440496
0.054400682
0.024368763
0.020687342
0.023960352
0.021996021
0.031833887
0.023721457
0.023377895
0.028432608
0.022382259
0.025043488
0.028693438
0.022645950
0.022417068
0.019870996
0.018243790
0.020396948
0.021908045
0.022867680
0.029383898
0.026934147
0.038266659
0.028096199
0.024698496
0.026690960
0.025276423
0.027497292
0.025572300
0.019962788
0.029812098
0.042220831
0.046637535
0.021425486
0.022626400
0.022446632
0.026394129
0.043476343
0.026708841
0.021494389
0.019359827
0.022813320
0.021418571
0.021968365
0.018540144
0.033297539
0.018846512
0.022143841
0.017422199
0.028331041
0.027224064
0.020629406
0.021603823
0.044334888
0.021916151
0.021409988
0.017785788
0.017744303
0.018570185
0.042004585
0.022936821
0.029123545
0.026473999
0.025933504
0.026157618
0.037779331
0.065860271
0.029036045
0.037721157
0.055933714
0.060566187
0.027733803
0.029268980
0.027599573
0.033594370
0.035506248
0.061429977
0.026479006
0.092107534
0.113358259
0.025745869
0.042857647
0.054338455
0.056177139
0.058445215
0.020006657
0.029655218
0.026340246
0.028352976
0.031555414
0.027230024
0.024290323
0.018626928
0.019342184
0.023369789
0.069569111
0.033283710
0.023061275
0.024461508
0.019259691
0.021078110
0.030570984
0.026697159
0.032784224
0.033160686
0.024694681
0.021234512
0.026586056
0.025359869
0.019652843
0.023428202
0.021840572
0.023487329
0.042764902
0.033534288
0.026614189
0.023630142
0.021821260
0.021931648
0.023881435
0.021011114
0.023555279
0.025852203
0.033240318
0.046751022
0.068063498
0.029187441
0.033012390
0.025583744
0.031548023
0.023153543
0.031525135
0.021329403
0.024636507
0.029112101
0.025190592
0.037231922
0.025273085
0.024505854
0.030427694
0.027552366
0.026556492
0.028577566
0.025553226
0.037787437
0.037370205
0.024090528
0.024362803
0.026093006
0.024114132
0.021354198
0.041337013
0.032188892
0.027043581
0.037614584
0.026784658
0.031472683
0.033406019
0.034894943
0.020182371
0.037353039
0.026410103
0.024497747
0.022619724
0.021572590
0.025113106
0.029509783
0.019051552
0.022745371
0.020924330
0.023743153
0.021714926
0.021763086
0.020725727
0.022114992
0.022606850
0.040628433
0.026912451
0.027157545
0.029583216
0.024777651
0.021139860
0.026729345
0.024034500
0.031447649
0.022470951
0.023596764
0.026862621
0.027235031
0.021900892
0.038401842
0.029269218
0.039752007
0.020493031
0.041006804
0.028118134
0.056514263
0.031568527
0.025538445
0.049211025
0.041424751
0.034473896
0.037629604
0.031826973
0.027410984
0.024118185
0.022980213
0.028182983
0.021202803
0.020746469
0.021748543
0.026061058
0.023817539
0.039632559
0.023153067
0.028100729
0.025129557
0.026309252
0.025939465
0.040615320
0.019097328
0.020212889
0.022595644
0.049046516
0.031754017
0.026506901
0.023156643
0.032460690
0.025793552
0.029547453
0.024354935
0.019946098
0.049918175
0.026136875
0.029550552
0.031813622
0.052531719
0.060268164
0.033676863
0.037067652
0.097676039
0.121398449
0.088893414
0.059531689
0.024702072
0.021638632
0.028319836
0.027409792
0.026880026
0.036847353
0.018777847
0.040446997
0.022096634
0.024945259
0.025659323
0.029437304
0.022454977
0.033000946
0.039265156
0.040290594
0.032989025
0.044119358
0.031425238
0.023471355
0.029544830
0.050827265
0.038296700
0.029541016
0.026346207
0.036514282
0.027639866
0.021706104
0.021572113
0.024285078
0.022686243
0.026046515
0.042254210
0.027453423
0.026753902
0.025098801
0.026551008
0.023860455
0.032507896
0.050477028
0.056837320
0.063426971
0.065537930
0.042478085
0.042116642
0.018125772
0.023271561
0.027779102
0.029560089
0.025089502
0.029340506
0.025670767
0.033822060
0.018465042
0.039518118
0.031547308
0.025340557
0.059433222
0.019868851
0.050467730
0.051876307
0.027735949
0.031614065
0.023488045
0.032330275
0.057077646
0.076218128
0.065635443
0.074899912
0.089676857
0.083298445
0.056584597
0.027330160
0.037054539
0.028245211
0.030206442
0.047005892
0.054755688
0.041358948
0.043282509
0.036983728
0.040120840
0.025359154
0.025300026
0.026431084
0.025773764
0.025637150
0.027311563
0.025773764
0.026141644
0.025369644
0.025921106
0.025440931
0.026956797
0.026590824
0.042347431
0.049300194
0.045459747
0.062696695
0.018911362
