5.612061024
0.306788206
0.686889648
0.313850164
0.432271719
0.370965958
0.296665192
0.462314367
0.513503313
0.422595263
22.681680918
4.168970346
0.336371183
0.309492111
0.427809954
0.362803936
0.571422100
0.423428535
0.447021484
1.192269564
22.794730663
6.011840582
0.253091335
0.291401863
0.356511116
0.254718065
0.270374537
0.613368511
30.673582554
0.561696768
32.054075480
0.266375303
0.386096954
0.354402781
0.458655834
0.475827217
0.152426958
0.328356266
30.459908962
0.334404707
0.261132956
0.397950411
0.380179882
0.509117365
0.588300228
0.248197556
28.020879030
0.433495760
0.623774767
0.935629606
0.259527683
0.568817377
0.356469393
0.340174437
0.409856558
28.724264145
2.077399731
0.277481556
0.312342405
0.321047068
0.344389677
0.353541613
0.328433990
0.385990381
0.536815405
0.297487736
11.282790184
0.305617332
0.482874393
19.355362415
0.407835007
0.514097452
0.242132902
0.201559067
0.461090326
0.622275591
30.340950489
0.326851130
0.989722729
0.358766556
21.010919094
30.603308678
0.374811411
0.280996323
0.508067131
0.243103981
0.212057114
0.336951494
0.338840246
0.286818266
0.328038454
0.298374176
0.335791826
0.332722902
0.276169300
0.323011398
0.331126213
0.368376970
0.329583645
0.346091986
4.594578981
57.068120003
0.331339359
0.678548098
33.904693127
0.291584253
0.255243063
0.298481941
0.704767227
0.551877499
6.045656681
0.292792320
0.205752611
0.444071293
19.733484268
0.323031187
0.523491383
1.085316181
0.296607018
0.360606909
0.429524660
9.016017437
0.372068167
0.499789953
19.897439718
1.990642309
28.621714115
30.533830881
0.438313961
1.865846872
0.381943226
0.557186604
0.684810162
8.520840883
0.360682726
0.256706476
0.356333971
0.913571835
21.144970894
30.006292105
0.147910595
0.297900200
0.311938524
1.442967653
0.369415522
0.317152500
0.298991442
0.264603138
0.354027987
0.379293203
0.313583612
0.274654627
0.314212084
0.385936022
0.512310743
4.434341192
18.474428654
0.436953306
3.524356365
0.390935421
0.388207197
7.452332973
0.379332066
0.529852867
17.581820726
8.037154675
0.235768318
0.360683441
0.250665665
0.347656965
0.377709389
0.340845585
0.312425137
0.463764429
0.246786833
0.273291111
0.351492405
0.336257219
0.418906689
0.285169363
0.321141958
0.371698856
0.711320162
18.585862398
0.424821854
28.190494061
0.312713623
0.387259960
0.288287163
0.403594971
0.329921961
0.401382685
0.478073835
0.303040504
0.496276617
0.240976810
0.291150331
0.423722744
0.457163811
0.410082579
0.253844976
0.352852821
0.349036932
0.355980635
0.375672579
0.240968943
0.187827349
0.323086262
0.404158115
0.388880253
5.901301384
0.517890930
0.356024742
0.434999943
0.394652843
0.585676908
20.068453550
0.581015825
0.323788881
0.274176359
0.359599352
0.517318249
0.421564102
0.223211527
0.243282795
0.356405020
0.465660095
7.060836315
0.262186527
0.612235308
21.048153400
0.452521563
10.178913116
0.562679768
11.556656122
10.490883589
9.796801090
0.285001755
0.246054411
0.331954718
0.260022879
0.396597147
0.241088867
0.377796650
8.245102882
0.304323673
0.380170584
0.453181505
8.920195103
0.248175383
0.425035477
0.407277346
7.179879427
0.294747829
20.183007717
0.376913309
0.327529192
3.458661795
10.306552887
0.694293499
9.539321661
10.459848881
0.535643101
5.361009598
0.336714029
0.272910118
0.259574652
0.402159452
0.249452829
0.457207203
0.502502203
3.570893288
3.940648556
0.214311123
0.428867102
0.387319565
11.404731512
4.111676216
0.396402836
0.297391176
0.709646463
8.858581066
0.343177557
0.304867268
0.417004108
3.031689405
0.289132357
0.288243532
0.368416309
0.476176977
0.228990316
0.280171633
0.315180540
0.399628162
0.465422869
0.671754122
0.217374563
0.290322304
0.300898314
0.265855551
0.434247494
0.315517664
0.335980415
0.559171915
0.310660362
0.451440334
0.312179565
0.476963282
8.388391256
22.257502079
0.574061394
9.762479544
4.190971613
0.372499228
1.593986273
10.308863640
0.293297052
0.311998844
0.248298883
0.332446098
0.496448755
0.311476707
0.275416374
0.388535738
0.290935040
0.282810450
0.520505905
2.487969398
0.332028866
0.545490742
0.595386505
6.593969584
6.061430454
0.245771646
0.448054552
0.585134029
0.418364048
12.673566103
4.421965837
0.203038216
0.425929070
0.409145117
0.313000441
0.519175529
0.329355001
0.481024504
3.158929586
0.533964634
7.722425222
0.326772928
0.259270191
0.367064238
0.423588991
0.304875851
10.612441301
0.576558113
0.497206211
0.295120716
0.388095140
0.566732407
17.907228708
0.234354734
0.281063318
0.359481573
0.398091316
0.315404177
0.356112957
10.341528177
0.214646578
0.480489016
0.399333239
31.805959463
0.652664423
3.474015951
0.472878695
3.521441936
10.252616405
75.868577003
4.036557674
0.270547390
0.329618692
0.476662874
0.360819578
0.502725840
0.180405378
0.469293356
0.251407385
0.283348799
0.387613058
0.537259340
8.362319946
22.377510309
8.047705650
0.184647083
0.394783020
13.922579050
0.378631592
8.522348642
0.233418465
0.263497353
0.183544397
0.311289310
0.274283409
0.383071899
0.421008587
0.172033548
0.283607960
0.322674274
0.270630598
0.300727367
0.271452904
0.298027754
0.360249281
0.328255415
0.227037191
0.431290865
4.041602135
0.441288710
0.323812723
0.440759182
0.349899292
0.412737846
0.381155729
0.599659204
11.451593637
0.278725863
0.306886196
0.373773336
13.373076200
6.028832674
0.504092693
24.082112312
0.302385569
0.311530352
0.369973898
0.306733370
0.300069332
0.640646935
16.207353115
0.254163027
0.267033100
15.810029745
0.209653854
0.346461535
0.500707626
0.265367270
0.464056969
0.740007401
11.947200537
18.282788515
0.237858772
0.323441744
0.280997038
0.200221062
0.274324656
0.609543085
0.496286869
20.160118818
4.147134781
0.344454050
0.425723076
0.345191002
0.450149298
0.285704374
0.338456392
0.261090279
0.380158901
0.438230991
0.345426559
0.292787552
0.308373213
0.414190292
0.486104012
0.368777514
0.718703985
0.342071056
0.337640524
0.439608812
0.447329283
0.383950949
0.258135557
0.318124533
0.269565582
0.340828419
0.360937834
0.306367159
0.520006180
7.750123978
0.271606445
0.321982384
0.438463449
17.499106407
0.397782087
0.434267044
1.189029694
0.257923365
0.412190676
0.377156258
3.028270960
0.410372972
0.464178085
0.352211237
0.781121492
6.183299303
18.786995173
0.410499334
0.301293373
0.384489536
0.392933607
0.297661304
0.308572531
0.367102385
0.358193636
0.566918850
0.479982615
0.383831263
0.465673685
0.721090555
0.638163805
1.731455803
0.404159784
0.264612675
0.279032230
0.303966999
0.738207817
22.498358965
0.292155266
0.420754671
0.598082542
8.910596609
0.237046003
0.330693245
22.057674170
2.190813541
0.809992552
0.174466372
0.308990955
0.288165092
0.274394989
0.263904095
0.403447151
0.476232529
0.355910778
0.478486776
0.358798265
0.338535309
0.478832483
0.235180140
0.366880894
0.777978659
1.701627016
0.422624111
0.588225365
0.327633858
0.435239077
0.430479765
18.137520552
0.269162655
0.351099253
0.248316050
0.371931791
0.673258543
6.353288174
0.298190594
0.444236040
0.304009676
23.429636717
0.249681473
0.271172762
0.396188974
0.427569151
0.390831470
0.267848492
0.510364294
0.277121782
5.599078178
0.493920565
25.880124331
1.141621351
5.291126251
26.677965879
3.857015610
0.307160616
0.426619053
0.368725777
0.475123167
0.311049938
0.368720055
0.287212849
0.690262794
23.263933420
6.295350552
0.506224632
1.771888971
2.094371557
0.625486374
0.309163570
23.326032162
6.072981596
2.112827539
