0.024416208
0.014318228
0.006723166
0.004971266
0.004671097
0.005306005
0.004762173
0.004929543
0.005263805
0.170728207
0.005753040
0.005280495
0.006168365
0.006583929
0.006723166
0.005327225
0.006552696
0.004429102
0.005336285
0.005402088
0.006158113
0.005527258
0.005886793
0.005384207
0.005172968
0.007035255
0.007477045
0.005935431
0.004940271
0.005179882
0.006127119
0.007080078
0.009264231
0.005569458
0.010757923
0.008782625
0.009407043
0.007956505
0.007765532
0.007765055
0.006749392
0.007030249
0.006578207
0.005833864
0.007210732
0.006724834
0.006087780
0.006226301
0.006181240
0.018945456
0.023169041
0.006392479
0.005714417
0.005517721
0.006381273
0.005306721
0.004464388
0.005929470
0.007354736
0.004831314
0.006797314
0.007364035
0.005841017
0.005984306
0.004866838
0.005962133
0.008192778
0.006053209
0.006095409
0.004716873
0.004823446
0.005553007
0.006628513
0.005735397
0.005092382
0.005579472
0.006249189
0.007532358
0.009722233
0.008615255
0.004858971
0.005566359
0.006734371
0.005537271
0.005275249
0.005359411
0.004280567
0.006659031
0.007161379
0.005941868
0.006575108
0.007812738
0.007332087
0.004566669
0.007540226
0.008882046
0.010946512
0.011112213
0.008316278
0.006139040
0.009145498
0.005368710
0.004721642
0.007008314
0.005889177
0.005242586
0.005402088
0.005149603
0.006021500
0.006082296
0.006497622
0.005592346
0.004988432
0.004528284
0.006650209
0.006341934
0.006439924
0.006734133
0.007570028
0.005813837
0.007501602
0.007155895
0.009166479
0.007846355
0.009857655
0.007954121
0.009221315
0.004937887
0.008685112
0.008070469
0.008128643
0.006809711
0.009909153
0.009616375
0.006508350
0.005961418
0.004804611
0.007625103
0.004328728
0.005174637
0.006147861
0.005778074
0.007987738
0.005771160
0.006844282
0.005695820
0.006074190
0.006967545
0.005727768
0.006962538
0.011350870
0.010340929
0.011497259
0.006812811
0.014878988
0.007444620
0.012735367
0.006362438
0.005587816
0.008489847
0.006608248
0.013220787
0.006300926
0.008716583
0.012069225
0.005985022
0.006479025
0.005827665
0.006391048
0.012283564
0.008765697
0.005940199
2.424222231
0.006703854
0.006706238
0.006895542
0.004592419
0.005586147
0.006569147
0.005926371
0.007745743
0.005864620
0.006018400
0.006749392
0.004822969
0.005221605
0.005407333
0.005653143
0.007213116
0.103786707
0.006677389
0.008028507
0.010146379
0.004539490
0.006318092
0.005294323
0.005963564
0.006241560
0.005563974
0.005795240
0.006036282
0.005102873
0.004832745
0.007124662
0.006149054
0.005671263
0.005423069
0.006031990
0.006808043
0.005963802
0.006340504
0.004894495
0.005992174
0.006569862
0.007862329
0.006726980
0.006307364
0.010302067
0.005213976
0.006705523
0.006107330
0.006168604
0.005745649
0.007652521
0.006004333
0.005490780
0.005456924
0.005778551
0.007894516
0.007822275
0.009890795
0.006654263
0.008390665
0.006945133
0.006926298
0.010295630
0.007821321
0.006579399
0.007546425
0.006026030
0.006968498
0.006236553
0.006265402
0.006468296
0.004561186
0.006992102
0.006597757
0.006656885
0.004714489
0.004990101
0.005806446
0.004904509
0.007057428
0.005749941
0.007427216
0.006627083
0.006218672
0.004812002
0.004986048
0.005583525
0.005717278
0.004896402
0.006899357
0.008991718
0.008250237
0.006701231
0.006689548
0.007291317
0.008889914
0.005547762
0.006292105
0.007317781
0.009820223
0.007334709
0.007359266
0.007717609
0.007198572
0.008760214
0.006767750
0.007541180
0.007206202
0.005324125
0.005209446
0.004858494
0.008556366
0.007707596
0.007530451
0.004611015
0.007475853
0.006515265
0.008580446
0.005485535
0.008822680
0.007532835
0.005741119
0.006424427
0.006109476
0.006232977
0.006745815
0.007816076
0.007018328
0.005897760
0.004790783
0.004681349
0.006057262
0.006007671
0.006030798
0.007182837
0.005673647
0.006592274
0.005490780
0.005885839
0.004855633
0.005281210
0.004375935
0.007077932
0.006213903
0.008964539
0.006070852
0.006886721
0.005816936
0.009115219
0.005577564
0.007043362
0.005721331
0.007822752
0.006248474
0.011676550
0.006266117
0.006157875
0.007803917
0.006200552
0.006543398
0.007408857
0.004816294
0.005432367
0.007845402
0.005037069
0.005466223
0.009108067
0.005501032
0.010993004
0.007233858
0.005282640
0.005581379
0.007562399
0.007247210
0.011308908
0.005151987
0.004844904
0.005430222
0.008621216
0.007630348
0.006909847
0.006514788
0.006618738
0.009801388
0.015681505
0.010975599
0.005667925
0.006449938
0.007349730
0.021537781
0.008620501
0.009180546
0.005762100
0.007528782
0.006182194
0.005742311
0.006770134
0.005494833
0.005734682
0.005921841
0.008537531
0.006579161
0.006264448
0.011315584
0.012032032
0.006125927
0.009576797
0.008221865
0.004590511
0.006494761
0.006336689
0.008527040
0.005492926
0.004953861
0.004850388
0.005994320
0.006086826
0.006992817
0.007130623
0.006278038
0.005657434
0.006752968
0.005608082
0.005593538
0.007344246
0.005042315
0.007125139
0.005327225
0.007299900
0.009602785
0.007343054
0.007930517
0.006549835
0.007463694
0.006993294
0.006101608
0.006803036
0.005530357
0.005538702
0.005592108
0.006003857
0.008349657
0.016348362
0.013908863
0.010416031
0.005249262
0.005902767
0.005257607
0.006848335
0.006151915
0.005231619
0.254872084
0.010177135
0.006370544
0.008110523
0.007135630
0.007376194
0.005891323
0.005187035
0.008270741
0.008361340
0.005530596
0.005230904
0.005137682
0.007710934
0.006085873
0.007866859
0.005755663
0.004990101
0.005348206
0.006746054
0.006130934
0.006634951
0.005906820
0.005581141
0.005952597
0.008803129
0.007854462
0.006220102
0.004872561
0.018701315
0.004824162
0.013257265
0.006261587
0.025694847
0.005944729
0.006150723
0.004926682
0.005370140
0.006003618
0.006076574
0.005171537
0.005760431
0.006707191
0.006013632
0.008084774
0.005943060
0.005120516
0.004827499
0.005558729
0.007037163
0.007580042
0.013293028
0.006243706
0.005151510
0.006853342
0.004791260
0.006313086
0.005398512
0.005546331
0.005122423
0.005323887
0.005336761
0.006561041
0.005888224
0.005548477
0.005443096
0.005640268
0.007063150
0.006898880
0.006033897
0.007651806
0.005769968
0.006742716
0.006770372
0.008460045
0.007054806
0.008832455
0.005339622
0.004613876
0.005406380
0.005315304
0.005595684
0.006466627
0.006356001
0.006895781
0.005079746
0.005576134
0.007451057
0.008512020
0.006586552
0.005468607
0.005183458
0.004639626
0.005361319
0.005183458
0.004996061
0.006562948
0.006062746
0.010878325
0.008874178
0.008804798
0.005166054
0.004726887
0.004938126
0.005724907
0.007961988
0.006032705
0.004865170
0.005632162
0.005596876
0.006707907
0.006835699
0.007489443
0.004630327
0.009023666
0.005173206
0.005201817
0.004847288
0.004849434
0.006095886
0.007578135
0.009031534
0.005727768
0.006155252
0.007363081
0.006238461
0.007329702
0.007405281
0.005740166
0.007519722
0.005341291
0.007075310
0.005354881
0.005130529
0.008233070
0.006409407
0.009397268
0.007162571
0.006050348
0.006190538
0.006249189
0.007399082
0.009454727
0.008844852
0.014849663
0.007101059
0.007284880
0.006050587
0.005828381
0.007201910
0.005529165
0.005417585
0.006595373
0.005733013
0.007375956
0.005138159
0.005433798
0.005423307
0.006121874
0.005407572
0.006443501
0.006532907
0.006313324
0.005312681
0.005833626
0.006629229
0.005659580
0.006233692
0.005142450
0.005350113
0.010345936
0.010282278
0.005396843
0.007308245
0.006072044
0.019914865
