0.000238180
0.000221491
0.000212908
0.000212908
0.000211954
0.000210762
0.000213146
0.000211477
0.000214338
0.000213146
0.000216722
0.000209332
0.000226021
0.000210047
0.000212431
0.000267744
0.000214100
0.000213623
0.000211000
0.000213385
0.000212431
0.000219584
0.000212193
0.000226259
0.000210524
0.000216484
0.000214338
0.000211716
0.000212193
0.000215530
0.000213623
0.000270605
0.000216246
0.000212908
0.000211000
0.000212193
0.000212431
0.000215292
0.000213623
0.000216246
0.000211000
0.000206947
0.000173569
0.000213146
0.000210285
0.000210762
0.000211239
0.000214338
0.000266552
0.000212908
0.000211239
0.000213385
0.000211239
0.000212669
0.000210047
0.000207663
0.000210524
0.000215292
0.000209093
0.000219584
0.000212431
0.000214100
0.000222206
0.000211954
0.000215769
0.000211716
0.000269413
0.000213861
0.000213146
0.000215530
0.000273943
0.000269175
0.000271320
0.000272989
0.000270844
0.000269175
0.000266314
0.000272274
0.000268221
0.000273705
0.000272751
0.000323534
0.000273943
0.000270844
0.000270844
0.000272274
0.000272274
0.000274658
0.000270844
0.000355005
0.000274181
0.000236988
0.000210047
0.000290871
0.000268221
0.000274897
0.000270605
0.000274420
0.000275850
0.000276089
0.000270605
0.000271320
0.000273228
0.000272751
0.000268459
0.000274897
0.000272989
0.000273705
0.000207663
0.000269651
0.000272989
0.000272751
0.000272751
0.000272751
0.000278234
0.000277996
0.000242472
0.000272751
0.000272989
0.000274897
0.000275373
0.000270128
0.000275373
0.000277519
0.000275612
0.000272989
0.000273466
0.000223160
0.000272989
0.000272512
0.000273228
0.000286341
0.000274420
0.000275612
0.000272989
0.000269413
0.000212669
0.000210762
0.000210524
0.000210524
0.000212193
0.000211000
0.000214338
0.000210524
0.000213861
0.000210285
0.000209332
0.000213861
0.000210762
0.000210524
0.000212669
0.000236034
0.000211000
0.000208616
0.000192642
0.000196695
0.000188589
0.000189304
0.000186682
0.000189066
0.000187397
0.000189066
0.000188112
0.000189066
0.000186443
0.000190735
0.000189304
0.000190973
0.000188112
0.000189543
0.000189543
0.000191689
0.000205994
0.000253916
0.000255108
0.000254393
0.000276089
0.000278234
0.000279188
0.000280142
0.000279188
0.000277758
0.000280857
0.000289440
0.000279188
0.000275612
0.000279665
0.000277758
0.000275373
0.000276089
0.000282526
0.000213146
0.000274420
0.000276804
0.000277281
0.000275612
0.000277996
0.000282526
0.000295162
0.000277758
0.000283718
0.000272989
0.000279427
0.000277042
0.000300646
0.000274181
0.000279188
0.000283957
0.000274420
0.000277042
0.000229359
0.000276804
0.000278711
0.000273705
0.000277519
0.000276327
0.000277281
0.000276327
0.000278711
0.000277758
0.000275373
0.000279903
0.000286818
0.000276089
0.000277042
0.000274420
0.000276566
0.000277042
0.000275850
0.000276327
0.000277042
0.000276804
0.000279903
0.000278234
0.000228882
0.000272512
0.000273466
0.000274420
0.000286102
0.000276804
0.000278234
0.000272274
0.000278711
0.000299454
0.000277519
0.000273705
0.000254393
0.000282764
0.000278950
0.000275135
0.000276327
0.000277519
0.000279903
0.000227451
0.000229597
0.000228643
0.000237942
0.000229597
0.000286341
0.000275850
0.000280380
0.000278711
0.000276804
0.000283003
0.000286341
0.000276566
0.000280380
0.000274658
0.000274658
0.000273705
0.000276804
0.000279427
0.000278711
0.000276566
0.000278473
0.000273466
0.000283241
0.000271797
0.000277519
0.000281334
0.000249147
0.000209570
0.000241995
0.000205994
0.000210047
0.000209570
0.000209093
0.000206232
0.000214577
0.000208139
0.000157118
0.000206470
0.000210762
0.000212193
0.000215292
0.000216961
0.000209570
0.000225067
0.000216484
0.000242233
