0.000337124
0.000321388
0.000322104
0.000319481
0.000322580
0.000327826
0.000321865
0.000322342
0.000319481
0.000324011
0.000319004
0.000327587
0.000328541
0.000320673
0.000323534
0.000321388
0.000322580
0.000318289
0.000324249
0.000325441
0.000274181
0.000325680
0.000333071
0.000321865
0.000337839
0.000321150
0.000326633
0.000319481
0.000318289
0.000322580
0.000268459
0.000262022
0.000259876
0.000257969
0.000261784
0.000264883
0.000260353
0.000258684
0.000260115
0.000257730
0.000144243
0.000256062
0.000258923
0.000265598
0.000261545
0.000260830
0.000264406
0.000263214
0.000256538
0.000261307
0.000261307
0.000262260
0.000283957
0.000282288
0.000266075
0.000259638
0.000256777
0.000257969
0.000254631
0.000266552
0.000212908
0.000259876
0.000262260
0.000257492
0.000257969
0.000259399
0.000258923
0.000256300
0.000264645
0.000264883
0.000266075
0.000257492
0.000261784
0.000257015
0.000262976
0.000256300
0.000258446
0.000257254
0.000260830
0.000258207
0.000262737
0.000260353
0.000261307
0.000260115
0.000256062
0.000260830
0.000258446
0.000256300
0.000262022
0.000257730
0.000146866
0.000260115
0.000198841
0.000261545
0.000262499
0.000259399
0.000261307
0.000262499
0.000259638
0.000265837
0.000264883
0.000257730
0.000264406
0.000259161
0.000262499
0.000260353
0.000258923
0.000258207
0.000260115
0.000262022
0.000201702
0.000194550
0.000196695
0.000193834
0.000196934
0.000197172
0.000196218
0.000195980
0.000197649
0.000194311
0.000206709
0.000198364
0.000196218
0.000194550
0.000201941
0.000194073
0.000198603
0.000193834
0.000195026
0.000198126
0.000192404
0.000196934
0.000194311
0.000195742
0.000197649
0.000197649
0.000200987
0.000196934
0.000194550
0.000194550
0.000148296
0.000197649
0.000198841
0.000193119
0.000195503
0.000196934
0.000198126
0.000199080
0.000196218
0.000195980
0.000204563
0.000196934
0.000197411
0.000195503
0.000196934
0.000197649
0.000200033
0.000197411
0.000195742
0.000195265
0.000199080
0.000196934
0.000194788
0.000194550
0.000196934
0.000194788
0.000196934
0.000192881
0.000194550
0.000195742
0.000197887
0.000195980
0.000197887
0.000193596
0.000197649
0.000198364
0.000196218
0.000198603
0.000194788
0.000197411
0.000209570
0.000197411
0.000198126
0.000194073
0.000201702
0.000191689
0.000196457
0.000195026
0.000196457
0.000194550
0.000149727
0.000196695
0.000202417
0.000193119
0.000202179
0.000196695
0.000194311
0.000199318
0.000193119
0.000196695
0.000197172
0.000196934
0.000195980
0.000193119
0.000195980
0.000194550
0.000196934
0.000193357
0.000189781
0.000195742
0.000200033
0.000195980
0.000195742
0.000194311
0.000195503
0.000193119
0.000196218
0.000193834
0.000193119
0.000198126
0.000200510
0.000198364
0.000191927
0.000192642
0.000199318
0.000193834
0.000197172
0.000195503
0.000194550
0.000194550
0.000194550
0.000193119
0.000222206
0.000218153
0.000197172
0.000196218
0.000194788
0.000193357
0.000193834
0.000197411
0.000147581
0.000195265
0.000197172
0.000192404
0.000196934
0.000193357
0.000194788
0.000196218
0.000195026
0.000196457
0.000196457
0.000197172
0.000195265
0.000193596
0.000196695
0.000196218
0.000196934
0.000195503
0.000195503
0.000197411
0.000198603
0.000199556
0.000196695
0.000193596
0.000196934
0.000193834
0.000195503
0.000193119
0.000196457
0.000197649
0.000278234
0.000240803
0.000250578
0.000237703
0.000237703
0.000236750
0.000237942
0.000240088
0.000237465
0.000238180
0.000241756
0.000237942
0.000239372
0.000236750
0.000237942
0.000235796
0.000239849
0.000238895
0.000238895
0.000237226
0.000147343
0.000237226
0.000239849
0.000235796
0.000237942
0.000237226
0.000239611
0.000234365
0.000235081
0.000191689
