0.000601768
0.000714540
0.000714540
0.000682354
0.000698328
0.000620365
0.000609875
0.000680208
0.000696898
0.000620604
0.000696659
0.000653267
0.000715733
0.000723124
0.000645638
0.000713587
0.000638723
0.000645399
0.000659466
0.000731945
0.000653505
0.000715494
0.000724554
0.000583887
0.000652075
0.000614882
0.000667334
0.000719786
0.000645876
0.000679255
0.000706196
0.000647783
0.000654221
0.000649452
0.000728369
0.000674963
0.000754833
0.000758648
0.000666857
0.000681877
0.000616789
0.000684023
0.000744343
0.000675201
0.000761747
0.000613451
0.000678062
0.000682831
0.000682592
0.000693798
0.000717402
0.000711679
0.000621557
0.000637293
0.000560760
0.000617266
0.000609875
0.000547886
0.000628233
0.000540733
0.000618458
0.000611305
0.000542402
0.000544071
0.000603437
0.000530720
0.000558853
0.000565767
0.000626087
0.000618696
0.000546217
0.000556946
0.000617027
0.000540733
0.000631332
0.000617027
0.000542879
0.000610113
0.000547171
0.000542402
0.000416994
0.000606060
0.000574112
0.000620604
0.000614166
0.000546455
0.000537872
0.000612020
0.000615835
0.000620842
0.000545263
0.000544548
0.000615835
0.000622034
0.000538111
0.000607491
0.000545979
0.000542641
0.000545263
0.000566721
0.000625372
0.000520468
0.000524759
0.000523090
0.000519514
0.000525475
0.000521898
0.000541210
0.000540972
0.000543594
0.000527143
0.000531435
0.000550508
0.000526905
0.000539541
0.000533342
0.000521898
0.000538826
0.000515699
0.000521660
0.000535250
0.000535011
0.000527620
0.000537157
0.000534296
0.000527620
0.000543118
0.000551224
0.000521421
0.000531673
0.000527143
0.000527143
0.000529289
0.000529051
0.000521660
0.000546217
0.000530243
0.000525951
0.000527620
0.000528336
0.000527143
0.000778437
0.000635147
0.000648260
0.000565767
0.000640154
0.000628948
0.000573874
0.000627279
0.000552416
0.000618935
0.000406742
0.000619888
0.000622988
0.000644922
0.000532389
0.000535488
0.000527620
0.000527143
0.000530243
0.000520229
0.000374079
0.000531912
0.000537157
0.000563145
0.000532627
0.000517607
0.000521660
0.000528812
0.000542164
0.000527859
0.000375509
0.000536680
0.000550985
0.000530958
0.000528574
0.000561953
0.000524521
0.000521183
0.000526428
0.000657082
0.000366688
0.000522852
0.000546694
0.000522375
0.000527143
0.000532627
0.000542164
0.000537634
0.000530243
0.000368834
0.000524759
0.000519037
0.000553131
0.000536680
0.000535488
0.000512838
0.000538111
0.000516415
0.000522614
0.000528812
0.000531197
0.000534534
0.000541210
0.000533342
0.000523090
0.000526667
0.000529766
0.000543356
0.000553846
0.000521898
0.000528336
0.000531912
0.000527859
0.000517845
0.000529766
0.000532150
0.000524282
0.000540733
0.000524759
0.000520468
0.000531435
0.000540495
0.000528812
0.000533104
0.000525713
0.000530958
0.000520706
0.000533104
0.000522375
0.000519037
0.000522137
0.000530481
0.000539541
0.000522614
0.000529766
0.000531435
0.000539064
0.000529766
0.000530243
0.000515938
0.000477076
0.000637054
0.000631571
0.000627756
0.000529766
0.000601530
0.000527859
0.000633240
0.000677109
0.000522852
0.000432730
0.000679255
0.000673532
0.000592232
0.000606060
0.000529766
0.000602245
0.000535727
0.000607491
0.000525475
0.000602722
0.000530958
0.000530243
0.000682592
0.000527382
0.000523806
0.000524998
0.000631571
0.000528812
0.000529051
0.000428915
0.000604868
0.000603914
0.000606775
0.000600815
0.000599861
0.000588179
0.000573874
0.000602722
0.000585318
0.000604630
0.000631571
0.000623941
0.000626087
0.000628471
0.000631571
0.000623703
0.000620365
0.000630617
0.000432253
0.000401974
0.000629425
0.000562429
0.000624895
0.000627041
0.000628948
0.000575542
0.000640154
0.000579596
