0.000365734
0.000325680
0.000324249
0.000297785
0.000326872
0.000331879
0.000325203
0.000330687
0.000319958
0.000337839
0.000325203
0.000237942
0.000320673
0.000327587
0.000321627
0.000225782
0.000243187
0.000242472
0.000232697
0.000232220
0.000236988
0.000228167
0.000235081
0.000233889
0.000238419
0.000231981
0.000239849
0.000233650
0.000237465
0.000239134
0.000170946
0.000236988
0.000237465
0.000234842
0.000238180
0.000234365
0.000234127
0.000237942
0.000232458
0.000239134
0.000243425
0.000215054
0.000201225
0.000239611
0.000234127
0.000231504
0.000242949
0.000242233
0.000233889
0.000240564
0.000240088
0.000243664
0.000243664
0.000235081
0.000243664
0.000236988
0.000240326
0.000243187
0.000231743
0.000233412
0.000240088
0.000237465
0.000233650
0.000236988
0.000236034
0.000241995
0.000238180
0.000235081
0.000230312
0.000242949
0.000235319
0.000268221
0.000246763
0.000242233
0.000233650
0.000205278
0.000237465
0.000242472
0.000197649
0.000243425
0.000238180
0.000248432
0.000239134
0.000244856
0.000235319
0.000240803
0.000241518
0.000212669
0.000235319
0.000233173
0.000242710
0.000214338
0.000238657
0.000247240
0.000241041
0.000235319
0.000236273
0.000236988
0.000243664
0.000234842
0.000255585
0.000238419
0.000232935
0.000235796
0.000237465
0.000237226
0.000239849
0.000237226
0.000234604
0.000233412
0.000239611
0.000242233
0.000197649
0.000241041
0.000232220
0.000240088
0.000196934
0.000234365
0.000235081
0.000236511
0.000177622
0.000241995
0.000238895
0.000237226
0.000207186
0.000237226
0.000240803
0.000235319
0.000247478
0.000241756
0.000236034
0.000233412
0.000240088
0.000244379
0.000236511
0.000194073
0.000205755
0.000194311
0.000196457
0.000200987
0.000197649
0.000190973
0.000195026
0.000195265
0.000200272
0.000193834
0.000190973
0.000197172
0.000204802
0.000194311
0.000222445
0.000195026
0.000193834
0.000194788
0.000198603
0.000189066
0.000191927
0.000194073
0.000199556
0.000195026
0.000197411
0.000200272
0.000199318
0.000192165
0.000196218
0.000325203
0.000320673
0.000198603
0.000170708
0.000169516
0.000169992
0.000174522
0.000169277
0.000174761
0.000171423
0.000171423
0.000172377
0.000151873
0.000169992
0.000169754
0.000172138
0.000170469
0.000169754
0.000168800
0.000169754
0.000177622
0.000176430
0.000156879
0.000170708
0.000171185
0.000197887
0.000170946
0.000173330
0.000171900
0.000171185
0.000173807
0.000169754
0.000157833
0.000172138
0.000172138
0.000170946
0.000168800
0.000169277
0.000169516
0.000169039
0.000171900
0.000172138
0.000156164
0.000170708
0.000171185
0.000171661
0.000174999
0.000170469
0.000170231
0.000170231
0.000167847
0.000167370
0.000151157
0.000169754
0.000169516
0.000169754
0.000174284
0.000177860
0.000172138
0.000169039
0.000258446
0.000259638
0.000218391
0.000217915
0.000212908
0.000282526
0.000220776
0.000223398
0.000253677
0.000198841
0.000198126
0.000198841
0.000147820
0.000199556
0.000258923
0.000226736
0.000197887
0.000200748
0.000198603
0.000197887
0.000195742
0.000265121
0.000217915
0.000260353
0.000267744
0.000204086
0.000194311
0.000199080
0.000194073
0.000261307
0.000262499
0.000198841
0.000150442
0.000201225
0.000270605
0.000265121
0.000258923
0.000198364
0.000196218
0.000194311
0.000235796
0.000316858
0.000213146
0.000267029
0.000277042
0.000298023
0.000271082
0.000337362
0.000257015
0.000253201
0.000257730
0.000260592
0.000184774
0.000255585
0.000179529
0.000154972
0.000149012
0.000173807
0.000169754
0.000183344
0.000168324
0.000167608
0.000172377
0.000171185
0.000170708
0.000172138
0.000168562
0.000172377
0.000169992
0.000172377
0.000169992
0.000174761
0.000172377
0.000172853
0.000189304
