0.011703730
0.000936508
0.000674009
0.001042366
0.001001596
0.001024008
0.000976086
0.001014948
0.000936985
0.000969172
0.001007318
0.001009464
0.000706911
0.000929594
0.000973463
0.000991344
0.000973701
0.001031399
0.000979424
0.000978947
0.001041412
0.001071453
0.000774384
0.001053810
0.000973225
0.000957489
0.000934601
0.000986576
0.001060247
0.000957727
0.000973940
0.000963688
0.000953913
0.001024246
0.000946760
0.001036167
0.001035929
0.000965357
0.000929594
0.001008272
0.000948668
0.000976562
0.000724316
0.001045704
0.000931025
0.000954628
0.001046419
0.000951529
0.001020908
0.000964642
0.000923395
0.001063824
0.000823736
0.000955105
0.000967264
0.001045227
0.000967264
0.000928879
0.000982285
0.000953197
0.001033783
0.000990629
0.000944853
0.000973701
0.000967026
0.000940084
0.001043797
0.000950575
0.001054287
0.000939846
0.000938654
0.000963688
0.000965595
0.001050949
0.001113415
0.000948429
0.000943184
0.000958204
0.000967979
0.000950336
0.000960350
0.000986576
0.001060963
0.001055717
0.000965595
0.001076460
0.000969648
0.000988960
0.000931978
0.001060724
0.000957251
0.000983477
0.000962734
0.001048565
0.000932217
0.000988960
0.000990391
0.000953436
0.000978231
0.001065731
0.000939369
0.000932217
0.000934362
0.000940800
0.000914812
0.000928640
0.000922680
0.000911236
0.000923157
0.000946045
0.000899553
0.000913382
0.000909567
0.000915766
0.000908136
0.000939846
0.000909805
0.000920296
0.000910282
0.000924826
0.001102448
0.000947714
0.000925779
0.000875235
0.000911236
0.000924110
0.000936747
0.000910282
0.000877380
0.000938177
0.000916958
0.000952482
0.000932455
0.000864506
0.000919342
0.000944138
0.000975370
0.000981092
0.000951052
0.000974655
0.000689983
0.000922203
0.000925541
0.001003742
0.000928879
0.000968456
0.000964880
0.000934362
0.000951767
0.000973940
0.000940084
0.000957012
0.000941992
0.000915527
0.000935555
0.000958681
0.000941515
0.000938177
0.000931263
0.000936508
0.000943661
0.000935555
0.000925779
0.000949383
0.000946999
0.000948429
0.000934601
0.000937462
0.000954151
0.000953674
0.000926495
0.000959158
0.000952244
0.000956774
0.000931501
0.000934362
0.000867128
0.000929117
0.000926018
0.000973225
0.000917912
0.001214743
0.000916719
0.000919580
0.000912905
0.000937700
0.000929594
0.000920057
0.000933409
0.000926256
0.000925779
0.000893593
0.000930548
0.000940561
0.000917435
0.000933647
0.000921965
0.000942469
0.000935793
0.000941515
0.000919819
0.000936508
0.000870228
0.000928164
0.000931978
0.000930071
0.000919104
0.000949860
0.000924110
0.000933647
0.000936508
0.000937223
0.000925779
0.000944614
0.000919104
0.000934601
0.000935555
0.000941515
0.000926733
0.000941515
0.000931025
0.000940084
0.000930548
0.000942945
0.000931978
0.000934601
0.000927210
0.000937462
0.000921726
0.000944614
0.000924349
0.001261473
0.000916243
0.000918388
0.000905752
0.000933886
0.000914097
0.000916481
0.000917673
0.000925779
0.000941038
0.001015902
0.000931740
0.000932932
0.000919580
0.000928879
0.000911713
0.000941038
0.000923634
0.000945091
0.000918627
0.000935793
0.000909090
0.000945091
0.000918388
0.000934839
0.000933647
0.000941038
0.000921011
0.000931025
0.000932932
0.000927448
0.000923872
0.000936747
0.000920057
0.000930071
0.000908852
0.000921249
0.000915289
0.000929832
0.000940561
0.000923395
0.000912189
0.000926018
0.000916958
0.000916481
0.000921249
0.000936508
0.000914097
0.000926733
0.000912189
0.001269341
0.000962019
0.000953674
0.000935793
0.000934362
0.000932932
0.000977993
0.000926256
0.000950098
0.000928640
0.001006126
0.000904083
0.000906944
0.000919580
0.000909328
0.000900984
0.000908613
0.000915051
0.001002312
