0.000247002
0.000205517
0.000206232
0.000206470
0.000204563
0.000205278
0.000204802
0.000207663
0.000258923
0.000205994
0.000207663
0.000222683
0.000205755
0.000205040
0.000205517
0.000182152
0.000204325
0.000205994
0.000206232
0.000208616
0.000206709
0.000210524
0.000207186
0.000205278
0.000202656
0.000206947
0.000205755
0.000209332
0.000206470
0.000208616
0.000207186
0.000206709
0.000208378
0.000207663
0.000204325
0.000208139
0.000221252
0.000209808
0.000203848
0.000256777
0.000206232
0.000206232
0.000204325
0.000252962
0.000245094
0.000243902
0.000244141
0.000231028
0.000202417
0.000207424
0.000228882
0.000208616
0.000201702
0.000203133
0.000201941
0.000208616
0.000208378
0.000241041
0.000204086
0.000204325
0.000203133
0.000204802
0.000203133
0.000205994
0.000204563
0.000206947
0.000202417
0.000206709
0.000206709
0.000204563
0.000205517
0.000206947
0.000257254
0.000217199
0.000204086
0.000203848
0.000205278
0.000205278
0.000204086
0.000264406
0.000204086
0.000205278
0.000202656
0.000207663
0.000206470
0.000207186
0.000200033
0.000213861
0.000201941
0.000208616
0.000208855
0.000183821
0.000181437
0.000182867
0.000181675
0.000182152
0.000180483
0.000196695
0.000181913
0.000160456
0.000181675
0.000182152
0.000189543
0.000180244
0.000180006
0.000182867
0.000183582
0.000181437
0.000180721
0.000157118
0.000215054
0.000241280
0.000241280
0.000246048
0.000205278
0.000245333
0.000246048
0.000245571
0.000247717
0.000159502
0.000242233
0.000242233
0.000242233
0.000251770
0.000241995
0.000241995
0.000245094
0.000242472
0.000248194
0.000163317
0.000273705
0.000242949
0.000266552
0.000266314
0.000235319
0.000179768
0.000182390
0.000179768
0.000184298
0.000158072
0.000181437
0.000180244
0.000188351
0.000179052
0.000184059
0.000180960
0.000182390
0.000178099
0.000182629
0.000160456
0.000184536
0.000181437
0.000182867
0.000181675
0.000182152
0.000181198
0.000185728
0.000181437
0.000193596
0.000165701
0.000186443
0.000181675
0.000185728
0.000178814
0.000180960
0.000180721
0.000185490
0.000179529
0.000181198
0.000180721
0.000202894
0.000181437
0.000183105
0.000179768
0.000185728
0.000181198
0.000184298
0.000180483
0.000181675
0.000160933
0.000184059
0.000181198
0.000193596
0.000180244
0.000182390
0.000179768
0.000186682
0.000180483
0.000182152
0.000159025
0.000185013
0.000179768
0.000185728
0.000181675
0.000184298
0.000267506
0.000272036
0.000275135
0.000275612
0.000184298
0.000272036
0.000266790
0.000252962
0.000268221
0.000272512
0.000268221
0.000272036
0.000291586
0.000272036
0.000183344
0.000266075
0.000269175
0.000271797
0.000267267
0.000268221
0.000266790
0.000267267
0.000225067
0.000278950
0.000187635
0.000267029
0.000268459
0.000272989
0.000260353
0.000228643
0.000227451
0.000268698
0.000264168
0.000267029
0.000186205
0.000266790
0.000239849
0.000270844
0.000220537
0.000270605
0.000221968
0.000268936
0.000225067
0.000278711
0.000185490
0.000270367
0.000234365
0.000212431
0.000209570
0.000218391
0.000207663
0.000270367
0.000213385
0.000293255
0.000270367
0.000267744
0.000266314
0.000265598
0.000208378
0.000210762
0.000204325
0.000228643
0.000200748
0.000201464
0.000203133
0.000206232
0.000201225
0.000204086
0.000201464
0.000201941
0.000200272
0.000212193
0.000217915
0.000202894
0.000200748
0.000202894
0.000200987
0.000202179
0.000204563
0.000204563
0.000203609
0.000202656
0.000206709
0.000202179
0.000203371
0.000205278
0.000207424
0.000204802
0.000202179
0.000201702
0.000205755
0.000206709
0.000203609
0.000202417
0.000206232
0.000235319
0.000255585
0.000250340
0.000247240
0.000247240
0.000243902
0.000243425
0.000246286
0.000200510
0.000190973
