0.000236034
0.000263691
0.000263214
0.000260830
0.000224590
0.000260115
0.000255823
0.000262737
0.000263929
0.000185251
0.000257730
0.000262260
0.000259161
0.000264168
0.000262737
0.000262737
0.000200272
0.000262260
0.000257015
0.000262499
0.000264168
0.000258446
0.000256538
0.000259399
0.000260592
0.000260592
0.000257015
0.000259638
0.000273228
0.000260115
0.000261545
0.000256300
0.000259876
0.000261307
0.000197649
0.000254393
0.000256062
0.000258923
0.000260830
0.000296831
0.000257730
0.000319004
0.000201941
0.000181913
0.000177622
0.000175714
0.000176191
0.000180006
0.000176191
0.000176907
0.000178814
0.000181437
0.000176430
0.000188589
0.000180006
0.000173330
0.000177622
0.000179052
0.000174761
0.000178099
0.000179529
0.000176191
0.000189781
0.000182152
0.000222206
0.000169992
0.000174284
0.000180006
0.000176430
0.000175714
0.000178099
0.000181437
0.000176191
0.000176430
0.000175476
0.000175476
0.000186205
0.000177860
0.000175476
0.000177145
0.000179768
0.000175476
0.000173569
0.000181675
0.000174522
0.000177860
0.000175238
0.000177622
0.000177383
0.000181675
0.000179291
0.000171661
0.000178337
0.000177383
0.000177383
0.000173807
0.000173092
0.000179529
0.000175714
0.000179529
0.000174999
0.000176430
0.000177145
0.000177383
0.000176191
0.000176191
0.000178099
0.000174522
0.000175714
0.000177383
0.000175953
0.000176668
0.000173330
0.000175476
0.000179291
0.000177622
0.000175238
0.000176430
0.000175714
0.000178576
0.000176430
0.000175238
0.000173330
0.000187159
0.000175476
0.000170231
0.000173330
0.000174046
0.000198841
0.000176668
0.000169992
0.000175714
0.000174046
0.000173330
0.000174522
0.000174284
0.000174761
0.000174761
0.000174522
0.000175953
0.000176430
0.000175238
0.000174522
0.000178337
0.000173330
0.000174761
0.000176430
0.000192404
0.000175953
0.000173807
0.000174761
0.000175476
0.000177622
0.000174284
0.000176907
0.000174046
0.000174522
0.000173569
0.000181913
0.000177383
0.000174284
0.000175953
0.000174284
0.000178099
0.000174522
0.000174522
0.000187635
0.000173330
0.000176907
0.000175953
0.000198841
0.000174522
0.000174522
0.000176907
0.000176191
0.000175238
0.000174999
0.000174046
0.000179529
0.000180483
0.000175714
0.000196457
0.000174046
0.000175714
0.000173569
0.000200033
0.000267982
0.000266075
0.000267029
0.000267029
0.000265837
0.000199318
0.000205040
0.000209093
0.000269413
0.000263691
0.000267744
0.000271797
0.000266790
0.000270605
0.000265837
0.000264168
0.000262737
0.000263691
0.000286579
0.000265598
0.000268698
0.000267982
0.000267506
0.000265360
0.000268221
0.000265837
0.000267982
0.000260592
0.000267267
0.000263929
0.000228643
0.000268221
0.000270367
0.000267506
0.000265837
0.000261307
0.000268698
0.000266314
0.000264168
0.000261068
0.000269651
0.000264883
0.000280142
0.000262022
0.000274420
0.000267744
0.000273228
0.000263214
0.000269175
0.000260592
0.000267029
0.000263691
0.000271082
0.000263691
0.000263929
0.000261784
0.000292063
0.000262022
0.000266552
0.000260830
0.000267982
0.000268221
0.000265121
0.000269890
0.000265360
0.000211000
0.000260115
0.000261784
0.000263691
0.000261545
0.000273466
0.000264406
0.000268221
0.000263453
0.000264168
0.000268221
0.000262976
0.000270367
0.000264168
0.000268459
0.000266314
0.000262499
0.000265837
0.000265598
0.000263691
0.000264406
0.000266552
0.000259876
0.000264168
0.000273466
0.000267982
0.000259399
0.000265598
0.000270844
0.000263691
0.000267267
0.000262022
0.000265837
0.000265121
0.000269413
0.000268936
0.000270605
0.000265121
0.000260592
0.000154734
0.000204086
0.000211000
0.000197649
0.000200033
0.000198841
0.000195265
0.000202656
0.000235796
0.000209808
