0.012655973
0.002725840
0.003085136
0.002818584
0.003050566
0.002793074
0.002481937
0.002281904
0.012407303
0.002756357
0.003197908
0.002407074
0.002453804
0.002422571
0.002218723
0.002346992
0.002479315
0.002445936
0.002708435
0.002363682
0.002422094
0.002402544
0.002516747
0.002334118
0.002434254
0.002758741
0.002690315
0.002393246
0.002494812
0.002744913
0.002427101
0.002454996
0.002321243
0.002466202
0.002390862
0.002418995
0.002492666
0.002723217
0.002457619
0.002427101
0.002799273
0.002723932
0.003232479
0.002717495
0.002696276
0.002791643
0.002849817
0.002822399
0.002646208
0.003136158
0.002660275
0.002824306
0.002707243
0.002724886
0.003078222
0.002757788
0.002690315
0.003085375
0.002713442
0.002767324
0.002765656
0.002708912
0.002709627
0.003076553
0.002776623
0.002773046
0.003069878
0.002783298
0.003158569
0.002778769
0.002799511
0.002683878
0.003081083
0.002764702
0.003094673
0.002717972
0.003063917
0.002797604
0.002764940
0.002714872
0.002707720
0.002769709
0.003084421
0.002768040
0.002755880
0.003072739
0.002781391
0.002713919
0.003089428
0.002719402
0.002805710
0.002620935
0.002714396
0.002784252
0.002585173
0.003060102
0.002785444
0.002775192
0.002772808
0.002701044
0.003054619
0.002561331
0.002546787
0.002557993
0.002539873
0.002552032
0.002551794
0.002553701
0.002548933
0.002556324
0.002606153
0.002551556
0.002422810
0.002541780
0.002548695
0.002600670
0.002543926
0.002559662
0.002554655
0.002559662
0.002578497
0.002548218
0.002419949
0.002546549
0.002564669
0.002552271
0.002526522
0.002553701
0.002619267
0.002557516
0.002563238
0.002572298
0.002430439
0.002567291
0.002543688
0.002546072
0.002553225
0.002550364
0.002557278
0.002594233
0.002546549
0.002403975
0.002450228
0.002567291
0.002548456
0.002541304
0.002542257
0.002621412
0.002575159
0.002549410
0.002573013
0.002552271
0.002493858
0.002547503
0.002572060
0.002544403
0.002546787
0.002538681
0.002550840
0.002610922
0.002548218
0.002548695
0.002457380
0.002549410
0.002561808
0.002554178
0.002540827
0.002542973
0.002554417
0.002545834
0.002569914
0.002549887
0.002470016
0.002535105
0.002557993
0.002546310
0.002557039
0.002545357
0.002549887
0.002224922
0.002232790
0.002241373
0.002124310
0.002245665
0.002237797
0.002229214
0.002210617
0.002256155
0.002247095
0.002246857
0.002261400
0.002121925
0.002153158
0.002244711
0.002257109
0.002228022
0.002224207
0.002210855
0.002226830
0.002252817
0.002242088
0.002223730
0.002121449
0.002253056
0.002243996
0.002230644
0.002232075
0.002243757
0.002221346
0.002252340
0.002245426
0.002265692
0.002169609
0.002261877
0.002232075
0.002249479
0.002266884
0.002235889
0.002250671
0.002266169
0.002226830
0.002237082
0.002155781
0.002246141
0.002230644
0.002233267
0.002223015
0.002254486
0.002230644
0.002294064
0.002238512
0.002243996
0.002171993
0.002231836
0.002220869
0.002236605
0.002216339
0.002227306
0.002213001
0.002216339
0.002223969
0.002155066
0.002382040
0.002557993
0.002562523
0.002564192
0.002575636
0.002567530
0.002591372
0.002599716
0.002539635
0.002547741
0.002574205
0.002588511
0.002579927
0.002599955
0.002571821
0.002600670
0.002573729
0.002575636
0.002610683
0.002586126
0.002650261
0.002582788
0.002563715
0.002580166
0.002568960
0.002581120
0.002558708
0.002578020
0.002562284
0.002578020
0.002555370
0.002585173
0.002582312
0.002578735
0.002585411
0.002582788
0.002560854
0.002578735
0.002553701
0.002549648
0.002538443
0.002547026
0.002567530
0.002559185
0.002539635
0.002542496
0.002547979
0.002569437
0.002560616
0.002472639
0.002550602
0.002585173
0.002563953
0.002564907
0.002554655
0.002552509
0.002560854
0.002560377
