0.000237226
0.000277996
0.000218630
0.000262976
0.000252962
0.000257492
0.000254631
0.000256777
0.000183821
0.000207901
0.000262737
0.000261545
0.000257492
0.000257254
0.000256062
0.000265121
0.000258923
0.000259161
0.000184774
0.000255585
0.000261545
0.000258684
0.000265598
0.000256062
0.000257730
0.000266075
0.000181437
0.000260353
0.000153780
0.000264883
0.000274658
0.000257492
0.000251532
0.000264406
0.000260830
0.000196457
0.000262499
0.000259399
0.000258923
0.000257492
0.000270367
0.000265837
0.000261307
0.000268698
0.000259399
0.000259876
0.000253677
0.000212193
0.000180721
0.000258207
0.000260115
0.000259399
0.000259399
0.000252008
0.000261545
0.000256300
0.000256300
0.000259876
0.000182867
0.000261307
0.000208616
0.000252485
0.000257969
0.000258207
0.000259161
0.000259638
0.000257730
0.000259638
0.000189543
0.000259161
0.000262022
0.000260353
0.000233650
0.000257492
0.000256777
0.000261068
0.000260353
0.000257730
0.000253916
0.000263929
0.000260353
0.000258207
0.000259161
0.000267029
0.000256777
0.000259638
0.000261545
0.000257730
0.000256538
0.000226021
0.000257730
0.000261784
0.000277758
0.000258207
0.000260353
0.000263929
0.000226498
0.000262022
0.000262022
0.000261307
0.000263214
0.000255823
0.000253677
0.000253677
0.000251293
0.000252247
0.000250340
0.000253439
0.000195503
0.000265837
0.000256777
0.000253201
0.000196218
0.000253677
0.000256300
0.000254631
0.000254869
0.000257015
0.000253677
0.000261307
0.000284195
0.000268459
0.000255108
0.000257254
0.000251293
0.000255108
0.000284433
0.000312090
0.000325203
0.000323772
0.000321627
0.000319958
0.000319004
0.000319958
0.000331640
0.000325918
0.000329971
0.000321865
0.000338078
0.000318766
0.000320673
0.000310659
0.000324249
0.000317812
0.000322104
0.000318289
0.000285625
0.000326872
0.000325918
0.000316620
0.000319481
0.000314236
0.000324965
0.000317812
0.000319242
0.000318050
0.000320435
0.000323772
0.000323296
0.000286818
0.000321150
0.000331640
0.000322342
0.000320435
0.000321865
0.000317097
0.000322819
0.000318527
0.000321150
0.000318050
0.000324011
0.000301600
0.000236750
0.000318766
0.000321627
0.000320196
0.000321627
0.000318766
0.000319004
0.000321865
0.000326872
0.000316858
0.000321150
0.000326157
0.000316858
0.000315905
0.000322819
0.000319242
0.000320196
0.000320911
0.000323057
0.000326633
0.000326157
0.000319242
0.000320196
0.000267982
0.000324011
0.000322342
0.000323296
0.000325203
0.000322104
0.000321150
0.000321150
0.000314713
0.000317335
0.000318766
0.000319719
0.000332117
0.000320196
0.000319481
0.000318527
0.000329733
0.000318766
0.000316858
0.000320196
0.000320196
0.000319719
0.000320911
0.000287771
0.000319242
0.000326395
0.000319481
0.000319719
0.000322104
0.000320435
0.000317335
0.000318289
0.000314236
0.000319958
0.000319958
0.000321627
0.000323534
0.000322342
0.000312805
0.000321388
0.000317097
0.000321388
0.000321865
0.000318766
0.000326157
0.000317097
0.000327826
0.000300884
0.000317097
0.000317097
0.000316858
0.000317335
0.000320911
0.000319242
0.000323057
0.000318289
0.000319004
0.000320435
0.000317097
0.000284672
0.000323534
0.000322342
0.000320435
0.000322342
0.000320435
0.000318527
0.000317097
0.000320435
0.000319719
0.000318527
0.000316858
0.000248909
0.000321150
0.000323296
0.000320196
0.000318527
0.000317097
0.000320673
0.000319719
0.000318527
0.000323296
0.000326157
0.000323534
0.000284433
0.000287056
0.000316381
0.000320911
0.000319481
0.000320196
0.000320196
0.000317335
0.000328541
0.000314236
0.000323772
0.000320196
0.000320196
0.000316381
0.000322342
0.000318527
0.000315905
0.000321150
0.000317574
0.000319004
0.000316620
0.000240564
