0.000520706
0.000393867
0.000474691
0.000402212
0.000400066
0.000473022
0.000392199
0.000504732
0.000398636
0.000399113
0.000473738
0.000399113
0.000466824
0.000403881
0.000399113
0.000390530
0.000459433
0.000413179
0.000395298
0.000474453
0.000396013
0.000396729
0.000331879
0.000404596
0.000469446
0.000391483
0.000393867
0.000483990
0.000393867
0.000400782
0.000404358
0.000344038
0.000325680
0.000322819
0.000320435
0.000402212
0.000327110
0.000339031
0.000324726
0.000331163
0.000324965
0.000316381
0.000323772
0.000326872
0.000395775
0.000324249
0.000320196
0.000342131
0.000398159
0.000320435
0.000399113
0.000251293
0.000321865
0.000332832
0.000323772
0.000416279
0.000338078
0.000350237
0.000412226
0.000336885
0.000338793
0.000252247
0.000414610
0.000340462
0.000336647
0.000351191
0.000440598
0.000351906
0.000334501
0.000344753
0.000332117
0.000319242
0.000397444
0.000328302
0.000319958
0.000319958
0.000395298
0.000343323
0.000396252
0.000327349
0.000321150
0.000396729
0.000323772
0.000321388
0.000322819
0.000318050
0.000320196
0.000394821
0.000324488
0.000326872
0.000396967
0.000320196
0.000325918
0.000323772
0.000328302
0.000394821
0.000333309
0.000329733
0.000396013
0.000348568
0.000321388
0.000310183
0.000316858
0.000311136
0.000315189
0.000312090
0.000324488
0.000308990
0.000315666
0.000316381
0.000313759
0.000311613
0.000313997
0.000305176
0.000313520
0.000332355
0.000354052
0.000351667
0.000351906
0.000330210
0.000339985
0.000345945
0.000334263
0.000329733
0.000334024
0.000326633
0.000336409
0.000331163
0.000347853
0.000340700
0.000338554
0.000342607
0.000345707
0.000327826
0.000330210
0.000331163
0.000332594
0.000349522
0.000343561
0.000328302
0.000334501
0.000242710
0.000350475
0.000332594
0.000329733
0.000328541
0.000333309
0.000344753
0.000348091
0.000331163
0.000326872
0.000331163
0.000333309
0.000331163
0.000341177
0.000328779
0.000343323
0.000349998
0.000361443
0.000329494
0.000334501
0.000335693
0.000334501
0.000327110
0.000333309
0.000330448
0.000328541
0.000327110
0.000349045
0.000378132
0.000334740
0.000325441
0.000342607
0.000339031
0.000330687
0.000340700
0.000332832
0.000344753
0.000349522
0.000354767
0.000341177
0.000338078
0.000354290
0.000332594
0.000332832
0.000337124
0.000339746
0.000334740
0.000354052
0.000338078
0.000330210
0.000322104
0.000348806
0.000339985
0.000335932
0.000338793
0.000313997
0.000307560
0.000309467
0.000312805
0.000317097
0.000312090
0.000311136
0.000312090
0.000312328
0.000342846
0.000333071
0.000336885
0.000349760
0.000334501
0.000340462
0.000330687
0.000340223
0.000335932
0.000324965
0.000333071
0.000335693
0.000340462
0.000346661
0.000328779
0.000354528
0.000345230
0.000342369
0.000329494
0.000327110
0.000337124
0.000336170
0.000332355
0.000418663
0.000334263
0.000334024
0.000350714
0.000351906
0.000336885
0.000323772
0.000342369
0.000332355
0.000335693
0.000349283
0.000359058
0.000329733
0.000349522
0.000348568
0.000340939
0.000331879
0.000344276
0.000334263
0.000352383
0.000352144
0.000330925
0.000334501
0.000328779
0.000342607
0.000354290
0.000317574
0.000316381
0.000309706
0.000309944
0.000317335
0.000313282
0.000316381
0.000310421
0.000311852
0.000307560
0.000310421
0.000326633
0.000332117
0.000332832
0.000349283
0.000327587
0.000323772
0.000331402
0.000344276
0.000331640
0.000334501
0.000333309
0.000338793
0.000329494
0.000342369
0.000327826
0.000335217
0.000334978
0.000340223
0.000340462
0.000335455
0.000332832
0.000329018
0.000330210
0.000348091
0.000339270
0.000264883
0.000336885
0.000345707
0.000334024
0.000333071
0.000339508
0.000326395
0.000350237
0.000342369
0.000346899
