0.011445522
0.001373291
0.001615286
0.001481771
0.001436949
0.001466751
0.001567602
0.001471996
0.001463413
0.001426220
0.001491547
0.001464367
0.001581430
0.001516819
0.001508236
0.001381397
0.001580238
0.001467228
0.001457214
0.001472712
0.001553774
0.001563787
0.001497030
0.001621485
0.001640081
0.001453876
0.001443386
0.001507759
0.001560450
0.001615763
0.001265764
0.001415730
0.001679182
0.001499176
0.001442194
0.001513720
0.001498938
0.001410723
0.001634598
0.001429558
0.001502514
0.001601458
0.001238585
0.001518250
0.001509428
0.001656771
0.001459837
0.001430511
0.001472712
0.001421690
0.001524687
0.001619577
0.001502275
0.001629353
0.001592159
0.001431465
0.001448393
0.001467705
0.001620054
0.001466513
0.001483202
0.001459360
0.001434326
0.001424074
0.001482725
0.001659632
0.001482964
0.001436472
0.001411915
0.001631021
0.001482964
0.001423597
0.001348019
0.001588345
0.001463175
0.001457691
0.001444817
0.001430035
0.001447201
0.001607656
0.001499176
0.001476526
0.001646280
0.001456022
0.001604319
0.001595736
0.001410484
0.001479387
0.001579046
0.001420975
0.001213312
0.001563549
0.001593351
0.001540661
0.001417637
0.001497269
0.001417875
0.001407385
0.001504183
0.001504183
0.001418352
0.001384258
0.001421690
0.001371145
0.001387119
0.001394987
0.001364470
0.001409054
0.001317978
0.001412868
0.001405239
0.001389980
0.001428366
0.001420498
0.001416445
0.001334906
0.001339912
0.001383305
0.001367807
0.001390219
0.001375198
0.001360416
0.001349926
0.001373768
0.001380682
0.001412153
0.001422405
0.001339674
0.001359940
0.001429558
0.001354456
0.001131773
0.001373529
0.001358747
0.001333475
0.001340866
0.001339436
0.001307249
0.001398087
0.001398563
0.001369476
0.001098394
0.001422167
0.001334906
0.001347303
0.001407146
0.001255751
0.001305819
0.001345634
0.001349688
0.001361132
0.001324415
0.001359701
0.001329660
0.001332045
0.001342773
0.001333237
0.001318455
0.001353025
0.001395226
0.001338005
0.001335382
0.001355171
0.001384497
0.001345873
0.001399755
0.001399755
0.001321316
0.001343250
0.001333475
0.001370192
0.001325130
0.001342297
0.001349449
0.001333237
0.001343727
0.001385689
0.001402617
0.001318932
0.001371861
0.001387358
0.001092672
0.001402617
0.001359701
0.001417875
0.001349449
0.001352072
0.001339436
0.001363516
0.001355886
0.001348972
0.001234770
0.001400948
0.001313210
0.001439095
0.001412392
0.001458406
0.001488924
0.001444101
0.001461267
0.001467466
0.001403332
0.001451492
0.001451731
0.001455545
0.001362801
0.001330853
0.001357555
0.001390696
0.001348972
0.001379967
0.001408339
0.001413107
0.001425266
0.001425743
0.001381636
0.001421213
0.001425743
0.001417875
0.001375675
0.001376867
0.001355410
0.001383066
0.001318455
0.001359701
0.001422405
0.001408100
0.001385927
0.001392841
0.001432657
0.001421452
0.001131058
0.001394510
0.001380205
0.001381636
0.001329184
0.001393795
0.001425505
0.001382828
0.001399755
0.001386642
0.001230717
0.001450777
0.001332760
0.001367092
0.001365185
0.001365900
0.001348734
0.001418591
0.001310587
0.001384735
0.001080275
0.001340151
0.001340628
0.001353502
0.001335144
0.001344442
0.001380920
0.001423359
0.001357317
0.001359701
0.001332998
0.001363516
0.001364470
0.001348019
0.001370430
0.001406193
0.001409292
0.001363039
0.001346588
0.001375914
0.001353264
0.001348495
0.001312256
0.001329899
0.001332760
0.001338720
0.001325369
0.001408577
0.001405478
0.001405478
0.001103163
0.001327753
0.001320839
0.001406670
0.001330376
0.001387358
0.001345873
0.001329422
0.001321793
0.001333475
0.001169682
0.001353264
0.001416206
0.001393557
0.001340866
0.001353264
0.001311541
0.001349211
0.001512766
