0.000286579
0.000287294
0.000287533
0.000344038
0.000284433
0.000275612
0.000284195
0.000292063
0.000285387
0.000283241
0.000286818
0.000288725
0.000292301
0.000342369
0.000281811
0.000242710
0.000227690
0.000227690
0.000223637
0.000228167
0.000228167
0.000285387
0.000226974
0.000227213
0.000222445
0.000224590
0.000232935
0.000225306
0.000225544
0.000223398
0.000232935
0.000279665
0.000229836
0.000296116
0.000285864
0.000285387
0.000286341
0.000315189
0.000288248
0.000288248
0.000293732
0.000323772
0.000308990
0.000287533
0.000290155
0.000287533
0.000284672
0.000293970
0.000284910
0.000285864
0.000278950
0.000279903
0.000226021
0.000225067
0.000219345
0.000223160
0.000223637
0.000225306
0.000222445
0.000224829
0.000362873
0.000288963
0.000297070
0.000283003
0.000290394
0.000267029
0.000265121
0.000266314
0.000266075
0.000269890
0.000253201
0.000262022
0.000229597
0.000227451
0.000266790
0.000263691
0.000264168
0.000266790
0.000264645
0.000270844
0.000169754
0.000318766
0.000265598
0.000264645
0.000263453
0.000277519
0.000263691
0.000270605
0.000213146
0.000265121
0.000198841
0.000341177
0.000283718
0.000281096
0.000283241
0.000283957
0.000285149
0.000292301
0.000297308
0.000287294
0.000170231
0.000285864
0.000281572
0.000281572
0.000285625
0.000283957
0.000286102
0.000285625
0.000286818
0.000288963
0.000223160
0.000231743
0.000223398
0.000219345
0.000225306
0.000225067
0.000224113
0.000221968
0.000222683
0.000223875
0.000229359
0.000225067
0.000225067
0.000224352
0.000219822
0.000204802
0.000203371
0.000205517
0.000208139
0.000203848
0.000170708
0.000203848
0.000201225
0.000198126
0.000203609
0.000207424
0.000200272
0.000200272
0.000203133
0.000201464
0.000169754
0.000201464
0.000200987
0.000202656
0.000200987
0.000201225
0.000205755
0.000211477
0.000203371
0.000202417
0.000162363
0.000203371
0.000202417
0.000201225
0.000202179
0.000229597
0.000207186
0.000203848
0.000203371
0.000202894
0.000169754
0.000202656
0.000206470
0.000205517
0.000201225
0.000199318
0.000204563
0.000201464
0.000204802
0.000204086
0.000171661
0.000209093
0.000200272
0.000200748
0.000202179
0.000203371
0.000204802
0.000205278
0.000203848
0.000201702
0.000166178
0.000200510
0.000204802
0.000204086
0.000202179
0.000288486
0.000285149
0.000251293
0.000289679
0.000289917
0.000236750
0.000291824
0.000291586
0.000290155
0.000289440
0.000288725
0.000290632
0.000292778
0.000295639
0.000288963
0.000201464
0.000288725
0.000289679
0.000287533
0.000286341
0.000289679
0.000284910
0.000282764
0.000290155
0.000288725
0.000289440
0.000289202
0.000290871
0.000286341
0.000288486
0.000287056
0.000291109
0.000292301
0.000240326
0.000297070
0.000289679
0.000284910
0.000286341
0.000285149
0.000285864
0.000288486
0.000289679
0.000286579
0.000288963
0.000284433
0.000206232
0.000270605
0.000301123
0.000313759
0.000255346
0.000285625
0.000288725
0.000287533
0.000291586
0.000294447
0.000253916
0.000290632
0.000301600
0.000289202
0.000286341
0.000284433
0.000293493
0.000293016
0.000289917
0.000289202
0.000293732
0.000289679
0.000288963
0.000303268
0.000294685
0.000289917
0.000291824
0.000288725
0.000288010
0.000288010
0.000243664
0.000293016
0.000288010
0.000288486
0.000286579
0.000297308
0.000289679
0.000292540
0.000229597
0.000222206
0.000228167
0.000225782
0.000224352
0.000224590
0.000226498
0.000231266
0.000226498
0.000226021
0.000224352
0.000223875
0.000229120
0.000226974
0.000228405
0.000224352
0.000223637
0.000219822
0.000227451
0.000221491
0.000237465
0.000226021
0.000196218
0.000220299
0.000226259
0.000224829
0.000231504
0.000225067
0.000230551
0.000226259
0.000229120
0.000232697
