0.014891863
0.005637407
0.005596638
0.005236864
0.004855871
0.005651474
0.004867792
0.004629374
0.006186008
0.004962206
0.004675388
0.004904509
0.005698919
0.004813433
0.004945993
0.004848003
0.004820108
0.005592346
0.005666971
0.004853725
0.004913330
0.004636765
0.004609108
0.004808903
0.004811287
0.004846334
0.005632639
0.004826784
0.005669594
0.005606890
0.004654884
0.004823685
0.004642963
0.004884720
0.004880190
0.014431477
0.004858255
0.004707813
0.004858494
0.004862070
0.005604029
0.004902840
0.004870176
0.004649401
0.005611658
0.004637480
0.004925966
0.005588055
0.004943848
0.004873276
0.004889011
0.005640745
0.004617214
0.004599810
0.004964590
0.004814863
0.004853725
0.004688263
0.004855394
0.005585909
0.005608559
0.004701853
0.004849672
0.004801035
0.004657507
0.004790545
0.004678965
0.004940748
0.004812479
0.005600452
0.004855394
0.004664898
0.004881859
0.004867315
0.005602121
0.005605698
0.004879951
0.004743814
0.005580664
0.005580664
0.004811049
0.004817963
0.004637480
0.004591942
0.004971981
0.005577087
0.004844427
0.004853725
0.005645514
0.004898548
0.004787683
0.005625010
0.005702257
0.004919052
0.004701138
0.004791498
0.004814863
0.004764318
0.005590677
0.004825354
0.004864454
0.004279375
0.004281521
0.004246473
0.004264116
0.004249334
0.004301786
0.004281521
0.004251719
0.004267693
0.004315615
0.004290104
0.004286528
0.004344702
0.004323006
0.004343748
0.004277706
0.004290104
0.004251957
0.004330873
0.004299402
0.004334211
0.004280090
0.004307747
0.004293680
0.004317522
0.004293919
0.004302979
0.004328012
0.004362345
0.004313707
0.004321575
0.004300833
0.004283667
0.004303455
0.004398584
0.004323006
0.004338503
0.004259825
0.004322767
0.004298687
0.004335165
0.004334450
0.004361868
0.004353762
0.004294157
0.004343748
0.004355431
0.004310846
0.004361868
0.004285336
0.004408121
0.004297495
0.004268646
0.004256010
0.004295588
0.004278421
0.004310846
0.004317284
0.004273176
0.004276276
0.004287004
0.004334927
0.004292488
0.004326820
0.004321575
0.004286766
0.004273176
0.004283428
0.004313946
0.004280567
0.004321575
0.004320145
0.004289150
0.004422188
0.004257441
0.004251242
0.004262924
0.004400253
0.004328489
0.004266500
0.004260778
0.004248142
0.004245520
0.004238129
0.004327297
0.004245043
0.004252672
0.004244566
0.004298687
0.004299402
0.004367113
0.004242182
0.004345894
0.004312515
0.004316807
0.004233360
0.004239559
0.004299879
0.004261255
0.004256964
0.004246950
0.004280329
0.004274845
0.004407167
0.004260778
0.004243612
0.004304171
0.004290104
0.004250765
0.004264593
0.004332066
0.004245996
0.004242659
0.004317760
0.004264116
0.004282236
0.004286766
0.004256248
0.004247427
0.004313231
0.004257917
0.004292965
0.004234076
0.004249811
0.004240990
0.004225969
0.004224539
0.004262924
0.004284620
0.004270077
0.004240513
0.004241943
0.004266739
0.004343510
0.004589319
0.004927635
0.004942417
0.004877567
0.004877090
0.004885197
0.004916430
0.004883528
0.004873991
0.004885912
0.004879236
0.004887819
0.004952908
0.004915237
0.004884720
0.004954576
0.004962921
0.004955292
0.004876375
0.004856586
0.004890203
0.004881859
0.004955530
0.004885197
0.004867554
0.004877329
0.004881859
0.004877329
0.004969597
0.004614592
0.004239798
0.004253149
0.004279852
0.004273653
0.004275799
0.004269361
0.004281759
0.004255295
0.004272699
0.004272461
0.004267216
0.004262209
0.004273415
0.004302263
0.004328489
0.004262686
0.004290104
0.004275084
0.004268885
0.004256487
0.004249811
0.004294634
0.004266977
0.004276752
0.004261255
0.004307508
0.004415512
0.004349470
0.004273653
0.004531384
0.004311323
0.004334211
0.004265547
0.004287004
0.004813194
