0.000276089
0.000252247
0.000256538
0.000252247
0.000261068
0.000251293
0.000258684
0.000265121
0.000263214
0.000257254
0.000252724
0.000256538
0.000253201
0.000252724
0.000261307
0.000256300
0.000257254
0.000258684
0.000262976
0.000254631
0.000334501
0.000324249
0.000318289
0.000316381
0.000331163
0.000313759
0.000315189
0.000321627
0.000323296
0.000315666
0.000287294
0.000321150
0.000319004
0.000319004
0.000307798
0.000321627
0.000212193
0.000315428
0.000318766
0.000322342
0.000137806
0.000331402
0.000322342
0.000317097
0.000317574
0.000246048
0.000161409
0.000234127
0.000237942
0.000230312
0.000248671
0.000236034
0.000238895
0.000231743
0.000232697
0.000241995
0.000163317
0.000229359
0.000238895
0.000237465
0.000174999
0.000240803
0.000233412
0.000232935
0.000319719
0.000315428
0.000151634
0.000319481
0.000321865
0.000324011
0.000330925
0.000318766
0.000325441
0.000321865
0.000318289
0.000258207
0.000155210
0.000260592
0.000261068
0.000256538
0.000260830
0.000257492
0.000260592
0.000253201
0.000255108
0.000258207
0.000147343
0.000252485
0.000257015
0.000257254
0.000138044
0.000254154
0.000255823
0.000246763
0.000247478
0.000268459
0.000205278
0.000259399
0.000263214
0.000255585
0.000274897
0.000257492
0.000257015
0.000258207
0.000258684
0.000255823
0.000184298
0.000239611
0.000235796
0.000239372
0.000231504
0.000235081
0.000236511
0.000237465
0.000244141
0.000233889
0.000237942
0.000238180
0.000242233
0.000234842
0.000176668
0.000239611
0.000238180
0.000236034
0.000233173
0.000236750
0.000236273
0.000231743
0.000239849
0.000238657
0.000234127
0.000240564
0.000240326
0.000234604
0.000240803
0.000236034
0.000234127
0.000236034
0.000237703
0.000234365
0.000154734
0.000237465
0.000232458
0.000246525
0.000260830
0.000260353
0.000234365
0.000240803
0.000198841
0.000234365
0.000169516
0.000235319
0.000236988
0.000234604
0.000313997
0.000327110
0.000325680
0.000323057
0.000326395
0.000327587
0.000323534
0.000321388
0.000323057
0.000317097
0.000330210
0.000320435
0.000316858
0.000316381
0.000314236
0.000331163
0.000208139
0.000194550
0.000202656
0.000191212
0.000199556
0.000193834
0.000198603
0.000191212
0.000196457
0.000195742
0.000226259
0.000178576
0.000252485
0.000236034
0.000226021
0.000204563
0.000239611
0.000227213
0.000223637
0.000269890
0.000149012
0.000321627
0.000250578
0.000323534
0.000319719
0.000319719
0.000319242
0.000321627
0.000317812
0.000326157
0.000324965
0.000179291
0.000221252
0.000198603
0.000219822
0.000243187
0.000321865
0.000202894
0.000182390
0.000326157
0.000271797
0.000257969
0.000265837
0.000266790
0.000250101
0.000257730
0.000265598
0.000260592
0.000262260
0.000257730
0.000266790
0.000262260
0.000262022
0.000261307
0.000255108
0.000265121
0.000257015
0.000261545
0.000260830
0.000259876
0.000261307
0.000268221
0.000261307
0.000256300
0.000261545
0.000262260
0.000256062
0.000257492
0.000259399
0.000260592
0.000140190
0.000262737
0.000261784
0.000253201
0.000258923
0.000257730
0.000262022
0.000258207
0.000261307
0.000257730
0.000260830
0.000260830
0.000271797
0.000253201
0.000266552
0.000262499
0.000262022
0.000258207
0.000261068
0.000262022
0.000259161
0.000266314
0.000270367
0.000261068
0.000257492
0.000262737
0.000262737
0.000257254
0.000259399
0.000259876
0.000266075
0.000259876
0.000264168
0.000261068
0.000256777
0.000265121
0.000263453
0.000254154
0.000262976
0.000254631
0.000252962
0.000258446
0.000265360
0.000258923
0.000265837
0.000252724
0.000264883
0.000257730
0.000256538
0.000260830
0.000144720
0.000264883
0.000258207
0.000257730
0.000254869
0.000259161
0.000257969
0.000258207
0.000260592
0.000237942
