0.000275373
0.000322819
0.000258684
0.000259399
0.000258207
0.000316143
0.000254869
0.000255823
0.000256538
0.000276804
0.000258207
0.000265837
0.000319004
0.000259399
0.000258446
0.000270844
0.000315666
0.000376701
0.000314474
0.000323296
0.000318527
0.000253677
0.000319004
0.000381708
0.000316143
0.000320196
0.000315428
0.000318289
0.000380754
0.000315666
0.000318766
0.000324249
0.000330687
0.000316381
0.000319004
0.000401974
0.000317574
0.000317335
0.000316143
0.000379324
0.000314236
0.000314951
0.000269890
0.000283718
0.000323534
0.000310659
0.000311852
0.000384331
0.000321150
0.000314474
0.000264645
0.000300169
0.000360489
0.000303268
0.000262260
0.000299454
0.000296593
0.000300169
0.000362158
0.000298023
0.000299931
0.000299692
0.000298738
0.000361919
0.000277281
0.000303745
0.000300169
0.000302792
0.000298262
0.000367880
0.000311852
0.000298738
0.000303984
0.000305414
0.000298500
0.000371456
0.000298977
0.000303507
0.000391960
0.000377655
0.000376225
0.000376940
0.000342607
0.000397682
0.000373363
0.000337362
0.000375748
0.000339985
0.000338316
0.000399113
0.000340939
0.000373840
0.000379801
0.000401020
0.000375748
0.000334263
0.000381470
0.000348091
0.000340223
0.000343561
0.000331879
0.000336409
0.000371456
0.000369072
0.000376463
0.000288486
0.000317097
0.000303030
0.000292540
0.000300884
0.000290394
0.000287771
0.000292540
0.000232697
0.000231981
0.000229120
0.000229597
0.000228405
0.000231266
0.000226736
0.000217915
0.000312328
0.000312328
0.000314236
0.000320435
0.000308752
0.000314951
0.000313520
0.000277281
0.000328779
0.000315189
0.000312328
0.000313282
0.000313759
0.000313044
0.000306845
0.000309467
0.000325441
0.000315189
0.000314951
0.000331163
0.000312328
0.000340700
0.000307560
0.000312567
0.000308990
0.000318766
0.000313282
0.000318289
0.000312805
0.000315189
0.000319481
0.000324726
0.000307083
0.000310659
0.000307560
0.000318527
0.000322342
0.000317574
0.000316143
0.000310659
0.000315666
0.000386000
0.000308752
0.000315905
0.000311852
0.000315905
0.000310898
0.000321627
0.000312328
0.000317812
0.000309706
0.000315189
0.000320673
0.000313044
0.000313520
0.000262737
0.000329971
0.000314713
0.000406504
0.000308275
0.000311136
0.000316620
0.000310898
0.000385761
0.000278473
0.000315189
0.000315428
0.000281572
0.000320673
0.000373125
0.000254631
0.000376940
0.000270128
0.000310659
0.000378370
0.000313997
0.000321388
0.000318050
0.000280380
0.000319719
0.000317097
0.000278473
0.000313044
0.000311852
0.000315428
0.000316143
0.000281811
0.000283718
0.000324965
0.000280619
0.000320196
0.000312567
0.000317812
0.000315905
0.000312567
0.000306368
0.000277996
0.000318289
0.000322104
0.000315666
0.000313997
0.000275612
0.000316381
0.000319958
0.000316381
0.000330210
0.000315666
0.000279427
0.000331163
0.000322342
0.000277042
0.000322580
0.000308990
0.000315666
0.000312567
0.000315905
0.000277042
0.000278234
0.000311375
0.000320435
0.000237942
0.000239611
0.000264883
0.000290632
0.000283718
0.000294685
0.000296593
0.000261068
0.000234127
0.000234604
0.000230551
0.000231028
0.000229836
0.000229836
0.000227451
0.000230074
0.000231266
0.000231504
0.000228167
0.000246048
0.000226498
0.000231028
0.000229120
0.000230074
0.000224590
0.000231743
0.000228405
0.000230551
0.000226736
0.000281096
0.000251770
0.000249624
0.000260115
0.000255823
0.000248909
0.000251055
0.000249624
0.000252485
0.000250340
0.000275850
0.000231266
0.000224829
0.000231981
0.000227690
0.000258923
0.000251532
0.000254393
0.000254869
0.000250578
0.000190020
0.000252247
0.000255346
0.000247240
0.000251770
0.000247240
0.000252485
0.000249147
0.000253201
0.000300169
