0.000751495
0.000848293
0.000708818
0.000701666
0.000799417
0.000828266
0.000741243
0.000791550
0.000720978
0.000504255
0.000821352
0.000752449
0.000700235
0.000793457
0.000799179
0.000733376
0.000729799
0.000834465
0.000800610
0.000557423
0.000709295
0.000711679
0.000701666
0.000830889
0.000724316
0.000844002
0.000826120
0.000734806
0.000817537
0.000555038
0.000731230
0.000803709
0.000669956
0.000841856
0.000800848
0.000735998
0.000705719
0.000700235
0.000823021
0.000513792
0.000722408
0.000794888
0.000798464
0.000799894
0.000709295
0.000697613
0.000727654
0.000691175
0.000727415
0.000581026
0.000773907
0.000697374
0.000428915
0.000776768
0.000722408
0.000770569
0.000799417
0.000787973
0.000524759
0.000788689
0.000817060
0.000771761
0.000687361
0.000678539
0.000617027
0.000794411
0.000858307
0.000684977
0.000796318
0.000676870
0.000711203
0.000761986
0.000822783
0.000772476
0.000710487
0.000683784
0.000800848
0.000672579
0.000706434
0.000782490
0.000718832
0.000771761
0.000800133
0.000681400
0.000706673
0.000776529
0.000492811
0.000789881
0.000778437
0.000691891
0.000786066
0.000679255
0.000689507
0.000809669
0.000734806
0.000680685
0.000804663
0.000765800
0.000693321
0.000681400
0.000712156
0.000667095
0.000674725
0.000664473
0.000637770
0.000680685
0.000663280
0.000664473
0.000692606
0.000663042
0.000677347
0.000668049
0.000677109
0.000695944
0.000689268
0.000663280
0.000677586
0.000663280
0.000664711
0.000655413
0.000682592
0.000657082
0.000596762
0.000673771
0.000696421
0.000682354
0.000676394
0.000667572
0.000664949
0.000661135
0.000657558
0.000637054
0.000663042
0.000685453
0.000665426
0.000679731
0.000664234
0.000679016
0.000658274
0.000668764
0.000678301
0.000685215
0.000698566
0.000693560
0.000688791
0.000681877
0.000666380
0.000686169
0.000655890
0.000671625
0.000674963
0.000689507
0.000673771
0.000689030
0.000679731
0.000763893
0.000710249
0.000719547
0.000643015
0.000726700
0.000693798
0.000675917
0.000712395
0.000678539
0.000680685
0.000672817
0.000716686
0.000673532
0.000765562
0.000705719
0.000716925
0.000722885
0.000683546
0.000713587
0.000688314
0.000685453
0.000720501
0.000657797
0.000672817
0.000712633
0.000681400
0.000685930
0.000681162
0.000674248
0.000683069
0.000675678
0.000735998
0.000741243
0.000695229
0.000672579
0.000616789
0.000719070
0.000694036
0.000718355
0.000679255
0.000727892
0.000720263
0.000670671
0.000718117
0.000674486
0.000719786
0.000723124
0.000688791
0.000674248
0.000709772
0.000708103
0.000688314
0.000664234
0.000664949
0.000689745
0.000672102
0.000604391
0.000679255
0.000674486
0.000682831
0.000489235
0.000638962
0.000645876
0.000682592
0.000618935
0.000681639
0.000700951
0.000663519
0.000676155
0.000679970
0.000694036
0.000688076
0.000610828
0.000619411
0.000679255
0.000643492
0.000607252
0.000684261
0.000682116
0.000613451
0.000629425
0.000620365
0.000640392
0.000678778
0.000698090
0.000669003
0.000685453
0.000690937
0.000696659
0.000869036
0.000633240
0.000634193
0.000626564
0.000630856
0.000686407
0.000629187
0.000622988
0.000625610
0.000635624
0.000647783
0.000637293
0.000618219
0.000648499
0.000625372
0.000638723
0.000622034
0.000648975
0.000680208
0.000673532
0.000624180
0.000656605
0.000642061
0.000649929
0.000629663
0.000638008
0.000628233
0.000675678
0.000626564
0.000675201
0.000615120
0.000692606
0.000640869
0.000651836
0.000645161
0.000621080
0.000640392
0.000637770
0.000618935
0.000680447
0.000675440
0.000635624
0.000622749
0.000644445
0.000679255
0.000643015
0.000680447
0.000679016
0.000650644
0.000622511
0.000647306
0.000697136
0.000641584
0.000657320
0.000647068
0.000641584
0.000639200
0.000648499
0.000681162
0.000641823
0.000640631
0.000666857
0.000617981
0.000621796
0.000685692
0.000673771
0.000653267
0.000620842
0.000648737
0.000623226
0.000632286
0.000699043
0.000634193
0.000656366
0.000616074
0.000636101
0.000633955
0.000633717
0.000642776
0.000637054
0.000633478
0.000658512
0.000648975
0.000646353
0.000633955
0.000677586
0.000636101
0.000648022
0.000644922
0.000620604
0.000642300
0.000654697
0.000674486
0.000635862
0.000656128
0.000617743
0.000643253
0.000646114
0.000726461
0.000639677
0.000620365
0.000631094
0.000622272
0.000614166
0.000614643
0.000619888
0.000614405
0.000615597
0.000634193
0.000615597
0.000631332
0.000627995
0.000636816
0.000633001
0.000609875
0.000493526
0.000645876
0.000633478
0.000640869
0.000615358
0.000630379
0.000626087
0.000630617
0.000608444
0.000610352
0.000605583
0.000624180
0.000615835
0.000642061
0.000621796
0.000622749
0.000625134
0.000635147
0.000613928
0.000613451
0.000609159
0.000616312
0.000638247
0.000633717
0.000618219
0.000621557
0.000635862
0.000675201
0.000647306
0.000629425
0.000642300
0.000658512
0.000641108
0.000637293
0.000676632
0.000646353
0.000648499
0.000640392
0.000649691
0.000642776
0.000650644
0.000651836
0.000645638
0.000625372
0.000638247
0.000634432
0.000701904
0.000621080
0.000646591
0.000641346
0.000669956
0.000619411
0.000639915
0.000643492
0.000643492
0.000625134
0.000655174
0.000643015
0.000676155
0.000667572
0.000672817
0.000645399
0.000638008
0.000634193
0.000626326
0.000605345
0.000659227
0.000627995
0.000645876
0.000644445
0.000645876
0.000626802
0.000685453
0.000630856
0.000616312
0.000627518
0.000698805
0.000657320
0.000640392
0.000627995
0.000674725
0.000643492
0.000637054
0.000639677
0.000680923
0.000646830
0.000674248
0.000627756
0.000647545
0.000659466
0.000655651
0.000640631
0.000637770
0.000634432
0.000681877
0.000678778
0.000672340
0.000642061
0.000647068
0.000640154
0.000640392
0.000646830
0.000677109
0.000627995
0.000678062
0.000682354
0.000661135
0.000628948
0.000644684
0.000640631
0.000676394
0.000631332
0.000677347
0.000679493
0.000700951
0.000679016
0.000682831
0.000606775
0.000680208
0.000681400
0.000688553
0.000634670
0.000643492
0.000650406
0.000662088
0.000658751
0.000682831
0.000674963
0.000461817
0.000679970
0.000616550
0.000680208
0.000671387
0.000638008
0.000674725
0.000671625
0.000690222
0.000683069
0.000674486
0.000645161
0.000672102
0.000680923
0.000617743
0.000653028
0.000674963
0.000679970
0.000696659
0.000680447
0.000676870
0.000679255
0.000612736
0.000614882
0.000652552
0.000681162
0.000683546
0.000680685
0.000698328
0.000678539
0.000649929
0.000679255
0.000674725
0.000679731
0.000693560
0.000678778
0.000670433
0.000674963
0.000683069
0.000671864
0.000671864
0.000673532
0.000673532
0.000679970
0.000684023
0.000688553
0.000653982
0.000677109
0.000696182
0.000677824
0.000615835
0.000678778
0.000678539
0.000616312
0.000677586
0.000648975
0.000678778
0.000838518
0.000665426
0.000653028
0.000689268
0.000667334
0.000670433
0.000676155
0.000658751
0.000662565
0.000664711
0.000680923
0.000669479
0.000664234
0.000636339
0.000675917
0.000655890
0.000657082
0.000665426
0.000671864
0.000660896
0.000633240
0.000670671
0.000647068
0.000691652
0.000671864
0.000663996
0.000643492
0.000661135
0.000656843
0.000662327
0.000669718
0.000674248
0.000676394
0.000660658
0.000659466
0.000659466
0.000666380
0.000653028
0.000668764
0.000664234
0.000663280
0.000687599
0.000669718
0.000635147
0.000691891
0.000679016
0.000697613
0.000663996
0.000685930
0.000658512
0.000654221
0.000693083
0.000671148
0.000668526
0.000612259
0.000706196
