0.000298262
0.000241756
0.000266790
0.000280142
0.000192642
0.000250816
0.000271559
0.000280142
0.000273228
0.000276327
0.000161171
0.000265360
0.000271797
0.000281334
0.000272751
0.000273705
0.000267506
0.000277996
0.000279903
0.000268459
0.000270844
0.000200510
0.000253916
0.000248432
0.000250578
0.000254154
0.000251532
0.000247717
0.000244379
0.000243902
0.000181675
0.000250101
0.000251770
0.000251055
0.000241756
0.000254393
0.000253677
0.000254869
0.000245571
0.000249386
0.000169992
0.000256777
0.000248194
0.000250101
0.000253439
0.000249624
0.000251770
0.000244141
0.000256538
0.000247240
0.000170946
0.000246525
0.000249386
0.000245094
0.000250101
0.000252247
0.000255823
0.000253201
0.000243425
0.000218868
0.000156164
0.000237942
0.000277042
0.000267267
0.000266790
0.000294924
0.000267744
0.000302553
0.000280619
0.000247002
0.000249863
0.000281096
0.000299931
0.000273943
0.000276566
0.000301123
0.000271797
0.000295162
0.000276089
0.000180960
0.000159264
0.000270367
0.000163078
0.000282049
0.000280619
0.000281334
0.000275612
0.000274420
0.000274181
0.000268221
0.000155210
0.000268459
0.000269413
0.000280380
0.000219345
0.000179052
0.000239134
0.000246763
0.000245571
0.000251770
0.000164986
0.000188828
0.000187635
0.000248909
0.000253439
0.000258207
0.000245571
0.000244141
0.000248671
0.000253916
0.000158548
0.000244141
0.000246525
0.000255108
0.000247717
0.000249386
0.000249863
0.000252724
0.000252485
0.000248909
0.000208139
0.000276804
0.000276566
0.000268459
0.000243187
0.000247717
0.000247240
0.000279188
0.000243664
0.000243187
0.000241280
0.000281811
0.000241995
0.000241756
0.000277996
0.000272751
0.000244379
0.000278473
0.000278711
0.000241041
0.000241041
0.000243902
0.000246525
0.000247240
0.000277758
0.000282764
0.000279427
0.000239372
0.000244617
0.000243902
0.000244141
0.000274181
0.000278711
0.000278234
0.000275135
0.000241280
0.000246763
0.000285387
0.000285149
0.000241280
0.000278711
0.000280857
0.000242472
0.000246286
0.000248432
0.000240803
0.000242949
0.000247002
0.000280619
0.000241280
0.000241041
0.000276804
0.000285625
0.000279188
0.000241041
0.000279188
0.000278473
0.000247002
0.000243902
0.000276327
0.000238419
0.000280380
0.000243664
0.000280619
0.000276089
0.000276327
0.000240326
0.000237226
0.000246763
0.000279903
0.000278234
0.000277281
0.000277996
0.000277758
0.000247478
0.000280380
0.000240326
0.000276804
0.000286341
0.000243902
0.000243425
0.000242472
0.000245333
0.000242233
0.000243664
0.000240564
0.000279188
0.000278711
0.000243902
0.000274420
0.000243664
0.000243425
0.000244141
0.000281334
0.000276327
0.000275135
0.000241756
0.000282288
0.000245810
0.000276327
0.000282764
0.000278234
0.000278234
0.000245810
0.000277758
0.000286579
0.000242710
0.000245094
0.000280380
0.000275373
0.000240803
0.000241756
0.000277996
0.000245571
0.000246763
0.000242949
0.000241756
0.000241995
0.000242949
0.000238895
0.000247478
0.000243187
0.000241280
0.000282526
0.000272989
0.000245094
0.000277758
0.000278711
0.000243187
0.000239611
0.000275373
0.000241756
0.000245810
0.000241756
0.000280619
0.000278711
0.000245571
0.000243187
0.000245333
0.000241280
0.000270844
0.000242472
0.000282764
0.000241280
0.000244856
0.000279427
0.000280142
0.000274658
0.000241518
0.000275612
0.000246763
0.000244379
0.000243664
0.000280857
0.000242233
0.000251293
0.000246048
0.000253916
0.000248909
0.000252247
0.000250578
0.000248909
0.000249386
0.000247240
0.000248909
0.000250340
0.000252008
0.000277758
0.000212669
0.000272274
0.000252247
0.000254869
0.000252962
0.000252008
0.000254154
0.000247955
0.000248432
0.000253201
0.000247717
0.000246525
0.000200987
0.000251293
0.000256300
0.000252247
0.000244617
0.000245571
0.000249863
0.000252008
0.000253439
0.000246286
0.000250578
0.000250816
0.000246763
0.000245810
0.000247717
0.000248432
0.000252008
0.000249863
0.000250101
0.000249147
0.000249624
0.000248909
0.000247955
0.000246525
0.000250816
0.000247955
0.000250578
0.000251293
0.000249624
0.000250578
0.000209332
0.000246048
0.000250816
0.000248671
0.000158787
0.000301361
0.000302792
0.000239611
0.000255823
0.000252724
0.000254631
0.000250340
0.000255346
0.000257254
0.000253439
0.000253916
0.000249147
0.000255108
0.000255823
0.000251055
0.000252485
0.000249863
0.000253677
0.000253916
0.000252724
0.000253677
0.000252247
0.000256062
0.000253916
0.000250340
0.000253201
0.000253201
0.000256538
0.000254631
0.000245333
0.000248671
0.000250578
0.000254154
0.000256777
0.000254869
0.000222683
0.000214100
0.000215292
0.000214100
0.000216722
0.000213146
0.000211954
0.000220299
0.000219107
0.000209093
0.000209570
0.000215054
0.000215292
0.000213861
0.000214338
0.000214338
0.000209093
0.000213623
0.000212193
0.000209093
0.000211477
0.000211000
0.000213861
0.000213623
0.000209332
0.000209570
0.000211239
0.000213861
0.000216484
0.000209332
0.000212431
0.000213385
0.000214338
0.000215054
0.000211716
0.000239849
0.000208855
0.000214100
0.000215530
0.000211000
0.000210762
0.000212193
0.000213623
0.000214100
0.000214338
0.000213861
0.000210524
0.000214338
0.000215292
0.000215769
0.000210285
0.000212908
0.000216007
0.000212669
0.000208616
0.000215054
0.000211954
0.000214100
0.000216246
0.000211239
0.000215292
0.000209808
0.000214100
0.000213146
0.000216484
0.000214100
0.000208616
0.000213861
0.000215292
0.000206947
0.000212193
0.000216484
0.000214815
0.000219345
0.000215530
0.000211239
0.000259638
0.000213861
0.000215530
0.000213385
0.000207901
0.000211477
0.000214577
0.000212908
0.000207901
0.000211000
0.000210285
0.000213861
0.000215292
0.000210762
0.000211239
0.000218630
0.000212431
0.000210762
0.000215292
0.000215769
0.000235319
0.000238895
0.000215054
0.000209570
0.000209808
0.000207424
0.000215054
0.000214815
0.000214815
0.000214815
0.000212193
0.000217676
0.000215769
0.000212193
0.000210047
0.000215292
0.000213623
0.000216484
0.000209093
0.000210524
0.000209332
0.000206470
0.000212431
0.000210762
0.000211477
0.000210285
0.000211954
0.000218868
0.000214100
0.000213385
0.000210524
0.000211716
0.000212431
0.000213385
0.000212669
0.000212669
0.000213146
0.000211716
0.000211716
0.000211000
0.000210047
0.000211477
0.000213146
0.000211000
0.000218630
0.000210285
0.000212908
0.000215530
0.000209570
0.000214338
0.000211477
0.000213861
0.000214338
0.000207186
0.000209332
0.000215292
0.000215292
0.000212193
0.000210762
0.000216722
0.000211477
0.000212669
0.000216484
0.000219107
0.000209808
0.000213146
0.000214100
0.000216007
0.000214100
0.000211239
0.000208616
0.000214338
0.000215530
0.000210285
0.000208855
0.000211000
0.000212431
0.000216246
0.000206232
0.000212669
0.000210285
0.000213385
0.000215292
0.000212669
0.000208378
0.000210285
0.000212431
0.000213385
0.000218630
0.000213385
0.000218391
0.000213385
0.000213146
0.000214100
0.000213146
0.000211954
0.000214338
0.000212193
0.000215054
0.000211954
0.000216246
0.000219107
0.000207901
0.000211239
0.000214577
0.000212669
0.000215054
0.000215292
0.000209808
0.000219822
0.000210762
0.000212669
0.000213146
0.000215054
0.000212193
0.000213861
0.000214577
0.000212908
0.000211477
0.000211954
0.000209093
0.000211239
0.000216007
0.000209332
0.000210285
0.000210524
0.000211716
0.000217676
0.000217676
0.000210524
0.000210047
0.000210524
0.000211954
0.000283003
