0.000539064
0.000507116
0.000412941
0.000417948
0.000413895
0.000505686
0.000357866
0.000421762
0.000421286
0.000503540
0.000415087
0.000415325
0.000418186
0.000504971
0.000423193
0.000419378
0.000538826
0.000513554
0.000355721
0.000424147
0.000500917
0.000425339
0.000420570
0.000419378
0.000422239
0.000531197
0.000419855
0.000427246
0.000421524
0.000507355
0.000428438
0.000417471
0.000508308
0.000420809
0.000438213
0.000434160
0.000421047
0.000417709
0.000512600
0.000416994
0.000509262
0.000419855
0.000423431
0.000424385
0.000521660
0.000415564
0.000413179
0.000517130
0.000262022
0.000416756
0.000421286
0.000497341
0.000415802
0.000420570
0.000460148
0.000441551
0.000499964
0.000421047
0.000256062
0.000416040
0.000502825
0.000418425
0.000419855
0.000504494
0.000534296
0.000419378
0.000413656
0.000503302
0.000258207
0.000415087
0.000499010
0.000416040
0.000420332
0.000419140
0.000434160
0.000421762
0.000500441
0.000415564
0.000298023
0.000434160
0.000349283
0.000420094
0.000424862
0.000429869
0.000519276
0.000424385
0.000418186
0.000522614
0.000367403
0.000361681
0.000362873
0.000358820
0.000449657
0.000362158
0.000367403
0.000357866
0.000366211
0.000441313
0.000276804
0.000356197
0.000443220
0.000351667
0.000356436
0.000433683
0.000350714
0.000354767
0.000352621
0.000432730
0.000303268
0.000349522
0.000368357
0.000352144
0.000340223
0.000355005
0.000358343
0.000460863
0.000435591
0.000352621
0.000269651
0.000351191
0.000353336
0.000357151
0.000354052
0.000359535
0.000359535
0.000363111
0.000361204
0.000352144
0.000264168
0.000341892
0.000342846
0.000354767
0.000355721
0.000353575
0.000358105
0.000361919
0.000341415
0.000357151
0.000356197
0.000435114
0.000432491
0.000352621
0.000359297
0.000365257
0.000352859
0.000374079
0.000427008
0.000357628
0.000251770
0.000397921
0.000352621
0.000441551
0.000457764
0.000493526
0.000495672
0.000456333
0.000490427
0.000383854
0.000351191
0.000417471
0.000413179
0.000411749
0.000411272
0.000421286
0.000406027
0.000409126
0.000417709
0.000414133
0.000316381
0.000424623
0.000413656
0.000411987
0.000414133
0.000419378
0.000403404
0.000409842
0.000413895
0.000419378
0.000408411
0.000509262
0.000415802
0.000407934
0.000411034
0.000289440
0.000413179
0.000410080
0.000413418
0.000420094
0.000406981
0.000411987
0.000420809
0.000418901
0.000416517
0.000410795
0.000420809
0.000411510
0.000406265
0.000408411
0.000349760
0.000411510
0.000517130
0.000413895
0.000415802
0.000411987
0.000411510
0.000413418
0.000426054
0.000413895
0.000416040
0.000409603
0.000426531
0.000405788
0.000415802
0.000406742
0.000405312
0.000425339
0.000411749
0.000414848
0.000410557
0.000413895
0.000377417
0.000412941
0.000414133
0.000412464
0.000409365
0.000368357
0.000422716
0.000424623
0.000421762
0.000425339
0.000396252
0.000425577
0.000420809
0.000426054
0.000419140
0.000427961
0.000423431
0.000444889
0.000422716
0.000435352
0.000402927
0.000430346
0.000438452
0.000443697
0.000424862
0.000435352
0.000431538
0.000435114
0.000416279
0.000435829
0.000417233
0.000451803
0.000441790
0.000434637
0.000420332
0.000431299
0.000423908
0.000440359
0.000425100
0.000431061
0.000415325
0.000441551
0.000424147
0.000442266
0.000421047
0.000427485
0.000426531
0.000439644
0.000424862
0.000438213
0.000423670
0.000437260
0.000427961
0.000440598
0.000426292
0.000436306
0.000418425
0.000436068
0.000419855
0.000433683
0.000432491
0.000436068
0.000421762
0.000440598
0.000427246
0.000438452
0.000425339
0.000430107
0.000422955
0.000432491
0.000410318
0.000439882
0.000456572
0.000466108
0.000449657
0.000412941
0.000411034
0.000415564
0.000412941
0.000421047
0.000361443
0.000353813
0.000354528
0.000361919
0.000353336
0.000349522
0.000357628
0.000355721
0.000353575
0.000353336
0.000354528
0.000354528
0.000357866
0.000354528
0.000353336
0.000356436
0.000345230
0.000352859
0.000351906
0.000353098
0.000350952
0.000357151
0.000353575
0.000354290
0.000358582
0.000355959
0.000354052
0.000354290
0.000350952
0.000354052
0.000365019
0.000356913
0.000353575
0.000354290
0.000352859
0.000358105
0.000353575
0.000358582
0.000353575
0.000353813
0.000356436
0.000359297
0.000358820
0.000353098
0.000350714
0.000355482
0.000351191
0.000358105
0.000353336
0.000359535
0.000352859
0.000357389
0.000358343
0.000359535
0.000349760
0.000355959
0.000354290
0.000356913
0.000354528
0.000357628
0.000353336
0.000356674
0.000353813
0.000356436
0.000349760
0.000355244
0.000359058
0.000357389
0.000351191
0.000355482
0.000355721
0.000358582
0.000350237
0.000356197
0.000349998
0.000355959
0.000353575
0.000354528
0.000349760
0.000350952
0.000351667
0.000348330
0.000352621
0.000353813
0.000353575
0.000349283
0.000326633
0.000350714
0.000348568
0.000351906
0.000354767
0.000353575
0.000357866
0.000352144
0.000352383
0.000355959
0.000383139
0.000341654
0.000340700
0.000343561
0.000338554
0.000345945
0.000343323
0.000338793
0.000338793
0.000284910
0.000347376
0.000342846
0.000337839
0.000343084
0.000337839
0.000346184
0.000343084
0.000345469
0.000361681
0.000370979
0.000356913
0.000373602
0.000356436
0.000373125
0.000359297
0.000373602
0.000359535
0.000375032
0.000361443
0.000359535
0.000359535
0.000374079
0.000360250
0.000375748
0.000357628
0.000376225
0.000373840
0.000374317
0.000362635
0.000373602
0.000365496
0.000362396
0.000262499
0.000377178
0.000360250
0.000375748
0.000372171
0.000376463
0.000364065
0.000372648
0.000360489
0.000379801
0.000260592
0.000372171
0.000358105
0.000376701
0.000375032
0.000379324
0.000362158
0.000370979
0.000362873
0.000376225
0.000261545
0.000374079
0.000364780
0.000374556
0.000363111
0.000378847
0.000358105
0.000352144
0.000356913
0.000379324
0.000262022
0.000395536
0.000379562
0.000406504
0.000385523
0.000374794
0.000365973
0.000374556
0.000367165
0.000378609
0.000261068
0.000369072
0.000360489
0.000375748
0.000362158
0.000375986
0.000358105
0.000371456
0.000365257
0.000371695
0.000359774
0.000368118
0.000363350
0.000366449
0.000372648
0.000367880
0.000361443
0.000362635
0.000363350
0.000360489
0.000356674
0.000361204
0.000292778
0.000373125
0.000373602
0.000361919
0.000349522
0.000356197
0.000358343
0.000369787
0.000263929
0.000380278
0.000351906
0.000375986
0.000358582
0.000375509
0.000354052
0.000361204
0.000374317
0.000362158
0.000263691
0.000363350
0.000371456
0.000369072
0.000371933
0.000369072
0.000362873
0.000358343
0.000369787
0.000374794
0.000263929
0.000364065
0.000373363
0.000363827
0.000353575
0.000362396
0.000360489
0.000362635
0.000359058
0.000360250
0.000299215
0.000363111
0.000360966
0.000366926
0.000339270
0.000346184
0.000338793
0.000340939
0.000339270
0.000347853
0.000270128
0.000344753
0.000340700
0.000341177
0.000338793
0.000343800
0.000337601
0.000338554
0.000342131
0.000342607
0.000336647
0.000344276
0.000341892
0.000344992
0.000339746
0.000345469
0.000349760
0.000356674
0.000350475
0.000353813
0.000273943
0.000353575
0.000350714
0.000353575
0.000351667
0.000357628
0.000373125
0.000357151
0.000354052
0.000354528
0.000267267
0.000349522
0.000350714
0.000352621
0.000408173
0.000353336
0.000365019
0.000352144
0.000350475
0.000369549
0.000284910
0.000355244
0.000353813
0.000355005
0.000350475
0.000356436
0.000366688
0.000351429
0.000354052
0.000354528
0.000283480
0.000382423
