0.000250816
0.000214100
0.000215769
0.000212193
0.000212908
0.000211716
0.000214577
0.000229359
0.000215530
0.000216722
0.000211239
0.000217676
0.000211239
0.000215530
0.000214815
0.000212908
0.000214338
0.000271797
0.000254154
0.000256300
0.000252247
0.000220060
0.000258446
0.000253677
0.000260830
0.000253439
0.000250340
0.000257254
0.000249624
0.000253201
0.000255823
0.000255108
0.000266075
0.000258923
0.000258207
0.000250101
0.000260115
0.000256062
0.000256538
0.000208378
0.000188828
0.000189304
0.000192881
0.000192881
0.000217676
0.000277281
0.000282764
0.000281572
0.000281334
0.000283718
0.000279903
0.000247240
0.000286818
0.000250578
0.000245333
0.000298738
0.000283718
0.000289679
0.000281096
0.000246525
0.000245810
0.000280142
0.000245094
0.000283718
0.000281811
0.000246763
0.000252724
0.000257492
0.000282764
0.000281096
0.000280619
0.000245094
0.000245571
0.000283480
0.000284910
0.000280857
0.000282288
0.000281096
0.000297546
0.000249386
0.000278950
0.000284672
0.000285387
0.000281572
0.000209570
0.000189066
0.000189543
0.000188589
0.000193357
0.000190258
0.000205278
0.000189304
0.000203371
0.000192404
0.000186920
0.000194550
0.000194550
0.000189304
0.000187635
0.000189543
0.000186205
0.000187159
0.000201941
0.000189066
0.000186920
0.000278473
0.000288725
0.000286579
0.000235081
0.000237942
0.000235558
0.000282288
0.000238180
0.000281096
0.000238895
0.000231028
0.000241756
0.000283003
0.000220776
0.000216484
0.000220537
0.000276089
0.000219345
0.000280619
0.000216961
0.000209808
0.000217438
0.000211477
0.000214815
0.000263214
0.000215292
0.000216961
0.000217438
0.000211239
0.000217676
0.000277519
0.000215769
0.000321150
0.000280142
0.000281572
0.000304937
0.000280619
0.000303030
0.000340700
0.000343323
0.000332117
0.000339270
0.000329733
0.000339270
0.000187635
0.000182867
0.000256300
0.000276804
0.000209332
0.000252247
0.000252247
0.000220299
0.000213385
0.000213861
0.000206709
0.000211716
0.000211716
0.000211239
0.000212193
0.000208139
0.000346422
0.000272989
0.000274897
0.000274181
0.000275135
0.000272751
0.000270367
0.000277519
0.000274897
0.000272512
0.000283718
0.000320435
0.000352859
0.000265598
0.000268936
0.000269413
0.000269890
0.000272036
0.000277519
0.000275612
0.000268459
0.000277996
0.000282288
0.000274897
0.000279903
0.000276089
0.000277042
0.000272036
0.000275373
0.000269890
0.000278473
0.000274181
0.000279903
0.000274897
0.000345707
0.000296593
0.000272512
0.000280619
0.000279903
0.000277758
0.000278473
0.000274181
0.000280380
0.000273466
0.000272036
0.000244856
0.000272274
0.000279665
0.000272989
0.000243664
0.000275135
0.000272751
0.000284672
0.000275850
0.000274897
0.000273228
0.000274897
0.000279665
0.000277281
0.000279903
0.000276566
0.000279188
0.000279188
0.000281572
0.000276804
0.000272036
0.000281572
0.000280619
0.000216961
0.000269175
0.000269651
0.000261307
0.000277042
0.000276804
0.000267744
0.000290394
0.000267029
0.000273466
0.000276804
0.000272751
0.000271797
0.000274897
0.000271320
0.000241518
0.000273228
0.000274897
0.000223398
0.000275373
0.000272274
0.000269413
0.000275612
0.000273228
0.000268698
0.000273705
0.000269890
0.000270844
0.000225067
0.000334024
0.000342131
0.000297785
0.000302076
0.000290871
0.000337601
0.000303745
0.000300407
0.000267029
0.000161886
0.000251770
0.000251532
0.000205994
0.000252962
0.000250816
0.000248909
0.000253439
0.000247478
0.000250578
0.000163317
0.000255346
0.000221252
0.000206232
0.000211954
0.000221252
0.000220537
0.000210047
0.000209332
0.000213623
0.000166178
0.000214815
0.000214577
0.000215292
0.000217915
0.000209570
0.000210524
0.000235081
0.000213385
0.000202656
0.000157833
0.000212669
0.000214577
0.000212193
0.000215530
0.000244856
0.000269175
0.000278711
0.000272512
0.000272274
0.000295639
0.000271320
0.000271082
0.000269651
0.000271320
0.000244141
0.000275612
0.000268936
0.000274181
0.000274897
0.000200987
0.000270367
0.000271082
0.000271320
0.000276566
0.000210524
0.000273943
0.000275135
0.000272512
0.000272274
0.000157356
0.000272512
0.000271559
0.000238180
0.000273943
0.000234365
0.000268936
0.000236511
0.000269890
0.000273228
0.000196457
0.000269890
0.000278234
0.000268221
0.000267982
0.000261784
0.000333071
0.000341654
0.000295401
0.000303507
0.000158310
0.000297308
0.000337124
0.000300407
0.000296354
0.000268698
0.000297308
0.000340223
0.000295639
0.000292540
0.000214338
0.000216007
0.000212669
0.000210285
0.000207186
0.000289679
0.000216961
0.000216961
0.000220537
0.000216722
0.000210524
0.000213146
0.000210524
0.000248671
0.000249863
0.000212193
0.000252008
0.000255585
0.000250101
0.000248909
0.000249147
0.000252008
0.000277281
0.000278950
0.000274897
0.000201702
0.000187874
0.000188828
0.000195503
0.000177145
0.000187397
0.000192404
0.000190735
0.000190020
0.000190973
0.000210524
0.000189066
0.000186682
0.000189066
0.000186920
0.000186205
0.000188589
0.000191927
0.000181437
0.000186443
0.000184298
0.000190496
0.000192165
0.000187874
0.000189781
0.000190258
0.000189543
0.000189781
0.000187874
0.000190973
0.000185013
0.000188828
0.000192165
0.000185966
0.000193834
0.000186920
0.000182390
0.000185966
0.000191450
0.000190735
0.000195980
0.000187874
0.000191927
0.000186920
0.000188112
0.000188828
0.000187397
0.000188112
0.000276804
0.000282526
0.000276089
0.000298977
0.000243902
0.000300407
0.000296116
0.000336409
0.000239134
0.000300646
0.000338554
0.000334740
0.000252247
0.000296354
0.000297308
0.000298023
0.000310659
0.000302792
0.000298738
0.000337601
0.000334263
0.000300169
0.000265121
0.000332832
0.000301123
0.000296354
0.000336409
0.000340462
0.000235081
0.000238657
0.000295877
0.000338078
0.000267982
0.000330210
0.000302792
0.000337124
0.000298023
0.000298977
0.000333071
0.000358582
0.000334978
0.000333786
0.000263691
0.000299931
0.000298977
0.000334740
0.000247240
0.000335455
0.000302553
0.000297070
0.000336409
0.000301123
0.000240564
0.000331879
0.000298500
0.000337601
0.000328541
0.000273943
0.000170708
0.000275135
0.000250816
0.000252008
0.000192881
0.000250578
0.000248432
0.000247717
0.000247002
0.000247240
0.000248909
0.000247717
0.000252485
0.000245571
0.000195503
0.000248909
0.000254631
0.000249147
0.000182629
0.000255108
0.000243425
0.000248432
0.000248671
0.000250340
0.000193357
0.000249386
0.000251532
0.000249147
0.000249624
0.000248909
0.000249386
0.000247478
0.000245333
0.000247478
0.000191212
0.000251532
0.000254393
0.000247002
0.000247240
0.000251770
0.000224113
0.000270367
0.000273228
0.000270367
0.000271082
0.000298023
0.000344515
0.000344515
0.000245333
0.000336170
0.000260592
0.000250340
0.000254631
0.000251055
0.000212431
0.000250101
0.000260592
0.000251055
0.000252962
0.000255823
0.000255108
0.000252247
0.000247002
0.000251770
0.000205517
0.000249147
0.000253439
0.000248432
0.000252008
0.000273228
0.000273466
0.000271797
0.000252485
0.000247717
0.000199318
0.000249147
0.000252962
0.000249147
0.000205994
0.000248909
0.000282526
0.000196218
0.000197172
0.000190735
0.000203848
0.000249624
0.000255108
0.000249624
0.000255585
0.000251055
0.000249863
0.000248671
0.000329733
0.000299931
0.000246048
0.000207663
0.000214338
0.000210285
0.000211477
0.000210285
0.000232458
0.000212431
0.000219107
0.000211477
0.000234842
0.000211954
0.000215530
0.000221491
