0.001276970
0.001120567
0.001083136
0.001022816
0.000959873
0.001051664
0.001032829
0.001031876
0.001112461
0.001028776
0.000979662
0.001054764
0.000983477
0.001063108
0.001071215
0.000978470
0.000996828
0.001184940
0.001065731
0.001202822
0.000969172
0.000939369
0.001050711
0.001136065
0.001037121
0.000957012
0.001173496
0.001155138
0.000984192
0.001105785
0.001022816
0.001112938
0.000949621
0.000968456
0.001001358
0.001142979
0.001210213
0.001045942
0.001210928
0.001162291
0.001070023
0.001248598
0.001026869
0.001086473
0.001224518
0.000979185
0.001020670
0.001017570
0.001224279
0.001089096
0.001098633
0.001100779
0.001161575
0.001181602
0.001225233
0.001140118
0.001240253
0.001072407
0.001051903
0.001043558
0.001096487
0.001044512
0.001215696
0.001098633
0.001119375
0.010719776
0.001109123
0.001234293
0.000991821
0.001132727
0.001157999
0.001231670
0.001214266
0.000957727
0.001284361
0.001199245
0.001267195
0.001152039
0.001106977
0.001113653
0.001065493
0.001193047
0.001141548
0.001146317
0.000938654
0.001053095
0.001072884
0.001017094
0.001046896
0.001242638
0.001252413
0.001175165
0.001073360
0.001121283
0.001153946
0.001204967
0.001073599
0.001003265
0.000949144
0.001140594
0.001021862
0.001152515
0.001189709
0.001174927
0.001139641
0.001195669
0.001180410
0.001196146
0.001027346
0.001017570
0.000989914
0.001125097
0.000961781
0.001030207
0.001014709
0.001014709
0.001086473
0.001028299
0.001013756
0.001022577
0.001044273
0.001020670
0.001040459
0.001080275
0.001149654
0.000916719
0.001045465
0.001015186
0.001021624
0.001000404
0.000974417
0.000978947
0.000951767
0.000980854
0.000951529
0.000977516
0.000977993
0.000984669
0.000977516
0.001165628
0.000966787
0.001085997
0.000997305
0.001362801
0.011356831
0.001394510
0.001573086
0.001342297
0.001345158
0.001208782
0.001153946
0.001106977
0.001144648
0.001135588
0.001093626
0.001112700
0.001066685
0.001114607
0.001135588
0.001165390
0.001120090
0.000995874
0.011355162
0.001097918
0.001122475
0.001131535
0.001135111
0.001126289
0.001122475
0.001128197
0.001116514
0.001149893
0.001144648
0.001139164
0.001144886
0.001135349
0.000964642
0.001164436
0.001130581
0.001145124
0.001118422
0.000970602
0.001144886
0.001108170
0.001122952
0.001115799
0.001137733
0.001132727
0.001130581
0.001121044
0.001159668
0.001148939
0.001171112
0.001075745
0.001055956
0.001013041
0.000998735
0.001025438
0.001156330
0.001101255
0.001085520
0.001100779
0.001132488
0.000958204
0.000982523
0.001081944
0.000958443
0.000953913
0.000951767
0.000937223
0.001023293
0.000970364
0.000959635
0.000978470
0.000957489
0.000995398
0.000949621
0.000939846
0.000988007
0.000946283
0.000976801
0.000989676
0.000986338
0.001011133
0.000927687
0.000963926
0.000993490
0.000976324
0.001070261
0.001145363
0.001009941
0.001257658
0.001193285
0.001131773
0.001033545
0.000950336
0.001018047
0.000997782
0.000947952
0.000989676
0.000989437
0.000984669
0.001002789
0.000957966
0.001007080
0.000972033
0.001028776
0.000956774
0.001010656
0.000995398
0.001007557
0.001025915
0.001036882
0.001126766
0.001190424
0.001157522
0.001158714
0.001157522
0.000991106
0.001190186
0.001124620
0.000993013
0.001009703
0.001119375
0.001150370
0.001001358
0.000969887
0.000938892
0.000963688
0.000982761
0.000969410
0.000954151
0.000942230
0.000968933
0.000956535
0.000962496
0.000956774
0.000971079
0.000971794
0.000984430
0.000964642
0.000964880
0.000987053
0.000993967
0.001133442
0.001021862
0.000962734
0.000987530
0.000963211
0.000952959
0.001111031
0.000909567
0.001124382
0.000998735
0.000960350
0.000969648
0.000991106
0.001003504
0.001028776
0.000978470
0.001085281
0.001116991
0.001178741
0.001025915
0.001087427
0.001178503
0.000976801
0.001108170
0.001098633
0.001096249
0.001107216
0.000989914
0.001008511
0.000934839
0.000956297
0.001126051
0.001048088
0.000967264
0.000944853
0.001040697
0.001202345
0.000953674
0.000936747
0.001128674
0.001031876
0.001129627
0.001123667
0.000971079
0.001007557
0.000967503
0.000932217
0.001091242
0.000993967
0.000969172
0.000993252
0.001079798
0.001089096
0.001070499
0.001095295
0.001091242
0.001100779
0.001125336
0.000977755
0.000972033
0.001015902
0.001128435
0.001130342
0.001130104
0.001156092
0.001152992
0.001133442
0.001133919
0.001140118
0.001094818
0.001147270
0.001110554
0.001142025
0.001163483
0.001155615
0.001194239
0.000952482
0.000951529
0.000971317
0.000956059
0.000959873
0.000936985
0.000963449
0.000936508
0.000955582
0.000927210
0.000953674
0.001043558
0.001125097
0.001104832
0.001089573
0.001075506
0.000999212
0.000991106
0.001191616
0.001014471
0.001055002
0.001164198
0.001155853
0.001205206
0.001027107
0.000949621
0.000982285
0.000981569
0.000988722
0.000990629
0.000979900
0.001218319
0.001193523
0.001181841
0.001184225
0.001128912
0.001169682
0.000984907
0.000973225
0.001173735
0.001072884
0.000979424
0.001182556
0.001081705
0.001054287
0.001136065
0.001149178
0.000995874
0.001223326
0.001181126
0.001116753
0.001224279
0.001186609
0.001220226
0.001159430
0.001161098
0.001123905
0.001155615
0.001145363
0.000989199
0.000960112
0.001154423
0.001007557
0.001106977
0.001129150
0.001092672
0.001085043
0.001061201
0.001041412
0.001152754
0.001034975
0.001023531
0.000988960
0.001117468
0.000978470
0.000962973
0.000953674
0.000957727
0.000964642
0.000966072
0.000962496
0.000916481
0.000952482
0.000939369
0.000959158
0.000957966
0.001093626
0.001025677
0.000955105
0.001039028
0.000946999
0.000980139
0.001010418
0.001069546
0.001059055
0.000983953
0.001106024
0.001127481
0.000952482
0.001110554
0.000961781
0.000925541
0.000967741
0.000971079
0.001117945
0.001122952
0.000936747
0.001018047
0.001020193
0.000989437
0.000996590
0.000993252
0.001138926
0.001143456
0.001138210
0.001104116
0.001131296
0.000992537
0.001005888
0.000977755
0.001008511
0.001015902
0.001152515
0.001118660
0.001127481
0.001064301
0.001117945
0.001072407
0.001079082
0.000972033
0.001015425
0.000957012
0.001032114
0.000954866
0.001003504
0.000960350
0.000933886
0.000993967
0.000968695
0.001006842
0.001006365
0.001008511
0.001017332
0.001032114
0.000975370
0.001025438
0.001016617
0.001016378
0.000956297
0.001011848
0.001000881
0.000957727
0.000977516
0.001086235
0.001157522
0.001123667
0.001111507
0.001101732
0.001027107
0.000986814
0.000967503
0.000969172
0.000991106
0.001021147
0.001157045
0.001126051
0.001116037
0.001157761
0.001097679
0.001066923
0.000993967
0.000995874
0.001143694
0.001167536
0.001021147
0.001031637
0.001120329
0.000993967
0.001144409
0.001171112
0.001152515
0.001114845
0.001013994
0.001038074
0.000980139
0.000989914
0.000972271
0.001121759
0.000988722
0.001179218
0.001119614
0.001111746
0.001156092
0.001093864
0.000987291
0.000982046
0.001014709
0.001034260
0.001143456
0.001023531
0.000989199
0.000924110
0.001356602
0.000983953
0.000953674
0.000972986
0.001129389
0.001112223
0.001104832
0.001116276
0.001014709
0.001054049
0.001101255
0.001098871
0.001177073
0.001039505
0.000932932
0.001081944
0.000976086
0.001083136
0.001109362
0.001010895
0.001012325
0.000971794
0.001134872
0.000962257
0.000969648
0.001137733
0.001103401
0.000954628
0.001116753
0.000959635
0.000969648
0.000941515
0.000955582
0.001127005
0.001107216
0.001148701
0.000947714
0.000912189
