0.000694275
0.000585318
0.000646591
0.000545979
0.000570297
0.000647545
0.000575781
0.000562668
0.000542164
0.000649691
0.000565052
0.000545740
0.000536442
0.000647306
0.000563383
0.000540972
0.000544310
0.000545025
0.000628710
0.000551462
0.000537157
0.000546217
0.000585556
0.000692129
0.000545979
0.000569820
0.000668287
0.000650406
0.000578165
0.000585556
0.000666857
0.000578880
0.000571012
0.000622988
0.000578880
0.000657320
0.000586271
0.000591516
0.000661373
0.000673532
0.000574589
0.000645638
0.000544786
0.000543594
0.000633240
0.000519514
0.000486135
0.000473738
0.000590801
0.000487804
0.000499249
0.000569344
0.000487328
0.000571728
0.000489473
0.000487566
0.000480175
0.000493765
0.000485897
0.000571966
0.000482082
0.000510216
0.000493765
0.000574112
0.000491142
0.000491142
0.000573158
0.000490904
0.000489712
0.000576258
0.000490189
0.000494242
0.000472069
0.000476837
0.000500202
0.000571966
0.000502110
0.000482321
0.000564814
0.000500917
0.000569105
0.000474691
0.000504732
0.000504255
0.000490189
0.000569820
0.000470400
0.000490904
0.000489950
0.000492334
0.000558376
0.000504255
0.000482321
0.000577688
0.000524282
0.000522614
0.000529051
0.000545025
0.000459671
0.000494480
0.000452280
0.000446558
0.000443935
0.000444651
0.000470638
0.000450850
0.000444174
0.000436544
0.000489235
0.000440836
0.000448227
0.000462770
0.000442505
0.000438452
0.000542164
0.000496387
0.000491858
0.000488520
0.000480890
0.000486374
0.000498533
0.000495195
0.000487804
0.000498295
0.000499964
0.000483990
0.000498295
0.000472784
0.000485182
0.000505686
0.000476599
0.000478983
0.000506639
0.000481129
0.000488997
0.000548840
0.000564337
0.000549793
0.000560522
0.000567436
0.000538111
0.000537872
0.000568867
0.000548124
0.000565529
0.000539541
0.000555754
0.000546932
0.000544310
0.000584602
0.000567198
0.000551939
0.000571966
0.000565529
0.000550508
0.000590563
0.000573874
0.000571728
0.000550747
0.000473261
0.000489950
0.000477791
0.000447750
0.000453472
0.000456572
0.000439644
0.000475407
0.000493288
0.000491142
0.000468969
0.000457764
0.001007080
0.000603437
0.000450373
0.000447989
0.000440836
0.000452042
0.000464678
0.000471354
0.000443459
0.000446796
0.000454903
0.000455618
0.000443935
0.000534058
0.000489950
0.000481844
0.000483513
0.000482798
0.000488758
0.000489950
0.000511408
0.000497818
0.000488281
0.000463009
0.000491619
0.000475645
0.000453234
0.000466585
0.000464439
0.000460148
0.000442982
0.000454903
0.000452995
0.000451565
0.000417709
0.000519514
0.000454426
0.000451803
0.000432730
0.000455856
0.000450850
0.000451326
0.000470400
0.000473022
0.000456333
0.000452280
0.000453711
0.000449181
0.000452995
0.000444174
0.000461578
0.000445843
0.000456810
0.000441790
0.000437260
0.000429392
0.000428915
0.000459909
0.000453949
0.000461817
0.000456810
0.000441790
0.000449419
0.000445127
0.000428677
0.000455856
0.000457764
0.000459671
0.000427961
0.000445366
0.000448227
0.000451088
0.000450134
0.000445366
0.000456095
0.000450134
0.000444889
0.000451326
0.000459909
0.000466347
0.000456810
0.000454426
0.000454187
0.000443220
0.000452757
0.000484228
0.000444174
0.000442028
0.000484467
0.000455141
0.000446320
0.000471592
0.000455856
0.000452518
0.000470638
0.000445127
0.000442982
0.000469923
0.000427008
0.000436783
0.000460386
0.000454426
0.000474453
0.000480413
0.000444412
0.000456572
0.000447273
0.000467300
0.000444174
0.000447989
0.000488758
0.000484228
0.000478745
0.000496626
0.000483274
0.000452042
0.000494003
0.000488281
0.000448704
0.000487804
0.000480652
0.000440598
0.000479460
0.000483036
0.000457764
0.000464201
0.000472307
0.000452518
0.000473261
0.000470638
0.000446320
0.000474453
0.000470638
0.000445843
0.000460386
0.000488281
0.000446796
0.000478506
0.000471115
0.000472069
0.000446320
0.000456095
0.000449181
0.000475883
0.000454903
0.000454664
0.000492811
0.000457048
0.000454187
0.000472307
0.000447512
0.000459194
0.000480890
0.000454426
0.000486374
0.000479460
0.000446558
0.000471354
0.000486374
0.000481844
0.000484228
0.000515461
0.000480413
0.000466347
0.000524998
0.000495195
0.000494242
0.000493765
0.000488997
0.000488758
0.000493526
0.000563860
0.000516176
0.000748158
0.000474691
0.000609636
0.000473499
0.000488281
0.000488043
0.000473976
0.000447035
0.000444174
0.000448227
0.000457287
0.000441551
0.000453949
0.000445366
0.000447273
0.000438213
0.000455141
0.000448942
0.000446558
0.000455856
0.000442505
0.000457287
0.000457764
0.000457048
0.000460148
0.000457525
0.000453234
0.000416994
0.000448704
0.000447512
0.000456810
0.000451326
0.000462294
0.000463009
0.000459433
0.000451088
0.000454187
0.000453472
0.000452280
0.000451803
0.000460863
0.000457525
0.000498056
0.000444412
0.000468493
0.000472069
0.000467300
0.000478029
0.000478745
0.000517607
0.000449896
0.000468254
0.000458479
0.000451088
0.000452042
0.000455856
0.000455618
0.000427723
0.000447989
0.000462532
0.000450373
0.000466585
0.000467777
0.000451803
0.000451803
0.000451326
0.000444651
0.000433922
0.000428915
0.000428915
0.000431061
0.000411749
0.000427008
0.000434875
0.000450373
0.000429869
0.000471115
0.000459909
0.000428677
0.000459194
0.000454426
0.000428915
0.000448942
0.000454664
0.000434399
0.000453711
0.000458002
0.000427961
0.000527859
0.000567675
0.000542164
0.000571489
0.000567913
0.000573635
0.000568628
0.000560045
0.000521183
0.000558138
0.000553608
0.000547171
0.000551701
0.000552416
0.000524759
0.000537872
0.000550032
0.000552893
0.000546217
0.000531197
0.000532866
0.000534773
0.000530481
0.000521421
0.000525475
0.000549793
0.000524759
0.000524521
0.000551462
0.000527143
0.000560284
0.000548124
0.000530958
0.000570297
0.000839949
0.000530720
0.000565767
0.000546932
0.000523567
0.000530005
0.000617027
0.000471115
0.000526428
0.000525713
0.000523329
0.000521183
0.000517607
0.000524044
0.000520468
0.000521421
0.000518799
0.000524759
0.000522375
0.000546217
0.000551939
0.000517845
0.000536442
0.000539780
0.000548363
0.000566959
0.000561714
0.000566006
0.000562668
0.000558615
0.000555754
0.000619173
0.000548601
0.000677109
0.000528097
0.000567913
0.000518560
0.000539541
0.000514269
0.000521898
0.000512838
0.000537157
0.000528574
0.000520229
0.000539064
0.000539780
0.000528097
0.000532150
0.000534058
0.000531912
0.000526667
0.000534773
0.000530481
0.000534534
0.000526905
0.000515223
0.000527859
0.000535250
0.000533342
0.000526667
0.000506639
0.000529289
0.000532866
0.000527859
0.000519753
0.000529528
0.000529528
0.000534058
0.000530958
0.000516415
0.000530243
0.000534534
0.000532627
0.000530720
0.000540972
0.000530720
0.000533342
0.000539541
0.000536442
0.000543833
0.000535727
0.000553846
0.000552177
0.000569105
0.000533104
0.000538349
0.000528574
0.000539064
0.000530720
0.000530720
0.000512362
0.000560045
0.000530005
0.000533581
0.000527859
0.000561714
0.000564337
0.000558615
0.000554323
0.000545979
0.000559807
0.000529766
0.000532866
0.000532150
0.000534773
0.000571966
0.000567913
0.000549316
0.000572205
0.000556469
0.000554085
0.000541210
0.000533342
0.000529289
0.000566721
0.000557423
0.000540018
0.000566721
0.000544786
0.000554562
0.000521421
0.000534773
0.000533342
0.000538349
0.000564575
0.000562429
0.000552893
0.000553131
0.000525236
0.000529528
0.000527620
0.000531673
0.000531197
0.000562429
