0.195425272
0.095474005
0.000182629
0.000213861
0.000209808
0.000208378
0.000211954
0.000205755
0.000212431
0.000210762
0.000410795
0.000205517
0.000474215
0.000294209
0.000276804
0.000527382
0.000292540
0.000277519
0.000221014
0.000527859
0.000233173
0.000213623
0.000211000
0.000210762
0.000248909
0.000540733
0.000244856
0.000213623
0.000219822
0.000221252
0.000214338
0.000231504
0.000242233
0.000226021
0.000209332
0.000239372
0.000219107
0.000226021
0.000205278
0.000212669
0.000216007
0.000215530
0.000217438
0.000247002
0.000241756
0.000238419
0.000215769
0.000215530
0.000218630
0.000191450
0.000222445
0.000215530
0.000222206
0.000243425
0.000241041
0.000221014
0.000216484
0.000216246
0.000221968
0.000217438
0.000221252
0.000201941
0.000196457
0.000200748
0.000190496
0.000196695
0.000196457
0.000192881
0.000195980
0.000192404
0.000195503
0.000195742
0.000199556
0.000194073
0.000198841
0.000199318
0.000201225
0.000201941
0.000200987
0.000172853
0.000203609
0.000204563
0.000224590
0.000219107
0.000216246
0.000218868
0.000197172
0.000204563
0.000211000
0.000212431
0.000200033
0.000201225
0.000203371
0.000202417
0.000153065
0.000184774
0.000193596
0.000198364
0.000217915
0.000215530
0.000221968
0.000212193
0.000211954
0.000213146
0.000210285
0.000215054
0.000214815
0.000211000
0.000221252
0.000175953
0.000215292
0.000203133
0.000212193
0.000213385
0.000211954
0.000215054
0.000200033
0.000215054
0.000211477
0.000211954
0.000211716
0.000210524
0.000209570
0.000212431
0.000157595
0.000208616
0.000211000
0.000210047
0.000168085
0.000207424
0.000208378
0.000210047
0.000209332
0.000214815
0.000208616
0.000211954
0.000209570
0.000207663
0.000225782
0.000193596
0.000210762
0.000213146
0.000209570
0.000209808
0.000207901
0.000234365
0.000232935
0.000211239
0.000220060
0.000214100
0.000212193
0.000215054
0.000209570
0.000216722
0.000157833
0.000213385
0.000211477
0.000211477
0.000188112
0.000216961
0.000241280
0.000237465
0.000241518
0.000215292
0.000209570
0.000211954
0.000213385
0.000214577
0.000218153
0.000184536
0.000249147
0.000250340
0.000221491
0.000217915
0.000223160
0.000218868
0.000221729
0.000221729
0.000217915
0.000245810
0.000245094
0.000219345
0.000229597
0.000269651
0.000245094
0.000221729
0.000216484
0.000213385
0.000193357
0.000214100
0.000212908
0.000207901
0.000206232
0.000215769
0.000439882
0.000435829
0.000397205
0.000400305
0.000203609
0.000457048
0.000226974
0.000260830
0.000232935
0.000235796
0.000243902
0.000233412
0.000249863
0.000237226
0.000240803
0.000238895
0.000235081
0.000234842
0.000236750
0.000221729
0.000192404
0.000205278
0.000214577
0.000214815
0.000195980
0.000211000
0.000215769
0.000216484
0.000214815
0.000215054
0.000216484
0.000213623
0.000215530
0.000214338
0.000213861
0.000189066
0.000214577
0.000208616
0.000214338
0.000212908
0.000218153
0.000215054
0.000198364
0.000217199
0.000212193
0.000212193
0.000224829
0.000214577
0.000216007
0.000213861
0.000185013
0.000211954
0.000218630
0.000214338
0.000194073
0.000212193
0.000215769
0.000221968
0.000216961
0.000213861
0.000232697
0.000215769
0.000213861
0.000218153
0.000214815
0.000191212
0.000212669
0.000215769
0.000214338
0.000216484
0.000245094
0.000241041
0.000213385
0.000217199
0.000212431
0.000217915
0.000214577
0.000213623
0.000212193
0.000255823
0.000214577
0.000240564
0.000214815
0.000217676
0.000194073
0.000212908
0.000216484
0.000217915
0.000215292
0.000242710
0.000244617
0.000214815
0.000216007
0.000215292
0.000221491
0.000192404
0.000215292
0.000216007
0.000218630
0.000217438
0.000224829
0.000217199
0.000243187
0.000243187
0.000214100
0.000232935
0.000222445
0.000216722
0.000219345
0.000217676
0.000169992
0.000240088
0.000283480
0.000225782
0.000183582
0.000217438
0.000221968
0.000220776
0.000223398
0.000221252
0.000226736
0.000220537
0.000220299
0.000221491
0.000220060
0.000186443
0.000225067
0.000228405
0.000225067
0.000223875
0.000227690
0.000225544
0.000233412
0.000270605
0.000264645
0.000248432
0.000212908
0.000213623
0.000229836
0.000224829
0.000187159
0.000211477
0.000225306
0.000224590
0.000195980
0.000238180
0.000225782
0.000225544
0.000226974
0.000225067
0.000223160
0.000234842
0.000231743
0.000238419
0.000245333
0.000210524
0.000222683
0.000224590
0.000225306
0.000233650
0.000231504
0.000233889
0.000215292
0.000225782
0.000226736
0.000224590
0.000218391
0.000226021
0.000246525
0.000220537
0.000191927
0.000220776
0.000219822
0.000224829
0.000200033
0.000218868
0.000223398
0.000218630
0.000236988
0.000220776
0.000230789
0.000236988
0.000222921
0.000218868
0.000219345
0.000191927
0.000230551
0.000246048
0.000244617
0.000220299
0.000216722
0.000223637
0.000218630
0.000220299
0.000219822
0.000218153
0.000257492
0.000248432
0.000222445
0.000225306
0.000192881
0.000224352
0.000225782
0.000225306
0.000204802
0.000255108
0.000244379
0.000248671
0.000225067
0.000218868
0.000222683
0.000237226
0.000223875
0.000219822
0.000223398
0.000215769
0.000252247
0.000224352
0.000226974
0.000225306
0.000218630
0.000227451
0.000221968
0.000222445
0.000233650
0.000225782
0.000223875
0.000223398
0.000225067
0.000235081
0.000223875
0.000226974
0.000221252
0.000223398
0.000221491
0.000215530
0.000222445
0.000225067
0.000220060
0.000221014
0.000221968
0.000252724
0.000231028
0.000228405
0.000236034
0.000196695
0.000230551
0.000233412
0.000247002
0.000231028
0.000252008
0.000243425
0.000237465
0.000248671
0.000227690
0.000226259
0.000209093
0.000227213
0.000247002
0.000223398
0.000181437
0.000216007
0.000225306
0.000219107
0.000191212
0.000225067
0.000223875
0.000220776
0.000226736
0.000222683
0.000223160
0.000219822
0.000222206
0.000226498
0.000225782
0.000192881
0.000225544
0.000224113
0.000216246
0.000215054
0.000218153
0.000213861
0.000200748
0.000217438
0.000212908
0.000214338
0.000210047
0.000209332
0.000211716
0.000217438
0.000160217
0.000209570
0.000245094
0.000213146
0.000164986
0.000211239
0.000211716
0.000214338
0.000213861
0.000213385
0.000241995
0.000248432
0.000214815
0.000211716
0.000219107
0.000171185
0.000217199
0.000212193
0.000213146
0.000232697
0.000231266
0.000235319
0.000214815
0.000219584
0.000216484
0.000212669
0.000239134
0.000241280
0.000213146
0.000211239
0.000151634
0.000211000
0.000214338
0.000212669
0.000165224
0.000214338
0.000214100
0.000212431
0.000211000
0.000216246
0.000219822
0.000237703
0.000244617
0.000220776
0.000219584
0.000180960
0.000216722
0.000212908
0.000213623
0.000209093
0.000241518
0.000234127
0.000219822
0.000213623
0.000208616
0.000216961
0.000217199
0.000216007
0.000222206
0.000235558
0.000174284
0.000220060
0.000217438
0.000232458
0.000212669
0.000227928
0.000226498
0.000224829
0.000326633
0.000226498
0.000227451
0.000215054
0.000221014
0.000214815
0.000231743
0.000192165
0.000218630
0.000211000
0.000217915
0.000215292
0.000214815
0.000207901
0.000182867
0.000209093
0.000203133
0.000205755
0.000193596
0.000206947
0.000209808
0.000208139
0.000174761
0.000200272
0.000210285
0.000213385
0.000175714
0.000204802
0.000209808
0.000205755
0.000209808
0.000208139
0.000217438
0.000207663
0.000209332
0.000213146
0.000211716
0.000168324
0.000209570
0.000201225
0.000209808
0.000206947
0.000212193
0.000207424
0.000193357
0.000205994
0.000209808
0.000209332
