0.000214577
0.000233889
0.000248671
0.000221014
0.000218391
0.000221968
0.000247240
0.000222683
0.000222445
0.000237942
0.000223160
0.000223398
0.000247717
0.000220060
0.000224113
0.000185013
0.000222921
0.000226498
0.000228882
0.000197887
0.000222683
0.000225544
0.000224113
0.000238657
0.000228167
0.000231028
0.000244141
0.000250816
0.000237942
0.000213861
0.000498533
0.000229359
0.000223637
0.000225306
0.000228643
0.000229597
0.000229359
0.000236750
0.000228167
0.000242233
0.000234127
0.000227213
0.000219584
0.000218153
0.000219584
0.000191927
0.000203609
0.000217915
0.000224352
0.000208139
0.000221252
0.000219822
0.000228882
0.000219584
0.000219584
0.000220299
0.000217915
0.000219584
0.000220299
0.000220776
0.000216722
0.000219345
0.000218868
0.000218153
0.000219107
0.000219107
0.000220776
0.000216961
0.000219584
0.000216961
0.000221491
0.000216961
0.000219345
0.000219345
0.000217438
0.000196695
0.000223875
0.000215769
0.000217438
0.000202656
0.000243187
0.000217199
0.000218391
0.000216722
0.000219107
0.000219107
0.000219584
0.000219584
0.000218153
0.000219822
0.000217915
0.000218153
0.000217915
0.000217438
0.000218391
0.000214338
0.000220060
0.000220299
0.000218391
0.000221729
0.000222921
0.000219345
0.000224113
0.000220537
0.000252008
0.000197411
0.000217915
0.000231981
0.000217676
0.000209808
0.000219345
0.000244856
0.000218153
0.000216722
0.000217915
0.000240088
0.000217199
0.000217199
0.000242949
0.000220299
0.000210762
0.000216961
0.000243902
0.000216722
0.000217438
0.000243425
0.000217199
0.000216722
0.000217676
0.000248671
0.000220776
0.000220060
0.000215530
0.000242472
0.000219584
0.000213146
0.000245333
0.000218868
0.000216246
0.000218630
0.000245571
0.000219107
0.000218630
0.000216007
0.000219822
0.000214815
0.000216484
0.000230074
0.000215769
0.000243902
0.000231028
0.000220776
0.000214338
0.000216722
0.000216246
0.000244141
0.000232220
0.000213385
0.000217199
0.000220537
0.000221252
0.000221729
0.000219822
0.000225306
0.000232697
0.000226498
0.000514746
0.000361443
0.000235796
0.000219107
0.000220776
0.000217915
0.000219107
0.000220299
0.000217915
0.000220537
0.000222683
0.000222921
0.000224829
0.000235081
0.000229120
0.000222445
0.000221491
0.000229836
0.000227451
0.000227213
0.000223875
0.000228882
0.000222206
0.000216007
0.000216961
0.000214338
0.000217915
0.000216484
0.000217676
0.000195980
0.000217676
0.000215769
0.000217438
0.000204325
0.000218630
0.000214338
0.000214338
0.000213623
0.000216961
0.000219822
0.000216722
0.000215769
0.000216007
0.000214338
0.000213385
0.000186205
0.000217676
0.000217676
0.000217199
0.000215292
0.000246763
0.000219107
0.000218153
0.000218391
0.000218391
0.000215530
0.000217676
0.000215530
0.000215292
0.000187874
0.000214815
0.000216722
0.000216484
0.000204086
0.000217676
0.000217199
0.000220060
0.000218153
0.000218868
0.000217199
0.000215769
0.000216722
0.000215054
0.000216484
0.000213623
0.000187635
0.000213385
0.000216722
0.000216007
0.000215292
0.000219345
0.000218630
0.000217199
0.000218153
0.000179768
0.000247002
0.000217676
0.000215292
0.000215292
0.000203609
0.000214577
0.000215292
0.000241041
0.000217199
0.000222683
0.000216961
0.000241280
0.000214815
0.000216484
0.000215054
0.000241756
0.000216961
0.000218391
0.000242949
0.000222683
0.000191689
0.000216246
0.000241756
0.000216484
0.000211954
0.000242949
0.000217676
0.000215769
0.000214100
0.000179529
0.000217438
0.000218630
0.000215292
0.000228882
0.000176668
0.000264168
0.000226736
0.000227690
0.000214100
0.000219822
0.000214100
0.000243187
0.000214577
0.000215530
0.000214577
0.000248432
0.000213623
0.000214577
0.000226498
0.000223160
0.000186682
0.000227690
0.000232935
0.000260592
0.000542164
0.000293970
0.000222206
0.000226498
0.000223398
0.000216961
0.000219107
0.000232935
0.000224352
0.000220537
0.000218868
0.000218868
0.000219584
0.000222921
0.000219822
0.000233889
0.000239372
0.000223160
0.000226498
0.000224590
0.000228643
0.000239372
0.000223875
0.000221968
0.000233412
0.000245571
0.000211477
0.000229120
0.000217199
0.000219107
0.000220299
0.000179768
0.000218630
0.000217438
0.000222206
0.000191689
0.000220060
0.000220776
0.000218153
0.000216484
0.000179291
0.000211000
0.000212193
0.000213385
0.000202894
0.000217199
0.000220537
0.000218391
0.000217199
0.000217915
0.000244379
0.000217915
0.000217199
0.000217676
0.000215530
0.000212669
0.000193357
0.000219345
0.000215530
0.000217676
0.000218391
0.000185490
0.000221491
0.000216961
0.000216722
0.000192642
0.000221729
0.000218153
0.000217438
0.000218153
0.000200033
0.000218630
0.000221968
0.000218630
0.000216246
0.000218153
0.000217915
0.000216484
0.000217915
0.000220060
0.000216961
0.000216484
0.000216007
0.000216722
0.000219107
0.000239372
0.000210285
0.000217915
0.000248194
0.000220537
0.000222683
0.000192881
0.000243664
0.000216961
0.000216722
0.000203371
0.000246286
0.000218153
0.000219107
0.000247002
0.000200510
0.000215054
0.000216961
0.000248194
0.000217438
0.000218153
0.000247002
0.000219107
0.000218153
0.000218630
0.000244379
0.000217199
0.000215054
0.000216722
0.000242710
0.000212908
0.000225544
0.000225782
0.000219345
0.000215769
0.000263214
0.000225067
0.000218153
0.000216961
0.000216961
0.000242710
0.000219345
0.000218153
0.000222445
0.000242472
0.000214100
0.000216722
0.000245333
0.000216484
0.000215530
0.000424147
0.000505209
0.000486374
0.000514984
0.000325441
0.000240803
0.000226498
0.000216246
0.000218630
0.000216007
0.000216961
0.000219345
0.000220299
0.000218153
0.000216722
0.000216961
0.000217199
0.000222206
0.000220537
0.000221252
0.000219345
0.000241280
0.000224590
0.000223637
0.000239372
0.000225544
0.000226259
0.000258446
0.000251770
0.000260353
0.000236988
0.000234127
0.000242233
0.000234365
0.000215530
0.000218391
0.000214100
0.000214815
0.000215292
0.000217676
0.000223637
0.000200510
0.000216961
0.000218391
0.000217199
0.000219584
0.000192165
0.000216007
0.000217915
0.000214577
0.000197172
0.000215769
0.000219584
0.000217438
0.000214577
0.000197411
0.000216722
0.000216007
0.000213623
0.000219822
0.000218153
0.000211477
0.000217199
0.000216961
0.000216246
0.000216722
0.000214338
0.000214577
0.000216961
0.000216007
0.000224352
0.000208378
0.000217199
0.000220060
0.000216484
0.000217438
0.000197172
0.000215292
0.000216246
0.000215769
0.000207663
0.000215292
0.000220776
0.000216246
0.000214338
0.000205755
0.000216961
0.000218153
0.000244856
0.000217199
0.000216722
0.000240803
0.000220776
0.000217438
0.000215292
0.000243425
0.000216961
0.000216007
0.000243425
0.000216484
0.000226736
0.000218868
0.000247478
0.000216484
0.000214577
0.000213861
0.000243187
0.000217199
0.000216961
0.000243425
0.000215530
0.000217438
0.000219822
0.000243425
0.000220060
0.000217199
0.000242233
0.000223637
0.000216246
0.000219107
0.000233412
0.000217199
0.000217438
0.000221491
0.000232935
0.000215054
0.000216961
0.000213146
0.000241280
0.000214577
0.000210047
0.000213146
0.000242472
0.000213146
0.000215530
0.000242949
0.000215054
0.000214338
0.000215530
0.000216961
0.000441551
0.000229836
0.000478983
0.000225306
0.000223398
0.000224352
0.000230074
0.000218391
0.000221252
0.000217676
0.000217438
0.000218391
0.000217438
0.000216722
0.000216484
0.000215054
0.000216484
0.000216722
0.000226736
0.000283241
