0.659922600
0.092737436
10.069341421
0.080496311
0.111708879
0.070418119
0.070772886
0.101446867
13.726511717
0.069224596
0.094939470
0.094707727
0.087639570
0.098977566
0.092149258
0.055987120
0.116600752
0.078396320
0.061326742
0.190723896
0.116839409
0.114546061
2.434973240
0.068225861
0.061924696
0.062532663
0.038094282
0.095640182
0.113313913
0.042597294
0.063339233
0.075475454
0.064413309
0.032178879
0.050531626
3.523010492
0.095611095
0.063988924
0.079118967
0.088794708
0.155193329
0.056384325
0.078594208
0.109906912
0.094249964
0.189242601
0.039530039
0.146453857
0.078755140
6.062617064
0.135009766
0.084983826
0.099101543
0.068597794
0.055413008
0.055084944
15.663053274
0.156959534
7.986851215
0.399101257
0.088643551
0.060674191
7.483017921
0.124235153
0.099922180
0.046750307
0.095442772
11.784588575
2.059309244
0.113261700
0.059430838
0.047248125
0.055908442
0.094331503
0.076278210
0.049187899
0.079670429
0.071916342
0.062589169
2.970344543
4.085734606
0.081531525
0.158583879
0.062267303
0.046560049
1.585100651
6.115240335
0.072485447
0.066961288
0.069435358
0.048228264
0.055554390
15.808494091
0.060595036
0.033156872
0.079062939
0.058669806
0.044055462
0.073985100
0.098032951
0.146830797
0.040407658
5.732924700
0.045824051
0.027251244
0.098188877
0.115950823
7.097816467
0.130735636
0.126977444
11.927524328
0.089849949
0.076767921
0.101601839
0.082337141
0.066560030
5.572240591
0.117819309
0.088555813
0.166085482
0.061019182
3.584823370
0.136953115
2.629950523
0.060650826
0.091384888
0.067777872
0.060208797
0.065390348
0.071578026
0.079467535
0.073345184
0.056330204
1.765481234
0.057165861
2.446412802
0.126262665
12.104610205
0.047507286
0.049032927
0.096919775
0.091871500
0.124155045
0.045422077
0.054583788
0.047801495
0.063745260
0.068691969
0.046311855
0.073151827
0.106463194
4.655356646
0.112497807
0.062374115
0.051525593
0.070288897
3.627319574
0.090095997
0.040123701
0.054073572
3.691416979
0.141024590
0.059197187
0.081574440
0.089775562
0.076199532
0.033060312
3.184094191
0.086659193
0.041013718
0.076720953
0.035516500
0.080415964
0.042123556
0.105216742
0.080133200
0.053164959
0.089929819
0.035561800
0.116883516
0.065258026
0.053220987
0.086030006
0.056839228
0.066110849
0.051997662
0.083957911
13.326178312
0.075984955
0.065924168
3.031640291
0.122216463
3.883718252
0.355749130
0.100824356
3.531374216
0.070085526
0.083250046
5.915652514
0.135209084
0.071535826
5.813817024
0.057569504
8.019101381
0.044414282
0.095319033
0.069692850
0.055279970
0.061573267
0.058793306
0.074404240
0.061735392
0.063158751
0.079865456
0.068144083
0.822157621
0.117183924
0.099216223
0.097309113
0.059416056
0.057714462
3.505374670
0.112370253
0.053262711
0.094112873
0.057872295
0.086315632
3.479476213
0.099740028
0.056688070
0.041897535
0.108182907
0.078668356
0.073232412
0.075509071
0.080592155
5.291960239
0.095121622
0.109112740
5.825426340
10.218678951
0.080636978
0.082050800
0.125643492
0.063930511
0.085961819
0.064897776
0.065260172
0.062071323
0.094529390
3.088869333
0.050274372
6.043513060
0.078305483
0.071230173
0.058790445
0.059931278
0.117169142
0.127942562
0.090391636
0.172368288
3.015816927
0.128137589
0.093973875
0.062436581
15.963967323
0.043466806
0.078739882
0.078715324
0.077088594
0.131638765
0.155070305
0.045253277
0.089529037
0.055762768
0.051445246
0.054518223
0.091513872
0.142195940
0.064342499
0.051623344
0.099855185
0.108574152
0.051783562
0.078471899
0.119019508
0.117470503
0.054464817
0.059657097
0.056101799
0.052009821
0.083580494
0.058611393
1.337747812
6.102693558
2.059259415
0.073864460
0.064147472
0.033463717
0.064686537
1.616370201
0.088025808
18.200908184
0.106200933
0.039145470
0.052618504
0.068776369
0.063355684
0.047221899
1.330761194
0.081885099
0.123398304
0.083094120
0.115970373
0.084528446
0.061537743
0.066495180
0.023741007
0.065695047
7.398599863
0.098223209
0.070345640
0.095657587
0.092981815
0.129215717
1.242229939
0.102451324
16.127361774
0.035479784
0.036150217
0.086018324
0.027911425
0.043836594
0.048677444
2.214353085
0.075706244
1.041154861
0.033675909
0.039482594
0.255763292
0.104290962
0.055865765
0.199929237
0.116766691
0.056905031
0.050785065
0.060775757
0.489214897
0.089816570
8.048368454
0.102113247
0.087967396
0.084402323
0.070208073
0.053681135
0.095278978
0.068900585
0.100892067
0.069495678
0.086359978
0.092121601
0.210609674
19.061589479
0.079590321
0.074014902
0.025291920
0.071643829
3.554405451
0.039551735
0.033887625
5.888823271
0.051945448
0.046123981
0.033274651
1.637995481
0.034696102
0.059950113
18.139462471
0.086111546
0.063051939
0.051010847
0.100022078
0.063692331
0.054504395
0.071724653
3.344515324
0.132930517
0.033774137
0.082502604
0.072443247
0.065366507
0.040862560
0.086853981
0.084540606
0.056038618
5.100617647
0.100772619
0.091425419
0.068461180
1.699922323
0.181121349
0.063705921
0.084944725
0.041927814
0.043991566
21.863606691
0.132627964
1.888694048
0.090714216
0.066036224
0.068341255
0.074128628
3.574974298
0.041108847
0.085449219
0.146340132
0.046226978
1.585810900
0.146633863
0.073501587
0.103024721
0.104493856
0.113358736
0.122030735
0.176263571
0.044419289
17.297591925
0.034357548
1.914250135
3.527604103
0.043333292
0.092893839
0.039421082
0.071567535
0.067545652
0.050427437
0.075570583
3.874841690
0.094709635
0.074923992
0.057531357
0.044175386
0.050044775
0.078356266
0.055728674
0.049850464
3.428301334
0.051760435
0.094446659
2.775706768
0.115922928
12.886975765
0.239320040
0.071195841
0.128528357
0.051720142
0.080230951
0.058277607
0.079643965
0.071509361
5.258149385
0.065496922
0.061501265
0.112681150
0.116667509
0.071670294
0.171826363
0.049041748
0.073783875
0.100361824
0.066128969
0.077470064
0.059154272
0.090743065
0.064154625
0.098759890
0.056699991
0.094648600
0.148188353
0.083544970
0.046897411
0.108613491
1.915455580
4.064963818
0.091185808
0.073841333
0.118161201
0.076273918
3.627090454
0.106340170
0.100542784
0.139795542
0.143146276
10.146043301
3.548881054
0.039582491
0.044358492
0.050357580
0.025870800
0.062671185
0.062498093
0.120392084
5.349994898
0.072460413
0.060992479
0.028155327
0.029931784
0.056029797
0.049084902
0.053033590
0.066070795
5.247054100
0.050297022
0.096884966
0.053856611
0.065715313
0.090982199
0.150642395
0.128891706
0.070105314
3.145198822
0.053925276
0.113419771
16.058784485
0.065901756
0.045687914
0.059568405
1.633921385
0.096694946
1.935220957
0.078740358
0.065410614
4.442373276
0.048189163
0.032680035
0.067135096
0.075138569
0.054438829
0.076083660
0.059472561
0.080036402
0.086782455
0.099675655
0.075116634
0.077153683
0.118542433
4.023385048
10.210503340
0.091251612
24.220398903
0.070262194
0.043415785
0.075451612
0.110705376
0.116516352
0.104672670
0.114726067
0.057242155
0.112788200
0.121710062
0.082826376
0.123358488
0.149919510
0.097539902
0.113934517
0.120561123
0.054799318
0.113172531
0.109236240
0.116066217
0.095362663
0.055359602
0.144805193
0.133347750
0.070712328
0.179304600
0.149166346
0.104219675
0.075563669
0.180749893
0.154371500
0.059483051
0.062098980
0.029360771
0.093208313
0.110508680
0.077019453
0.069110632
0.071905613
0.075085640
0.072345257
0.048808813
0.100484371
0.076580048
0.041546345
0.064259768
0.044892073
0.062613726
0.125628471
25.609019518
