0.042712212
0.314714432
0.098451614
0.009420156
0.110384703
0.011023998
0.016063213
0.013141632
0.017533779
0.011633873
0.007316828
0.011860609
0.010618210
0.009721279
0.004593611
0.007351875
0.010087967
0.009490967
0.008323908
0.006704569
0.011932135
0.007506132
0.010548830
0.008187056
0.007586718
0.005481243
0.013304710
0.004578590
0.005951643
0.003541708
0.009509325
0.012298584
0.009006262
0.011580467
0.009670258
0.012858868
0.005973339
0.007548094
0.003762484
0.008779287
0.009592772
0.006409645
0.008876562
0.005692005
0.006818533
0.006551743
0.006720543
0.008769989
0.011442661
0.006476879
0.011608362
0.013711929
0.012790442
0.009594917
0.007580757
0.003617764
0.004862070
0.004994392
0.013222456
0.010190725
0.004014015
0.010890245
0.003475428
0.003361940
0.005741835
0.009547472
0.005971670
0.011127710
0.002488375
0.010881662
0.011692286
0.011695147
0.007194042
0.003929377
0.006510258
0.010492563
0.018145084
0.007879257
0.009225845
0.009835958
0.007270098
0.005611897
0.009198189
0.005732059
0.006466389
0.007632494
0.008978605
0.011278629
0.003990650
0.005978584
0.009618998
0.013074398
0.014985085
0.009538174
0.013263464
0.006378174
0.005820751
0.020132303
0.005028725
0.009864807
0.012386560
0.004896641
0.009001493
0.010030746
0.008404732
0.007279873
0.009431839
0.015050173
0.008408070
0.006289244
0.005878925
0.059379339
0.012902975
0.013188601
0.014565945
0.011462450
0.002775908
0.067761660
0.011461020
0.012685537
0.004710436
0.005675793
0.003521919
0.004245996
0.090296030
0.006928921
0.013372898
0.003882885
0.093834639
0.011159897
0.005967379
0.014245510
0.010330677
0.016722679
0.006041050
0.004809380
0.013931751
0.012736082
0.008762598
0.017349482
0.004247904
0.003471851
0.031143665
0.015427828
0.019639730
0.010404348
0.007605791
0.010520935
0.012656689
0.009106636
0.010546446
0.012559175
0.012095213
0.008837938
0.008769751
0.012145996
0.014480829
0.008679390
0.010900736
0.013880253
0.006430626
0.011368513
0.012825489
0.015633345
0.018418789
0.007137060
0.018415451
0.012830973
0.023662090
0.005273581
0.011584759
0.013720036
0.011624575
0.002138138
0.102468491
0.016513586
0.014526844
0.012844324
0.007793665
0.010943174
0.009431362
0.010368586
0.010601044
0.012351990
0.009350538
0.016140938
0.018410683
0.007223845
0.003301382
0.007244110
0.005984783
0.009443283
0.009557724
0.007968903
0.009398460
0.009459496
0.008156538
0.012295246
0.012306929
0.015486002
0.008503675
0.013563633
0.005414486
0.011459827
0.008020163
0.003447533
0.009752512
0.011784554
0.002287865
0.004698038
0.005259752
0.012426615
0.004623890
0.009525776
0.010146618
0.011629820
0.009740829
0.006780863
0.008926868
0.006363630
0.015273333
0.006971836
0.010550499
0.013018608
0.006117105
0.014978409
0.007659912
0.006223917
0.008578539
0.007786036
0.003510475
0.037333488
0.011197329
0.006286383
0.006895542
0.014707327
0.008261442
0.008455276
0.005460978
0.019567013
0.009791613
0.009852171
0.010479689
0.013988733
0.011269808
0.013002157
0.010367870
0.017370701
0.009551287
0.013161421
0.010874271
0.008028746
0.006697178
0.009085178
0.011283159
0.005446196
0.007259369
0.009472847
0.004552841
0.008741617
0.011273384
0.004132509
0.010385513
0.007682800
0.005447388
0.007099867
0.011634588
0.009611368
0.005298853
0.010423899
0.004721880
0.010499239
0.003631353
0.009546995
0.002433300
0.003691912
0.009685993
0.008867979
0.004764557
0.003645897
0.002445459
0.009657621
0.004909515
0.006090879
0.010861158
0.005134344
0.004719019
0.004003048
0.012481451
0.004920483
0.009848118
0.010722876
0.009572744
0.007956028
0.007613659
0.007579327
0.003723145
0.009207010
0.006820679
0.013726473
0.011727095
0.007211447
0.018424034
0.015756130
0.020385265
0.010804892
0.013520718
0.010252476
0.011404037
0.009306908
0.003475904
0.005981922
0.009022713
0.006901503
0.013311386
0.009582758
0.022806168
0.013120651
0.002542496
0.010940075
0.004565954
0.007493734
0.008368015
0.015676737
0.007444382
0.060709715
0.012637377
0.014352798
0.013798475
0.005117655
0.006506920
0.012259245
0.007179737
0.009949923
0.006053925
0.015375853
0.008052111
0.015504122
0.012427568
0.013823032
0.016730547
0.007797956
0.006488085
0.013579845
0.009959221
0.015167475
0.007457972
0.005338669
0.014676332
0.005279303
0.009519815
0.008849382
0.005977869
0.006137133
0.005624056
0.009504318
0.006847858
0.004370928
0.008064985
0.007087469
0.003035307
0.007691383
0.003196239
0.004772186
0.005160093
0.010703564
0.002646923
0.004835129
0.011386156
0.007540703
0.004949570
0.008332491
0.005758524
0.007351160
0.007629395
0.010660410
0.010766983
0.009534121
0.004482508
0.009170055
0.011159420
0.010311127
0.005626202
0.003638506
0.002395630
0.097594500
0.003622055
0.102421999
0.005034924
0.010102749
0.006695747
0.007264614
0.115624905
0.009308338
0.007240772
0.008698940
0.004838228
0.009556532
0.006570339
0.010473251
0.004829168
0.008734465
0.006513596
0.008709192
0.007913351
0.008200407
0.003601074
0.006253004
0.010765553
0.006095886
0.005532503
0.010344982
0.003565311
0.019496679
0.005704403
0.003645658
0.009501696
0.006702900
0.002635479
0.002535105
0.009399414
0.006650209
0.007966757
0.004191399
0.008664131
0.003582716
0.005939007
0.006200075
0.003683090
0.008218765
0.014553070
0.009131193
0.005589247
0.008147717
0.008779764
0.003626823
0.009548187
0.011396170
0.008515596
0.007825375
0.010105848
0.007844687
0.010072947
0.007478714
0.009091377
0.014091730
0.010879040
0.008759260
0.003075838
0.008666039
0.010662317
0.014326811
0.013442039
0.008534908
0.014399052
0.017367601
0.013155460
0.013725042
0.012601137
0.015433311
0.010515213
0.007307053
0.017266989
0.012572050
0.009145737
0.006038427
0.009069204
0.009848118
0.012564898
0.011378765
0.008976698
0.011777401
0.007540703
0.013447046
0.016649246
0.015581369
0.009785891
0.012706518
0.008970499
0.009865999
0.011863947
0.013234377
0.007229805
0.013034105
0.004276514
0.006238222
0.008919001
0.010688305
0.007201672
0.004046917
0.003598690
0.005505800
0.053627491
0.006176949
0.007137775
0.009581804
0.007803440
0.008795261
0.007248878
0.009606361
0.008787394
0.011389017
0.011622906
0.012770653
0.009631634
0.009762287
0.010398149
0.011396885
0.003450632
0.092359781
0.011627674
0.008849144
0.007686377
0.009425402
0.003850222
0.005774975
0.007856131
0.009926319
0.003133535
0.009814024
0.004619122
0.003496885
0.007692575
0.006586790
0.002709866
0.023661852
0.003149748
0.008151770
0.005522728
0.010290384
0.011694193
0.011347532
0.007699013
0.008804321
0.009224415
0.048684359
0.007454634
0.012285709
0.008052349
0.003805637
0.005022287
0.009703875
0.009836912
0.008831978
0.008066654
0.010102749
0.007564068
0.010180473
0.011411905
0.010019064
0.010901213
0.010313749
0.002518892
0.006357908
0.009099960
0.005231380
0.010472298
0.012362719
0.005435467
0.011499405
0.012065172
0.007081509
0.009552717
0.013714314
0.013484001
0.009716749
0.011504412
0.004400492
0.002740383
0.030320644
0.005098343
0.011542559
0.005275965
0.005105019
0.012708426
0.004346132
0.010047436
0.007840633
0.007261276
0.011073828
0.011988878
0.011194944
0.010553360
0.005656481
0.007130146
0.003831863
0.013552904
0.015709877
0.002655506
0.010122299
0.003974676
0.005756617
0.009714603
0.010065317
0.002520323
0.008998156
0.004546642
0.005056858
0.095663548
0.010834694
