0.042773962
0.008743286
0.098596811
0.009765148
0.009021282
0.009036541
0.008950472
0.010898829
0.009076357
0.008351564
0.009144306
0.009056330
0.008965731
0.008873463
0.007278204
0.009033918
0.008919001
0.008881807
0.007850885
0.007825136
0.010141611
0.010149479
0.012321949
0.011914968
0.014761448
0.014902353
0.014327288
0.008072138
0.015644550
0.008472204
0.009465694
0.011696815
0.007439137
0.015206575
0.008232832
0.012928486
0.006688833
0.006852388
0.003334284
0.006072283
0.009287834
0.006263494
0.003886461
0.005425930
0.005636930
0.006874084
0.003157139
0.005524874
0.002746820
0.005861282
0.005079031
0.004882336
0.005773783
0.006512880
0.005466223
0.005633354
0.005671024
0.007048130
0.005454063
0.002655745
0.003634453
0.002707720
0.005587339
0.006804466
0.002323389
0.003093243
0.002904177
0.002956629
0.002794981
0.003228426
0.004033804
0.003342390
0.002995014
0.003168106
0.003227711
0.003936529
0.003021240
0.003482580
0.003126383
0.003125906
0.004383326
0.004463434
0.002988338
0.003087997
0.003008366
0.003191948
0.003134489
0.003214836
0.003246784
0.004360676
0.004844427
0.004538298
0.003232479
0.003103256
0.005282879
0.004477024
0.004451990
0.002969742
0.003096581
0.007616282
0.005528450
0.005149841
0.004902840
0.002936125
0.003238916
0.004709482
0.005012512
0.004932165
0.004902124
0.005141020
0.005143166
0.004619837
0.005438805
0.005658865
0.002940416
0.002861023
0.005603552
0.003565788
0.005645990
0.002976894
0.002767801
0.003227234
0.004368067
0.004815578
0.003751755
0.003024817
0.003021002
0.002852440
0.003426790
0.002810478
0.002978086
0.002930641
0.002457619
0.003221989
0.003113508
0.002847672
0.003127813
0.002814293
0.003106356
0.002840519
0.005439758
0.006084919
0.004132986
0.005996466
0.006319761
0.004040241
0.005911350
0.005756617
0.004990339
0.007335663
0.007251978
0.004911900
0.005449533
0.006962061
0.005057812
0.003238678
0.004741192
0.004977465
0.002750397
0.006661177
0.003150940
0.005374193
0.004712105
0.005614519
0.002794266
0.002908468
0.003002167
0.005326748
0.004205465
0.003187895
0.003089190
0.003783703
0.003079891
0.005855083
0.003203392
0.004031897
0.008719921
0.003086090
0.003122807
0.009043455
0.004662752
0.004019737
0.006693602
0.003878832
0.006745100
0.003923893
0.002695560
0.002935648
0.002940893
0.002864599
0.003119707
0.003107786
0.003711939
0.002969503
0.003221035
0.002921343
0.003072500
0.002997398
0.004302502
0.004243374
0.002836943
0.005637169
0.002960205
0.003802776
0.003158569
0.003208399
0.003262281
0.004361629
0.005707264
0.002547503
0.003162384
0.005731583
0.003095627
0.004053593
0.002849817
0.004368305
0.004353523
0.005772591
0.004955053
0.004371405
0.004339695
0.002790213
0.002674818
0.002871752
0.003003359
0.002844572
0.003005505
0.003510952
0.003200293
0.002892256
0.002886534
0.003033161
0.003000498
0.003516674
0.002899885
0.002954960
0.002830982
0.002765894
0.002696753
0.002948761
0.002642393
0.003254890
0.003284216
0.002764940
0.002735376
0.002537727
0.004239559
0.004719973
0.004281282
0.003293276
0.006273985
0.004765034
0.008896589
0.006322384
0.006363630
0.003077984
0.007134438
0.005218506
0.005592823
0.002685547
0.007122993
9.007006884
0.009723186
0.056059599
0.199470997
0.006974459
0.004102945
0.006470919
0.026730061
0.007373810
0.014673710
0.014583111
0.015051603
0.031257629
0.007882357
0.010813236
0.010271072
0.020421267
0.027327061
0.030001163
0.019520521
0.020327806
0.010840178
0.013693571
0.025762320
0.027587414
0.008231401
0.015262127
0.022512436
0.014252901
0.016684055
0.010432482
0.033193827
0.023747444
0.021192789
0.031238317
0.021561861
0.025472641
0.025169849
0.028251886
0.029056311
0.022996664
0.014623165
0.024396658
0.020944118
0.026333332
0.026528120
0.027427435
0.015305758
0.011690855
0.007604837
0.019186020
0.030178785
0.025294065
0.019319296
0.041905403
0.033034086
0.039852381
0.050860882
0.036296844
0.052140474
0.018413067
0.013545990
0.019979000
0.019193411
0.038438320
0.037622213
0.039669991
0.013579845
0.039404631
0.024172544
0.018023968
0.015602589
0.018340349
0.014950991
0.018697739
0.039061069
0.053365231
0.015569925
0.018121481
0.027522802
0.036839008
0.060634375
0.058085918
0.082173586
0.039399147
0.051084280
0.035074234
0.057991982
0.068349838
0.060809374
0.094052553
0.066735744
0.090895891
0.017166376
0.046144247
0.078914642
0.066911459
0.048532248
0.083958626
0.054811239
0.031673908
0.055961609
0.058632374
0.079571247
0.078565836
0.065517426
0.061652899
0.042397499
0.078961372
0.059325695
0.057026863
0.085902214
0.073533297
0.061630726
0.019104242
0.023955584
0.014940977
0.009822130
0.013603449
0.014113665
0.035913944
0.025047779
0.011068106
0.028266191
0.011953354
0.011958599
0.015949011
0.010687590
0.009721041
0.009364128
0.014088869
0.011776447
0.013867617
0.011853933
0.018190145
0.019211054
0.008690357
0.017874956
0.021570921
0.018984795
0.011029482
0.022177219
0.013075113
0.096837759
0.021976709
0.017654657
0.007769585
0.029923439
0.023822546
0.008546829
0.037577152
0.033697605
0.009586573
0.037368059
0.034023523
0.008070707
0.034130096
0.027204037
0.051303625
0.071325779
0.019765854
0.076415539
0.018421173
0.046635389
0.016815186
0.034832239
0.070594072
0.048411846
0.107882023
0.018487453
0.015525103
0.025456667
0.021963835
0.027859449
0.017451763
0.022092104
0.023476601
0.035126686
0.011893272
0.024346113
0.037664175
0.021614075
0.019414186
0.016414881
0.012424469
0.012415409
0.009891510
0.015002728
0.013131380
0.008556604
0.017398357
0.017308712
0.010510921
0.014117718
0.015704870
0.016398191
0.013138771
0.007861614
0.012628794
0.006722927
0.007909060
0.016366005
0.009933710
0.011593819
0.007970810
0.008276939
0.007668257
0.014945984
0.025099754
0.011964560
0.003937006
0.011879444
0.004077435
0.007089853
0.009940863
0.010858774
0.006055117
0.012408495
0.006049633
0.007076740
0.017906189
0.005445242
0.006654024
0.006149530
0.006121874
0.008242369
0.012056589
0.006263018
0.013345718
0.008316755
0.011526585
0.003966331
0.007120371
0.005806446
0.009133339
0.023668289
0.011142731
0.010346889
0.005505085
0.007075787
0.005965471
0.009568214
0.004822493
0.005271196
0.004899502
0.003951311
0.139659882
0.098808289
0.011007309
0.006934166
0.010574341
0.004864454
0.003752947
0.004991293
0.020710468
0.006573915
0.019315958
0.009327412
0.005188465
0.020012856
0.022205114
0.004948139
0.003945827
0.004965067
0.003592968
0.004893780
0.041042805
0.010331631
0.007907867
0.011054516
0.004844666
0.004786968
0.007582188
0.007345915
0.004547596
0.008472443
0.020677567
0.006508827
0.013761044
0.005992651
0.023775578
0.020424604
0.007487059
0.007237196
0.004619122
0.012885571
0.003656626
0.003941059
0.007430315
0.006584167
0.007895231
0.004914045
0.004412413
0.006482840
0.007740974
0.010139227
0.004942179
0.007808924
0.005065918
0.005468607
0.007868290
0.005379200
0.007589579
0.007502079
0.006674528
0.007950068
0.010740519
0.010123730
0.007710695
0.010162592
0.005141973
0.010568142
0.009673595
0.008817196
0.005466700
0.003475189
0.009003401
0.007651806
0.009396315
0.008843184
0.009858131
0.019304752
0.006445646
0.003941774
0.007957935
0.007063627
0.013132095
0.009178162
0.013912201
0.008049011
0.024866581
0.010026932
0.011270523
0.014742136
0.010943174
0.009067535
0.003327131
0.011549950
0.019517183
