0.009303570
0.006578445
0.010150909
0.093761206
0.009623528
0.015072346
0.013648748
0.007132053
0.011577606
0.005693913
0.020084858
0.015520811
0.031343460
0.013922691
0.014629364
0.023581505
0.010036230
0.018908739
0.011657953
0.023725510
0.017040968
0.011048079
0.024498940
0.022306204
0.011648417
0.012168646
0.020091534
0.013377190
0.007063389
0.007968664
0.014133930
0.030277491
0.025304079
0.015799284
0.013239384
0.015817881
0.007970810
0.011304855
0.008444548
0.018573999
0.019397497
0.013427734
0.015265703
0.010742188
0.023841381
0.004124641
0.009879589
0.007759571
0.017972708
0.017066002
0.009269476
0.010957003
0.010754824
0.013962030
0.017710209
0.007663727
0.005767107
0.015929699
0.007496357
0.006959200
0.006723881
0.014246702
0.009369612
0.012498617
0.019917727
0.015826702
0.012026548
0.007388592
0.014124155
0.012122154
0.021913528
0.016572714
0.011935234
0.016333580
0.010583162
0.012043476
0.005021095
0.297269344
0.206590176
0.203151464
0.014186621
0.018226385
0.162218571
0.013635874
0.020174742
0.011698723
0.024448156
0.018960476
0.014582396
0.012377262
0.008014679
0.009169102
0.004390001
0.012797356
0.017257690
0.009151459
0.015375853
0.007225037
0.017040968
0.019237757
0.020467043
0.016612291
0.016475201
0.019834042
0.011915207
0.010060310
0.004461050
0.009529829
0.010524750
0.012423515
0.004890203
0.008758068
0.007750988
0.007811546
0.006367922
0.012668371
0.006434679
0.012899637
0.012168407
0.007294178
0.007048845
0.007623911
0.011708736
0.016463995
0.008057117
0.012624264
0.009648800
0.009888887
0.010252953
0.012290716
0.013797522
0.012392044
0.011189461
0.011607170
0.010444164
0.012555599
0.017851114
0.004441977
0.016548634
0.023948193
0.009745598
0.020544767
0.016539812
0.014537811
0.013625145
0.012331724
0.022643566
0.008069038
0.010087490
0.018648863
0.013580799
0.017708778
0.020045757
0.014650583
0.019706011
0.008624315
0.008158684
0.023001671
0.009093046
0.016455412
0.019803286
0.008548737
0.010230780
0.019396305
0.014163017
0.007689476
0.011806011
0.016478062
0.011451006
0.016186237
0.011593342
0.008970976
0.015789032
0.015760422
0.011976719
0.024633884
0.013535023
0.014558315
0.024059296
0.008361340
0.009010553
0.016590118
0.012406826
0.016070843
0.005438089
0.010857344
0.013101816
0.013470888
0.030563116
0.013874292
0.015396357
0.017513275
0.014554739
0.020454168
0.020020008
0.014325142
0.015171289
0.017091751
0.039463758
0.009964228
0.017228127
0.020674467
0.007859468
0.014741182
0.022600412
0.013417006
0.028328896
0.008852243
0.011358261
0.007502317
0.008378744
0.014090300
0.015448809
0.008774281
0.020467043
0.009343386
0.018713951
0.018346548
0.013251066
0.012399197
0.014262438
0.014107227
0.021888256
0.012481213
0.011410713
0.006758690
0.013044119
0.013674021
0.012094498
0.012294769
0.014147758
0.009927988
0.009801149
0.009623528
0.005878448
0.007740736
0.007011414
0.009139061
0.007045507
0.006096363
0.011381865
0.009112358
0.009612799
0.025922775
0.012075186
0.008597612
0.016456366
0.005642414
0.010251760
0.007263660
0.012083769
0.017599344
0.013984919
0.004660368
0.112062931
0.008525372
0.008190393
0.019209385
0.007598877
0.013836384
0.012477636
0.015740871
0.007954121
0.008507490
0.007489204
0.007313728
0.008112192
0.014879227
0.008447647
0.007884502
0.008322477
0.003565550
0.008591652
0.011288404
0.008723259
0.010449171
0.009912968
0.014063358
0.014718056
0.007402182
0.009767294
0.005120516
0.008542299
0.007678986
0.006276608
0.011363983
0.022959709
0.010754108
0.007824659
0.023363829
0.011918783
0.012846231
0.027468920
0.015868187
0.053623915
0.028591871
0.069740057
0.039376259
0.024402618
0.042347431
0.053632975
0.009621620
0.042562008
0.028408766
0.011714935
0.072456360
0.038653851
0.022488117
0.014024734
0.036452532
0.011942625
0.061951637
0.055495501
0.045017481
0.017942429
0.057949781
0.066564083
0.038813353
0.051117897
0.039362431
0.017269135
0.031136751
0.023831844
0.030687809
0.018831491
0.017439127
0.062735796
0.006793261
0.054835796
0.016485929
0.059511185
0.010101318
0.012278557
0.066102743
0.021003962
0.008478403
0.014923334
0.041436911
0.037162066
0.022462606
0.024348497
0.046048641
0.006484509
0.028475523
0.007625341
0.022160053
0.038450003
0.058938980
0.030997038
0.016468048
0.020469189
0.018354654
0.021975756
0.035961151
0.040976048
0.027834654
0.061934233
0.086932421
0.007343292
0.036872387
0.015546799
0.013897181
0.068442822
0.042121649
0.057696342
0.052669525
0.044617653
0.085644245
0.010215044
0.023413658
0.021694183
0.006878376
0.028213978
0.014543772
0.009668827
0.025544167
0.017691374
0.032185555
0.013792753
0.018445969
0.030456305
0.021729231
0.025560379
0.029764891
0.021786928
0.018733025
0.012281895
0.005477667
0.007179976
0.008630514
0.007608891
0.006108999
0.005242348
0.005120516
0.004719496
0.004795313
0.004819393
0.004779339
0.004693031
0.004804373
0.004906178
0.004962683
0.005055904
0.004628420
0.004949331
0.006094933
0.006028414
0.006402969
0.006103039
0.006060123
0.006304741
0.006099463
0.006047249
0.006029606
0.006141663
0.006067991
0.006089211
0.005986691
0.006049871
0.007046461
0.005999804
0.005985737
0.006569862
0.006857634
0.004289150
0.006311178
0.004996061
0.005499601
0.005970716
0.004444122
0.005990982
0.004452467
0.005533695
0.005435467
0.004634857
0.005995035
0.005929947
0.004894733
0.005994797
0.004076004
0.005987883
0.006042719
0.006057262
0.005924702
0.005949736
0.004815340
0.006061316
0.006451607
0.004923344
0.006145239
0.005463600
0.005088568
0.004975796
0.004871845
0.004900932
0.004890442
0.004848957
0.004975557
0.004811049
0.004544497
0.004968405
0.004850149
0.004929304
0.004321098
0.004444122
0.006013632
0.005846024
0.004316330
0.006152153
0.004977465
0.004770279
0.004845381
0.005628824
0.004874945
0.004733801
0.004599094
0.004790783
0.005025864
0.004537582
0.004891634
0.004905939
0.005037308
0.004456520
0.005555868
0.004353046
0.006036520
0.004309416
0.004868031
0.004653692
0.003438711
0.004791021
0.004327297
0.004711390
0.004352331
0.006298542
0.006329536
0.006432772
0.004267216
0.004613876
0.005048275
0.004662991
0.004612684
0.004820108
0.004814148
0.004831553
0.004757881
0.004226446
0.005590916
0.005747795
0.004776001
0.004751921
0.004751921
0.004531145
0.004846573
0.005035162
0.005971432
0.006059647
0.004516363
0.006038904
0.006081343
0.005977869
0.005958796
0.005613327
0.005777836
0.004189730
0.006241798
0.005498171
0.005513906
0.005310774
0.005990744
0.006037474
0.005711555
0.006016254
0.004899740
0.004797459
0.004445553
0.005538464
0.005127668
0.006051540
0.004467010
0.005430222
0.005358934
0.005368948
0.005383730
0.004627466
0.004909039
0.005009651
0.005019903
0.005059481
0.005035877
0.005928755
0.005387783
0.004600048
0.004957438
0.004846334
0.004498005
0.004874945
0.004507780
0.005029202
0.004934311
0.004958391
0.004956007
0.004382133
0.004346609
0.004918098
0.004382849
0.004955053
0.005453348
0.004958630
0.005689144
0.004940033
0.005713463
0.005719185
0.005569696
0.004986286
0.005566835
0.004910231
0.005676746
0.004909515
0.004813433
0.005718708
0.004838228
0.005696774
0.004500866
0.004756689
0.005715609
0.004878759
0.004499197
0.004476786
0.004890203
0.004803896
0.004884481
0.004810333
0.005653858
0.005556345
0.004627705
0.004885912
0.005477190
0.005213022
0.004464149
