0.035387993
0.011633873
0.010992765
0.087765932
0.009093046
0.007628202
0.012429953
0.018107653
0.012238741
0.014516354
0.016153336
0.015962362
0.011003017
0.013024092
0.014014482
0.009920597
0.018455029
0.009334564
0.008688688
0.009800196
0.013572216
0.008952379
0.014362335
0.010014772
0.014205933
0.009313107
0.007336140
0.004711151
0.016101360
0.012664557
0.011537313
0.011026382
0.014980316
0.011122942
0.013228655
0.010426998
0.005181551
0.006797075
0.003662109
0.008126974
0.009082079
0.003699064
0.012198448
0.009257555
0.006033182
0.005530596
0.007258177
0.011765957
0.003539324
0.014168739
0.009220362
0.009796143
0.006644249
0.009202480
0.016694307
0.006547213
0.008703470
0.004572868
0.011428595
0.007854700
0.004363298
0.006600618
0.007893324
0.010958910
0.007114887
0.004360914
0.006896019
0.005342484
0.008264780
0.002753735
0.009367228
0.012624741
0.007450104
0.008584261
0.004269123
0.007881641
0.013318062
0.004989386
0.003120184
0.004944563
0.008208275
0.003346205
0.007157803
0.004599094
0.004574060
0.008811474
0.009184599
0.006017685
0.011086702
0.008325815
0.004009247
0.008328676
0.012009621
0.010018587
0.004218817
0.003129244
0.015078783
0.008878469
0.004806995
0.006276131
0.006470919
0.073256493
0.013207197
0.005683899
0.005625725
0.005967140
0.006122112
0.003760815
0.004956007
0.007684946
0.009010077
0.004794121
0.006467581
0.008174181
0.005601883
0.008831739
0.012800694
0.004537344
0.005574465
0.002985001
0.003231764
0.009265423
0.013653994
0.010328531
0.007008314
0.005393028
0.003015280
0.010486841
0.003014088
0.002276897
0.003959894
0.005355358
0.007012367
0.051075697
0.007233381
0.013447523
0.009678841
0.006140232
0.058662653
0.010540962
0.011845589
0.012530565
0.013382196
0.005873919
0.006132364
0.009297609
0.006089687
0.014683723
0.007023811
0.008975267
0.003112555
0.002442837
0.003099442
0.003645182
0.007461309
0.010756016
0.007103205
0.017858744
0.009202003
0.013240814
0.007121563
0.016884327
0.012622118
0.004626274
0.008233070
0.010033846
0.005563974
0.011657953
0.010107279
0.009464264
0.009236574
0.012772083
0.013496161
0.012397528
0.006615877
0.009616613
0.011678457
0.005242109
0.013307810
0.015430927
0.006346464
0.015338898
0.006455421
0.008280993
0.009166241
0.015872240
0.011123180
0.002762556
0.008802414
0.006453514
0.008970499
0.010138988
0.011119604
0.020683050
0.005586147
0.007217169
0.014572620
0.009602070
0.007085562
0.012927532
0.007156134
0.018137217
0.006781101
0.008388996
0.019258022
0.007130146
0.011167526
0.007124186
0.005072594
0.004677296
0.006980181
0.007527590
0.008436918
0.009213924
0.003120422
0.009229422
0.006114960
0.009380817
0.012903214
0.006276608
0.006932259
0.007187128
0.009721994
0.014197588
0.012978315
0.002574444
0.009908199
0.005100250
0.007479191
0.004656076
0.007827759
0.003239870
0.006369591
0.008406639
0.003156662
0.009861231
0.010197163
0.010104418
0.007077456
0.012202263
0.003003120
0.008570671
0.007093191
0.008376837
0.012809992
0.013187408
0.004818201
0.018224239
0.010588169
0.009365320
0.002223015
0.002806187
0.004294157
0.006625175
0.007418633
0.012692928
0.011956930
0.009436131
0.010331392
0.008722544
0.009256601
0.046776533
0.009718418
0.009365320
0.009670496
0.003095865
0.009988546
0.024914742
0.008885145
0.007029057
0.015244246
0.009102106
0.010564089
0.010938406
0.010367632
0.003644705
0.086838245
0.003652573
0.009812593
0.006953955
0.003439665
0.009847403
0.011119843
0.003381252
0.009926319
0.014899492
0.002746105
0.012095213
0.008763313
0.007693291
0.012189865
0.008019209
0.007904053
0.005916119
0.005874634
0.009387732
0.005825996
0.007692814
0.010250330
0.003120899
0.037741899
0.005878448
0.014901161
0.008316040
0.003107309
0.011102200
0.011126041
0.009229660
0.018049002
0.010759115
0.005459070
0.011107445
0.012262583
0.013912916
0.010046244
0.007041454
0.014090776
0.010764122
0.014488697
0.007127762
0.005465031
0.005933523
0.011001348
0.005751610
0.015114069
0.010974884
0.006781340
0.005038261
0.008859873
0.008643389
0.005849123
0.011209249
0.009938002
0.010905743
0.007325411
0.006634951
0.003708601
0.011036396
0.017570972
0.005592585
0.005333900
0.036234617
0.013187408
0.006485939
0.004786253
0.008448601
0.010947227
0.007049799
0.009888172
0.011163235
0.006992340
0.010190010
0.002985001
0.007843256
0.004161358
0.009138107
0.007236242
0.007308483
0.002833366
0.004321098
0.010796785
0.006759882
0.008769035
0.008457661
0.002281904
0.003922939
0.002493620
0.008758307
0.007039309
0.006326199
0.205687284
0.103262186
0.210574865
0.204236507
0.204254627
0.103074312
0.005173206
0.033678055
0.008734226
0.004917383
0.007987738
0.011672497
0.008663893
0.005671024
0.007322550
0.013091564
0.006801605
0.034264565
0.007295609
0.003737688
0.039639950
0.008030891
0.009242296
0.009528160
0.009313107
0.007138491
0.005414248
0.005569696
0.008261442
0.013578415
0.010135889
0.011776686
0.013967037
0.008235216
0.010409355
0.011842728
0.009271383
0.014387131
0.009168863
0.010437727
0.007072687
0.003862858
0.006459713
0.001858473
0.010194778
0.012234688
0.009367228
0.006906271
0.208347321
0.102657080
0.210421801
0.214078426
0.094560862
0.010411024
0.003672838
0.214994192
0.101882219
0.006977797
0.002566576
0.009017467
0.010014057
0.010960817
0.009211540
0.013329744
0.006653070
0.002364635
0.031072378
0.006236792
0.008752346
0.018075466
0.013050556
0.008896112
0.010203362
0.008920431
0.012793303
0.013220072
0.009171724
0.005624771
0.009358644
0.008762836
0.004318237
0.008734703
0.004110336
0.068017483
0.003738642
0.003236294
0.007404327
0.015526056
0.012549877
0.006001472
0.001515388
0.011523485
0.010642529
0.004163027
0.098538876
0.009841919
0.005154610
0.005015850
0.107071161
0.014821529
0.006789207
0.211035252
0.002556801
0.307475328
0.036295176
0.069494963
0.005771637
0.014298201
0.010581732
0.011739016
0.015332460
0.010975599
0.003231287
0.006199121
0.004742146
0.012176037
0.005315304
0.016068220
0.011388302
0.007301569
0.003654242
0.008761644
0.005137682
0.004167318
0.012873411
0.011645079
0.004786730
0.012106180
0.016107559
0.010526180
0.007284641
0.010441780
0.003311634
0.003308296
0.003238201
0.009568930
0.012972832
0.005291939
0.006495237
0.008944273
0.003640890
0.005847454
0.009016752
0.008627653
0.016670465
0.013341188
0.012829781
0.005669355
0.005689144
0.011924028
0.012321234
0.008742809
0.005458117
0.004442453
0.004171133
0.013849020
0.013498068
0.005090952
0.008759499
0.004453659
0.006631374
0.007035017
0.004860640
0.008442402
0.009347200
0.006631851
0.010468006
0.010969877
0.010121107
0.004937410
0.011677980
0.008930206
0.010682821
0.004179955
0.007269621
0.003700495
0.007085323
0.005478621
0.004588842
0.008848906
0.010257006
0.008608818
0.004501104
0.010550499
0.007086754
0.010215759
0.009631872
0.008731365
0.004286766
0.010991812
0.010746956
0.007098913
0.005076408
0.009323835
0.008950710
0.004896164
0.225677967
0.102549314
0.005943060
0.009171963
0.006235361
0.006030798
0.007308960
0.004923820
0.003122568
0.005679607
0.005043745
0.007314444
0.006584167
0.003392220
0.005731821
0.008184433
0.003329992
0.004303694
0.005001068
0.008826494
0.009565353
0.004139900
0.004664898
0.006379128
0.008666992
0.008281708
0.009566784
0.008018732
0.010540247
0.006877661
0.007356405
0.009444952
0.008183956
0.010388613
