3.040555954
0.079706192
2.916901350
0.007201195
0.018705130
0.019354343
0.032704115
0.093668461
0.011311054
0.008523226
0.092840433
0.010597706
0.045448303
0.044646502
0.015323400
0.029945850
0.034176588
0.017771721
0.022179127
0.042283535
0.026701212
0.037947655
0.111563444
0.018965483
0.116227150
0.050432682
0.051867247
0.029769659
0.093713760
0.076574802
0.055823803
0.042834044
0.056647062
0.028249264
0.014812946
0.037388325
0.031209707
0.009471655
0.030013800
0.022715807
2.179044247
0.058639526
0.073268175
0.042062283
0.056169033
0.010257721
0.024533987
0.037479639
0.016351223
0.019277334
0.014852524
0.037216663
0.085217714
0.065483570
0.009816170
0.014520168
0.042974710
0.057842016
0.028547287
0.013845682
0.019435167
0.018675089
0.028632402
0.023430586
0.021491766
0.038543224
0.015816689
0.010676861
0.009526968
0.021311760
0.010374308
0.018049240
0.017182350
0.023269653
0.023020983
0.018680573
0.023298979
0.026810884
0.017590284
0.023286581
0.023271561
0.016507864
0.028815031
0.014738083
0.016049147
0.020684004
0.020106077
0.011398077
0.025449991
0.026618481
0.027275801
0.015004396
0.041092634
0.029578924
0.017322302
0.033468008
0.033899784
0.024886131
0.035607100
0.030155659
0.012362242
0.018103838
0.039281845
0.017526150
0.038332224
0.010387659
0.041775465
0.014088392
0.029503822
0.015897036
0.030119658
0.009315014
0.052938700
0.027941942
0.048860788
0.023595095
0.013450623
0.017613649
0.027111769
0.010333300
0.009319544
0.012572765
0.009922981
0.018059969
0.009833574
0.022439003
0.010204315
0.015291691
0.011179447
0.011299372
0.013401508
0.017243147
0.011362076
0.028176069
0.013365507
0.011415005
0.018588066
0.027282953
0.011028528
0.019011974
0.017306805
0.009813547
0.016945362
0.010882139
0.027468443
0.016342402
0.016736507
0.016949892
0.014966011
0.018422127
0.018256426
0.015218496
0.012166500
0.013077259
0.030088186
0.011517286
0.013159513
0.010215759
0.030042171
0.023145199
0.012677670
0.007981062
0.015438557
0.020615101
0.035562277
0.007911444
0.014231682
0.010157347
0.030323505
0.024699926
0.018231869
0.012557745
0.030347586
0.038152695
0.024669170
0.015153408
0.009668827
0.009867191
0.011686802
0.042207241
0.012803793
0.008651495
0.015469551
0.026254416
0.007838249
0.009861469
0.015310287
0.009855986
0.013180494
0.016539812
0.024617672
0.014959335
0.026709795
0.033025265
0.013486862
0.020992279
0.017822027
0.017905474
0.015735626
0.014058352
0.035273552
0.016340256
0.013976574
0.023667574
0.029953480
0.079283714
0.046930790
0.020114660
0.082192898
0.014584064
0.222764492
0.041567802
0.069201469
0.065489769
0.047234297
0.033114433
0.033370972
0.034925938
0.034200907
0.015193224
2.953912497
0.067708015
2.764450073
0.042199135
2.830034494
0.015847445
0.046543360
0.008026838
0.016290426
2.767647505
0.011637449
0.087751865
2.495898485
0.022000313
2.844389439
0.013503790
0.021689415
2.933997154
0.043050528
2.744574070
0.014986753
0.061836243
0.013390779
0.011555910
0.020057201
0.012732267
0.037228346
0.008096218
0.016146183
0.066960096
1.852059126
0.010590076
0.062747002
0.022031069
5.635079622
2.974652529
0.031556606
0.054449320
2.699107647
0.013840675
0.054576874
0.018718719
0.079273462
0.013863325
0.043322086
0.017992020
0.028581858
0.007743597
0.011778593
0.015726089
0.013987780
0.011273861
0.015787125
0.014414310
0.019794941
0.011748791
0.035189390
0.016010761
0.039366722
0.011768818
0.013864279
0.021836042
0.029760361
0.040356398
0.017986536
0.015802622
0.018481970
0.009377003
0.011093140
0.011811018
0.009235859
0.017412663
0.010221720
0.013908386
0.007982969
0.009276390
0.020283461
0.010666132
0.012014151
0.011706591
0.015013218
0.032775164
0.015324831
0.022267580
0.012139559
0.033011913
0.017727375
0.023644686
0.031643867
0.017258167
0.043639183
0.012296438
0.018369198
0.025428295
0.025697231
0.024152517
0.012149096
0.015258551
0.014071465
0.033763409
0.047359467
0.037802219
0.041507721
0.025144577
0.015028954
0.013432026
0.012054682
0.013329744
0.035397530
0.045614481
1.886767626
0.030334234
2.841570854
0.011296272
0.011355400
0.011925697
0.052797318
0.007860661
0.100612402
0.017973185
0.049173832
0.044155598
2.255091190
0.019535542
0.010225296
2.550494671
0.014209032
0.077334881
2.686705589
0.014968395
0.071153641
0.103765965
0.043032646
0.014763355
0.057774067
0.040205717
0.031566620
0.083595514
0.012216091
0.011152744
0.013728857
0.017005682
0.022989273
0.019761562
0.012928247
0.010985613
0.013309717
0.008070946
0.016775131
0.012516737
0.008402109
0.012619972
0.041691303
0.015836954
0.029195786
0.011375427
0.014281034
0.010276556
0.007612228
0.017141819
2.853955269
0.010590315
0.017810106
2.761949301
0.009798765
0.034948111
0.104909897
0.021132231
0.015308619
0.056183100
0.048048973
0.036844730
0.055243969
0.054901600
0.065730333
0.019228458
0.030341148
0.039834738
0.053274870
0.046707153
0.040464878
0.051290512
0.025080442
0.032617331
0.039064884
0.016414404
0.017700195
0.022586823
0.014936447
0.205568314
0.019984722
0.089726210
0.014420748
0.018786192
0.033348322
0.020167828
0.056266546
0.060223818
0.011460781
0.019789457
0.027103662
0.009129524
0.015771627
0.249400139
1.577506781
0.013469696
0.046959639
2.695530653
0.031676531
0.039071560
0.043508053
0.036877871
0.030202627
2.394059420
0.014423847
0.052272081
0.019058704
2.650406599
3.252676249
0.033154488
2.589684248
0.010020018
0.010394812
0.020580769
2.707435131
0.057053804
0.035338402
2.666796207
0.015512466
0.024398804
0.039434195
0.035915852
0.055197716
0.014704943
0.019627333
0.093550682
0.059492588
0.043773651
0.008744001
0.011072874
0.024628401
0.045679331
0.023202419
0.043959856
0.028844833
0.018421888
0.015387297
0.034923553
0.009898186
0.013815403
0.030161858
0.009485960
0.035359859
0.464266539
0.010401487
0.011883736
0.183349133
0.013418913
0.011444330
0.026812792
2.273250341
0.014169693
0.031488895
0.011546850
2.598245859
0.014740229
3.245272636
0.203955889
0.012793541
0.031980991
0.008764744
0.215687275
0.036547899
0.243205547
0.051039457
0.010986805
0.025394201
0.039364815
0.027827024
0.011985302
0.026986837
0.009388924
0.246230125
0.034645557
0.017416954
0.387446642
0.026503801
0.027378559
0.036195993
0.082443476
0.025309563
0.025146723
0.053378582
0.034489632
0.013804197
0.028748989
0.017712116
0.060548067
0.056185961
0.010043621
0.018957615
0.008937597
0.038765669
0.046347618
0.054408073
0.048061609
0.016564369
0.042081833
0.026455641
0.044804573
0.089633942
0.013110876
0.024697542
0.041781187
0.011394501
0.066540003
0.014486551
0.015466452
0.017257452
0.036556721
0.017563820
0.010583878
0.037007093
0.012931824
0.025382519
0.032711983
0.049295187
0.041888475
0.014464855
0.057799339
0.010946989
0.024399042
0.012917995
0.014948368
0.014818668
0.011920691
0.932061911
0.016195297
0.063343763
2.686113119
0.014201880
0.018925667
2.747171879
3.239508152
0.007609367
2.670119047
0.010928154
0.043555975
2.719661474
0.042030334
0.037195683
0.211901903
0.104553938
0.021436930
2.359974146
0.021087408
0.058997631
0.014540434
0.016432524
0.028003693
0.015807152
0.016042948
0.106577635
0.018484354
0.012047291
0.034187078
0.014488935
0.144462824
0.013519287
0.033434629
0.040357828
0.015281200
0.014335632
0.021810055
0.019105673
0.016115189
0.013763189
0.031255245
0.017671108
0.015385151
