7.203137159
4.151620865
8.083602905
0.251948357
12.066411972
0.281254530
5.883028507
0.324406624
3.783124924
0.210367203
0.307200193
19.958738804
0.235603094
5.974924326
4.070560932
8.121267796
0.229990005
5.971757174
6.129197836
0.255833387
5.835815907
4.154654264
3.976992846
0.302519560
0.458291292
15.716627359
6.055804729
4.065248489
0.246848106
20.405463219
0.340175867
7.755571127
2.250587463
20.366569757
0.206256390
0.374567747
5.640756845
0.319718838
26.175838709
0.255613804
0.327840328
0.296826601
3.547356367
0.226667643
0.337482929
27.872938871
0.305204153
5.737583876
0.259045124
0.285928488
24.192195654
1.853429317
4.161915064
22.532464743
2.162700891
3.931298494
0.214597702
10.149503469
8.150304079
8.208332777
0.343166113
3.783550978
0.348647356
26.147946835
0.193823099
30.571249247
0.278283834
0.341727257
0.300122499
3.144160748
2.037169695
0.188900948
0.280032158
26.204899311
0.194583178
0.452238083
3.423060179
8.153914690
14.311531782
6.297822237
0.396292448
1.632740021
8.065014124
20.760655642
0.244510174
0.272990465
1.372203350
8.136499405
20.357709646
2.114068508
0.183682442
0.352229357
7.656601906
14.425288200
6.518204212
3.621333122
14.270190954
6.388232708
3.907033920
2.208496094
3.946889400
0.252957821
0.340590000
13.716741800
12.493789673
0.268664360
5.769542933
12.177625656
12.462338209
0.318139791
0.303769350
5.458304644
0.314984798
20.100513458
6.129598618
0.295374393
0.361701012
0.250586510
15.423579693
16.387461901
0.164830923
0.168363333
3.740826130
0.152962208
1.852526188
16.320003033
2.115835905
6.161190510
5.606355190
0.135572195
24.838155508
0.122433186
0.110132933
5.842776060
0.154853582
0.182912350
0.300487757
17.754652500
8.137892723
4.196578979
2.103172302
12.161200047
4.238480568
6.154065132
6.030957460
14.404881716
4.115697384
6.193460941
0.259509325
1.664862871
4.076962709
24.574681282
2.066935062
0.358540535
0.367591619
5.344699383
6.142137527
24.552158594
0.138077736
0.181218386
0.253295183
26.069370985
2.025141954
0.165992260
0.357153177
0.342832565
0.467399120
2.905568600
0.221549749
13.951889038
4.174017668
4.107847452
2.358570576
3.676245213
0.325760365
16.038897038
6.201461554
4.166454315
0.297749758
3.813835859
2.290520668
0.265375614
1.445019960
8.259040356
12.129614353
6.146116495
0.199157476
4.108281374
1.970484734
24.541798592
4.143919468
18.417240858
8.236384153
4.168477774
12.044493198
10.376471758
4.079436779
0.293059111
0.297038317
3.558894873
18.253090620
10.250657558
2.082306623
8.151964426
20.552962542
2.105312347
28.573023558
0.276156425
1.927961111
28.508842230
0.211924791
0.316459179
1.611987352
2.073282719
6.191086292
4.066262245
6.044023752
10.233954430
0.198639393
0.341272831
1.601634502
0.298735619
11.814230680
0.221912384
0.446780443
9.659860373
8.108000994
0.275531530
0.319769621
1.512880325
0.298067808
0.374726295
31.011603355
0.185069561
0.324026108
0.360047579
0.480796814
0.401350737
0.241015196
0.378873587
0.309197664
0.552370310
0.428799868
24.021079302
0.153134584
0.239947319
0.277719021
5.549947739
0.269473314
3.631206036
4.114512444
4.155090332
14.385919571
6.106947422
10.161565065
14.392825603
6.091202974
6.161490679
4.232531309
14.375609875
3.941359043
2.193132639
0.325467587
9.785116911
16.338674307
2.121983767
2.051089764
0.214662552
0.315523386
9.637792349
16.400326967
1.985759497
0.183139563
1.933244228
0.250427008
5.956401587
8.056039810
14.530737877
1.923276901
0.208803177
0.328423738
0.310693979
13.539461613
0.325401783
18.089495182
0.312908173
0.331261635
3.309302330
4.220241785
4.039492607
10.307470083
1.949878693
3.948130608
0.380218744
0.325974464
7.633102179
4.252034426
22.406891823
8.178708315
0.458558083
50.909588575
8.221159697
0.473628044
0.590650797
0.565529346
0.558493853
0.676418304
0.752860785
0.837246656
0.519349337
0.633450508
0.640513182
0.626876593
0.495741844
0.749361753
0.474247217
0.617210388
0.671274662
0.561678886
0.586703539
0.550145149
0.503066301
0.850636244
0.733884573
0.774441481
0.598018885
0.678072691
0.534961700
0.539806604
0.607477903
0.588388205
0.590345144
0.705199718
0.582485199
0.594027758
0.557365656
0.625989437
0.556572437
0.737236977
0.598909616
0.658562422
0.556382418
0.614321232
0.583345652
0.525420666
0.498809814
0.573384047
0.561760426
0.528716564
0.604111195
0.620416880
0.518602371
0.593549728
0.560046911
0.451671362
0.546814203
0.522945642
0.527581930
0.525359869
0.677092791
0.532862663
0.533392429
0.541074038
0.503436565
0.449244738
0.493151665
0.561736822
0.686449766
0.655854464
0.607724667
0.623240232
0.599060774
0.722730875
0.533615589
0.612559080
0.520654678
0.540994644
0.762925148
0.646055222
0.631812811
0.651533842
0.581159592
0.636308908
0.676424503
0.616690636
0.736253023
0.625773907
0.598448038
0.616486549
0.378971338
0.911461115
0.659069777
0.757753134
0.612658024
0.577798605
0.845369339
0.856073618
1.675667524
2.609053135
1.467761993
1.647180080
1.812126160
1.754319191
1.833270550
0.706901073
0.736594200
0.529426575
0.650034904
0.492854357
0.892199039
0.483949900
0.659659147
0.538857698
0.639877081
0.899390936
0.404975414
0.580030680
0.532624006
0.577582121
0.805892944
0.869414091
0.886398077
0.872579336
0.740611553
0.939438820
0.857242346
0.943950653
1.452077389
0.845696211
1.627274275
1.363987684
0.657114267
0.851958036
1.146547079
1.796783209
1.547269583
0.992265940
1.236637354
1.658596277
2.215870857
1.034762144
1.794066191
1.255704165
1.611225367
0.876430511
1.157427073
1.000610828
1.030084372
0.790363789
0.969793797
0.779195309
0.759654760
0.811446667
1.458972454
1.397510529
1.571949959
1.781467915
1.398823738
0.895088196
1.391204119
1.355245829
1.446159363
1.295986652
2.001773596
1.042817116
1.259272099
1.242172003
1.289942265
1.250742435
1.674279928
0.845697880
1.424860954
1.143217087
1.323389053
1.176753759
1.217809916
1.230217218
1.452854156
1.502566576
1.505025864
0.921884060
0.858483315
0.772674322
1.015902042
1.148587704
1.022826195
0.938970566
1.065701246
1.260037661
0.718451262
0.965504169
1.176351547
0.948016882
0.864921093
0.964503527
1.177879095
1.290744066
0.954491138
0.910672426
0.934560299
1.479651451
1.387377739
1.228102684
1.222869873
1.681432724
1.986642122
1.350503922
1.440937757
1.264949799
1.407035828
1.225527048
1.317794085
1.113437414
1.484278440
1.323515177
2.021321058
1.526377916
0.795600653
2.257166386
2.174945354
2.636331081
1.929893732
1.043175459
1.759085178
2.645871878
1.185694456
1.746786833
1.211242437
1.546557426
1.378797293
1.100167036
1.972295046
1.079502344
1.693214893
14.639742851
0.549697876
0.723016024
0.812095165
0.731054068
0.666856289
0.790148020
0.769185781
0.804857254
1.863045216
1.647216558
1.954669237
0.912224054
0.757809639
1.310430527
0.716860294
0.749073982
1.152432442
0.981459618
0.866465807
1.049293995
2.187411785
2.558211088
1.121301174
1.475735426
1.536352158
1.455768585
1.269357920
1.022500515
1.063636303
1.022334099
0.929970264
0.961733103
0.938394308
0.717469692
1.160296440
0.966594696
0.974365473
0.831413031
0.997983694
0.775183439
1.017112017
0.837020159
0.819552183
0.797307014
0.838697195
1.322969913
1.605142355
0.884284735
1.129032612
0.807268858
1.208663940
0.755781651
1.280809641
1.228870630
1.474027634
1.324596882
1.224401474
1.079578400
1.028216124
0.923566103
0.829405785
1.085009575
1.636761904
1.802957296
1.531699896
