0.105468750
0.004584312
0.004103661
0.155586243
0.008011103
0.014946699
0.046780825
0.019063234
0.010858297
0.014434576
0.013167858
0.010402441
0.013232708
0.008397102
0.006792307
0.012797117
0.011520624
0.009270430
0.015771151
0.003265858
0.008135796
0.011645079
0.011083126
0.019862652
0.012529373
0.013525009
0.009301662
0.009879112
0.015825510
0.011634827
0.008591890
0.016845226
0.005466461
0.007824183
0.012601852
0.015864134
0.011835337
0.006153107
0.017816782
0.006717920
0.009907246
0.010456800
0.013290167
0.015989065
0.008213758
0.011269331
0.003768682
0.003357172
0.008311272
0.013626337
0.008925915
0.004890680
0.011376858
0.013647795
0.006760359
0.010781050
0.010693550
0.006885052
0.004813910
0.009428740
0.010235071
0.006859541
0.048718691
0.007551670
0.010301828
0.011792421
0.009982347
0.001161814
0.071778536
0.002460241
0.002777100
0.071562767
0.015755653
0.010015011
0.007383347
0.023012161
0.021443605
0.012149096
0.020308971
0.013888121
0.017943382
0.006640196
0.014469624
0.014512777
0.021132469
0.008888960
0.010932446
0.010045290
0.003637552
0.011413574
0.012473822
0.009248018
0.008160353
0.012645721
0.011178255
0.001790285
0.032424927
0.009900331
0.010048866
0.009944439
0.013320446
0.014791489
0.022794008
0.017726660
0.011774778
0.006350517
0.011881113
0.017882347
0.006432295
0.003241539
0.004199028
0.071896553
0.008780003
0.020256519
0.009572506
0.014884949
0.010798216
0.013891935
0.017168522
0.015035152
0.018670321
0.012302637
0.015726566
0.011657953
0.009500504
0.011371136
0.007205248
0.016556978
0.012302160
0.005128145
0.002804279
0.009568930
0.008993149
0.009714603
0.014185905
0.010547161
0.006249905
0.003900051
0.005735874
0.002294779
0.010177374
0.010855913
0.009554386
0.010874510
0.006179333
0.009805441
0.010261774
0.005230904
0.012863398
0.010491371
0.012484074
0.011391640
0.011985302
0.005868435
0.007754087
0.010224819
0.008579969
0.005748272
0.013934374
0.017976284
0.004900217
0.008872032
0.005680323
0.004896879
0.009629011
0.004968643
0.007436037
0.007151127
0.011765003
0.004373074
0.005458832
0.002744198
0.008111477
0.003641367
0.006506205
0.009197712
0.008781910
0.013291836
0.006478071
0.004708052
0.003651142
0.009415150
0.014657259
0.002586842
0.008847952
0.011563778
0.002572060
0.018965721
0.003031731
0.008927822
0.004683971
0.007842302
0.003588915
0.003497124
0.003135920
0.009338140
0.024820089
0.004304886
0.009950638
0.071913958
0.023602247
0.005912542
0.002689600
0.006186008
0.006344795
0.008910179
0.013298273
0.011188745
0.295243502
0.211364269
0.098483801
0.008875132
0.006697178
0.007498264
0.003578424
0.017972469
0.013083220
0.008075476
0.007787943
0.009247303
0.007048130
0.002938986
0.034758091
0.004200459
0.004196644
0.005872965
0.010405302
0.007428885
0.002549171
0.004689217
0.004092693
0.004643440
0.004135132
0.003366232
0.005688190
0.003769636
0.004671812
0.009577990
0.006573439
0.005073071
0.007708549
0.006313086
0.004176855
0.007225037
0.003037453
0.005208492
0.004092693
0.098013401
0.004992962
0.005578995
0.005458117
0.009354115
0.011722565
0.004172087
0.004355907
0.004771233
0.003753424
0.008306980
0.023447037
0.017272711
0.008302689
0.006670952
0.006339312
0.004189968
0.007555008
0.010462523
0.003726244
0.008684874
0.008661509
0.007374763
0.006962061
0.008216381
0.003648996
0.007014275
0.014311790
0.013045311
0.015634060
0.008887291
0.006562233
0.013224602
0.004469156
0.078485966
0.043786526
0.012795687
0.009384632
0.005819321
0.003112793
0.007936001
0.015043736
0.007021427
0.001943588
0.012204170
0.004860878
0.003676653
0.011276245
0.009262085
0.009017467
0.005238295
0.012209415
0.007161379
0.011458874
0.003828526
0.003562450
0.008865833
0.005817890
0.010154486
0.005940199
0.021317244
0.006754875
0.007653236
0.003523588
0.006101370
0.009400606
0.008620739
0.009958267
0.006790400
0.005022526
0.006207943
0.004847050
0.002456665
0.070854902
0.002757788
0.007055759
0.006995440
0.004471779
0.006267548
0.008258581
0.008193016
0.010842085
0.007120371
0.005434752
0.004333019
0.009374619
0.007092714
0.004194498
0.005371809
0.103355885
0.010439396
0.004167795
0.003626823
0.004550219
0.004339218
0.004177570
0.003817320
0.004302979
0.001845598
0.008897781
0.004538774
0.005567312
0.008106709
0.005420446
0.003637791
0.004714251
0.006271601
0.005591393
0.009209156
0.003151655
0.006278992
0.003947735
0.003886700
0.006209612
0.004149437
0.010303020
0.014006138
0.002995968
0.003793240
0.007074118
0.002118826
0.004498482
0.004126787
0.005376577
0.009996891
0.002492189
0.003839016
0.004860401
0.003439426
0.009245396
0.004188299
0.004273176
0.006576777
0.007593632
0.003487110
0.002269030
0.004154205
0.003847361
0.011467457
0.003538609
0.006599665
0.004365444
0.006621122
0.003000975
0.003909111
0.007697582
0.006121874
0.003613710
0.007095814
0.008159399
0.008239269
0.006628513
0.009162188
0.004144430
0.053759098
0.008205414
0.006027937
0.009586811
0.003741503
0.008125544
0.003582716
0.004841328
0.007879734
0.011347532
0.008124113
0.010707140
0.009631157
0.008618593
0.004158735
0.008200407
0.008032322
0.005836487
0.003937244
0.007933617
0.008582830
0.002438068
0.004179955
0.011382818
0.005634546
0.008012295
0.012730360
0.007856607
0.008198500
0.008192539
0.011043549
0.006911755
0.014519453
0.010259867
0.007179976
0.010575533
0.010323524
0.004522562
0.008179903
0.008591890
0.003801107
0.008085728
0.005671024
0.015448809
0.008811474
0.009432077
0.002946138
0.069471359
0.007941961
0.011008501
0.010690689
0.011598349
0.007440805
0.006469011
0.007213116
0.006479025
0.008190632
0.010770321
0.005554676
0.008030176
0.008272171
0.001814604
0.004324198
0.008190870
0.009779692
0.007070780
0.008193016
0.015089750
0.015174866
0.013509750
0.005496979
0.005281448
0.007821798
0.008311510
0.004729748
0.010819912
0.011297703
0.008303165
0.006045818
0.011187553
0.010757208
0.007371902
0.004469395
0.008058071
0.006123066
0.007478952
0.013073683
0.007915735
0.007870197
0.004978895
0.006404638
0.006685734
0.008821249
0.006387234
0.008140802
0.004527330
0.006694794
0.007823706
0.007122517
0.004180670
0.004162550
0.006515741
0.008853674
0.004174948
0.012338161
0.012227297
0.002611160
0.007337093
0.003841877
0.004202604
0.004184246
0.013241768
0.004827261
0.003745794
0.003841162
0.005578756
0.007858992
0.002470970
0.007066250
0.002628088
0.034360170
0.003876448
0.004218578
0.006230116
0.002577066
0.009892941
0.004761934
0.005916357
0.012159824
0.013177872
0.004818916
0.003551245
0.004183292
0.014336586
0.002340555
0.002123594
0.003851891
0.004531622
0.006515265
0.003876925
0.007496834
0.007254124
0.002794266
0.003275394
0.005367756
0.010134935
0.005615473
0.003610611
0.005266190
0.003628254
0.005141258
0.009825468
0.004221439
0.002758026
0.010429144
0.007799387
0.006317139
0.006269932
0.003499985
0.027037859
0.006302357
0.002669811
0.004439831
0.002783775
0.004193068
0.006182194
0.006135941
0.007102013
0.009320021
0.004150867
0.016307831
0.003714800
0.003662109
0.008421421
0.006501198
0.006946325
0.006392479
0.005322933
0.003243208
0.076488018
0.003754377
0.005434036
0.004211187
0.005796194
0.008355379
0.003925323
0.004367352
0.007618427
0.004271746
0.009246588
0.002610207
0.006800413
0.005353928
0.004964352
0.114546299
0.009865284
0.003376245
0.007261038
0.008222818
