0.004083872
0.003709078
0.005825520
0.004076719
0.005336285
0.005434752
0.003557444
0.003753662
0.006181955
0.008111715
0.005275011
0.005752563
0.003750324
0.005328894
0.005554438
0.008403301
0.005434752
0.004398823
0.005468607
0.007025957
0.005395889
0.005362272
0.007506847
0.004218340
0.004484177
0.010255814
0.007713318
0.007177114
0.011808872
0.011861086
0.007021189
0.007089138
0.010897398
0.008311749
0.008207798
0.004191399
0.009727955
0.008221388
0.008218527
0.009634733
0.009651184
0.006735563
0.003019333
0.002241373
0.004349709
0.008007765
0.004439831
0.008186340
0.015098333
0.010833740
0.004021645
0.005746841
0.007533789
0.010172844
0.003970861
0.008039236
0.008036852
0.007173538
0.009103775
0.007969856
0.008221865
0.004930496
0.006583691
0.008366346
0.009706497
0.007641315
0.008033514
0.057245255
0.016166449
0.008141041
0.008682013
0.006832600
0.007504225
0.008303165
0.009174585
0.009496212
0.009582520
0.007685184
0.008083820
0.007909060
0.004029751
0.007817268
0.009329796
0.011665821
0.007405519
0.008177996
0.008431196
0.005954027
0.004498005
0.005841970
0.010474682
0.008782148
0.008050442
0.004657984
0.006466627
0.004691601
0.007476807
0.003996134
0.005202055
0.007288694
0.007365942
0.005240202
0.006342173
0.005299091
0.003529549
0.004429340
0.005266190
0.004285812
0.005171299
0.004658937
0.003431559
0.004456043
0.005315304
0.007080555
0.006277323
0.008451223
0.006052017
0.005367994
0.003894806
0.005274296
0.006407022
0.006954670
0.008457661
0.006345749
0.005391359
0.013375521
0.009516716
0.010454416
0.016223669
0.013455868
0.010189056
0.008584261
0.006325006
0.007821560
0.009351969
0.008055687
0.007583141
0.005750895
0.008098125
0.010427237
0.003389359
0.009620428
0.012083292
0.009932756
0.008127451
0.016182661
0.006758690
0.006763220
0.012185335
0.004579782
0.011107683
0.002613544
0.004390717
0.014344215
0.002559662
0.006051540
0.010377645
0.005760908
0.001961946
0.005196095
0.015927792
0.004221916
0.005879879
0.008873701
0.008398771
0.006977797
0.006345510
0.010576487
0.004027605
0.004015923
0.004496336
0.010690451
0.012415171
0.004028559
0.006380558
0.010533333
0.004017353
0.007264614
0.006572962
0.004894733
0.007500172
0.004010439
0.005766392
0.008104086
0.004600525
0.006560087
0.006484032
0.009076357
0.007245779
0.004014730
0.005262375
0.010224819
0.002881765
0.004999399
0.005921364
0.004009724
0.003614664
0.003470421
0.006764412
0.004086733
0.008191347
0.005627871
0.007991314
0.004042864
0.003594160
0.006711721
0.005978346
0.017791510
0.007956982
0.007344007
0.004596710
0.007732868
0.002364874
0.007490635
0.004090309
0.012157440
0.002420664
0.008956909
0.007148743
0.008036137
0.005850554
0.015874863
0.012088060
0.014742851
0.004093885
0.008054018
0.011858463
0.006950617
0.003394127
0.005425215
0.003674507
0.007676125
0.004702568
0.010314465
0.009840250
0.005299330
0.008840322
0.008322954
0.006746054
0.006517649
0.005267620
0.006168127
0.008936644
0.003627062
0.003726721
0.011803389
0.015018940
0.003638744
0.078827620
0.006353140
0.006279945
0.005190372
0.006608963
0.006138325
0.007962942
0.009215117
0.010103703
0.005707979
0.006974459
0.007385015
0.005620480
0.015204191
0.016579628
0.006969690
0.010025740
0.010004282
0.009400606
0.006829023
0.010097027
0.006246328
0.007058620
0.007308483
0.006583929
0.009061813
0.004623175
0.006416559
0.006290436
0.010272741
0.013521671
0.007995605
0.007933140
0.056177616
0.020079136
0.009991169
0.013952255
0.010386229
0.011043072
0.011466026
0.011307240
0.011407852
0.013509035
0.011380672
0.018621445
0.013508558
0.015971184
0.011643887
0.010870934
0.008934259
0.098576069
0.011791945
0.018118858
0.012263298
0.004100084
0.012121201
0.008203268
0.010524988
0.013506413
0.012113571
0.013366699
0.010570765
0.019655704
0.001891375
0.029108763
0.008064032
0.037867069
0.009535551
0.004327059
0.008302450
0.004996061
0.010112286
0.011103630
0.005560398
0.008433342
0.004215717
0.006661892
0.010275126
0.010802507
0.006341696
0.007081032
0.007712603
0.005938053
0.005309105
0.010082006
0.011055231
0.004093170
0.010889292
0.010802031
0.003040791
0.004548788
0.004114389
0.002788782
0.004151583
0.005104065
0.005489111
0.003165245
0.008939981
0.002877951
0.005490065
0.003605604
0.007040024
0.002837420
0.019673824
0.004555702
0.010008335
0.006911755
0.005304337
0.009367228
0.013249159
0.006220818
0.007567167
0.007309914
0.004446030
0.014769554
0.010877371
0.010881424
0.012077093
0.007148981
0.008252621
0.008069277
0.011874676
0.007185936
0.002349138
0.003871441
0.006244659
0.005972147
0.006660461
0.013685226
0.004053593
0.002388954
0.002182245
0.002090693
0.001651049
0.001769543
0.001745939
0.001917601
0.001597404
0.001615763
0.002467394
0.153131485
0.011063337
0.008891106
0.005061865
0.004747391
0.004404783
0.007325172
0.226169109
0.205841780
0.203215361
0.007627487
0.102244854
0.009006739
0.010548115
0.004455328
0.010355949
0.004395247
0.004176855
0.003117323
0.004419088
0.003342628
0.030529261
0.006525517
0.003898621
0.003842831
0.010208845
0.006776571
0.006536007
0.011537552
0.009846926
0.008234024
0.006980658
0.010327339
0.006817818
0.011875391
0.008764982
0.012997627
0.003132105
0.071173906
0.004788399
0.003428459
0.007343054
0.004352331
0.011106253
0.009188890
0.016021490
0.011619568
0.009725332
0.009254932
0.011827946
0.012441397
0.012434959
0.004310608
0.011651516
0.006254673
0.008885860
0.013354540
0.018412590
0.014671564
0.017269850
0.010852098
0.013915062
0.007968426
0.007032871
0.010444164
0.019949675
0.008753300
0.003882885
0.048438072
0.010417223
0.008433580
0.007053375
0.007960081
0.005643129
0.010198355
0.004387617
0.007895231
0.004394293
0.010272503
0.002526760
0.004179955
0.002013683
0.004394770
0.001756907
0.001816034
0.003494024
0.001920700
0.001821995
0.001910686
0.094281435
0.004392862
0.004772425
0.011403799
0.015424252
0.009777069
0.014394999
0.015250921
0.011100531
0.005859613
0.003196478
0.003634214
0.004566669
0.025388479
0.010131359
0.010657787
0.011225700
0.011984348
0.005707026
0.012786865
0.014167070
0.011287689
0.003866196
0.003716707
0.046517372
0.005742311
0.007664680
0.009898424
0.011057854
0.017542839
0.008451223
0.008607149
0.006737947
0.010450602
0.008229494
0.005806923
0.012670517
0.011236668
0.008444548
0.020410061
0.012407303
0.008427620
0.010329008
0.010554075
0.007783651
0.008034706
0.008775234
0.011451721
0.003162622
0.011498213
0.008083820
0.006154776
0.109910727
0.004611015
0.014455557
0.008358240
0.004602909
0.003712893
0.003746033
0.003355742
0.036272287
0.015597105
0.012429953
0.004766941
0.007042646
0.015826941
0.006865501
0.006554604
0.011498213
0.005895615
0.011518002
0.004428387
0.008634090
0.007872343
0.001986980
0.066070557
0.003975868
0.009178400
0.007980108
0.016431093
0.010595560
0.003750086
0.011122704
0.012801170
0.014604568
0.010515451
0.005640268
0.010843277
0.005838871
0.004457951
0.006928921
0.011394978
0.004428625
0.006393194
0.010432720
0.010349751
0.009017229
0.010008574
0.004501581
0.005817652
0.011838913
0.004107237
0.006348610
0.009228230
0.013057232
0.008389473
0.005524635
0.007040024
0.004432201
0.005191565
0.050110817
0.012433529
0.003680229
0.012228727
0.008765697
0.009166241
0.011900425
0.006506443
0.007667780
0.012932539
0.011583090
0.008283377
0.011713982
