0.068417549
0.042758226
2.930816174
0.047510147
0.067408800
0.100227118
0.046082735
0.038100004
0.035172701
0.018844843
0.016688347
0.056832314
0.022259235
0.023134708
0.024636745
0.024986267
0.042979717
0.049992800
0.044588089
0.019247055
0.023335695
0.105510712
0.023299456
0.023234606
0.024911880
0.034414530
0.143457890
0.062822819
0.037013531
0.048771143
0.036277056
0.066851377
0.070157528
0.019417286
0.035115719
0.019113064
0.114486933
0.073851585
0.048448801
0.382627487
0.026017666
0.044670343
0.053981781
0.018999338
0.032599211
0.050328732
0.021521330
0.021559715
0.021265268
0.027541637
0.019309521
0.024048328
0.039110899
0.086748600
0.042754889
0.052952766
12.341296434
0.025132656
0.063837290
14.059981823
0.033062935
0.044539452
0.138918400
0.079866409
0.021480560
0.036461592
0.019824505
0.025460243
0.046019077
0.057203293
0.073413134
0.058949947
0.200793266
0.035082579
1.909804344
0.038772345
0.028880835
0.039890766
0.049482107
0.026012182
0.025687218
0.016896963
0.015688181
0.039701223
0.026614666
0.035754204
0.022675991
0.019670248
0.043333769
0.042372465
0.053963184
0.038949728
0.022359133
0.085984468
0.037682295
0.035623312
0.019916058
0.029408216
0.019354343
0.052829742
0.021700144
0.183896065
0.048202753
0.029337406
0.021781206
0.054242134
0.036176682
0.033423662
0.035125256
0.043603659
0.113585949
0.051091909
0.064773798
0.041469574
0.057710886
0.031305075
0.031611919
0.072809219
0.050917864
0.023953199
0.063620329
0.053647518
0.030804157
0.083242655
0.030744314
0.047389507
0.053597450
0.072798967
0.023549318
0.033395290
0.036138773
0.050434589
0.081419945
0.067736864
0.058350563
0.047553778
0.070209026
0.033514500
0.015659809
0.029537439
0.053771257
0.015576601
8.205276489
0.043903589
0.025141239
9.005525827
5.620649338
0.021557808
0.138975143
0.041792631
0.066118717
0.039971590
0.026341438
0.037649870
0.017418146
0.058784723
0.028682709
4.997968197
0.027232885
0.057426691
2.661815643
0.038210869
2.838345051
0.044938087
0.040519238
0.030334711
0.051007509
0.041450500
0.054602861
0.030851126
0.018580437
0.123932123
0.025804043
0.027712822
0.026872873
0.018851519
0.024900913
0.026853323
0.079363585
0.022333860
0.073735237
0.022872686
0.016964197
0.049235106
0.017490387
0.050883532
0.017615080
0.017734766
0.055818319
0.034571409
0.025954008
0.025287151
0.030315399
0.026927471
0.033104420
0.048670053
0.019906282
0.031522512
0.025925398
0.029369116
0.030858755
0.024109364
0.069689274
0.038813114
0.025699377
0.025315285
0.056844473
0.025884151
0.075412989
0.032599926
0.054897070
0.037348747
0.048506737
0.032445908
0.020172119
0.038513422
0.065785408
0.020109653
0.053170919
0.045254707
0.034181118
0.018253088
0.045970917
0.030243158
0.073180199
0.036546469
0.038600683
0.039315939
0.053396702
0.028910160
0.066010237
0.048134089
0.041950703
0.047432899
0.022850037
0.072068930
0.026788235
0.071606398
0.028218985
0.021223783
0.035057783
0.058414221
0.024139643
0.033311129
0.041608810
0.037648201
0.024189234
0.020619869
0.024101734
0.042919159
0.037793159
0.050477028
0.077576637
0.032643080
0.024196863
0.029891253
0.052159071
0.028482199
0.035158157
0.034129143
0.045199871
0.034896851
5.145427704
0.033019304
0.022654533
0.017562389
0.024607182
4.428536177
0.049398661
0.525708437
0.031843662
0.048630238
0.081681252
7.119417906
0.069399118
0.075026751
0.022483349
0.088054419
0.067544460
0.037066936
0.069043159
3.301716089
0.023988724
0.019797325
0.057324886
3.725992203
0.045499563
0.127861977
0.068479300
2.248824120
0.075559855
0.020187140
5.693938255
0.017856121
0.019736052
0.105927706
0.054560184
0.024660587
0.049526691
0.040239096
0.072350740
0.027774572
0.059400558
0.020692348
0.091316223
0.051531076
1.593161106
0.073271036
0.022872925
0.038648844
0.024297714
0.040384054
0.033539534
0.020487070
0.050323486
0.071648598
0.025052071
0.035984993
0.055812359
0.054388762
0.052031517
1.471467972
0.054209232
2.912765741
0.056240797
0.033193588
0.024175644
0.062048674
0.023005486
0.025142431
0.016838789
0.019283772
0.029140949
0.025148630
0.042967558
0.024235964
0.022547483
0.020337582
0.014636993
0.018895149
0.047682524
0.018455267
7.027886868
0.041964293
0.081713676
0.044569016
0.026559591
0.024423599
0.042662144
0.040972948
0.041870117
0.024369240
0.036958694
0.038960695
0.063139677
0.040806293
0.014171124
0.039902449
0.038539886
0.019353628
0.036103249
0.023427486
0.038201094
0.023812056
0.023688555
0.054435253
0.044501543
0.065295219
6.510877132
0.069471359
0.046703100
0.041675806
0.046778917
0.040223360
0.017849684
0.067894697
0.056757689
0.034827709
0.019809484
0.016036272
0.066116095
3.925070286
0.086329699
0.058578968
0.027375698
0.053808451
0.039254665
0.059597492
0.017833233
0.034757137
0.022639990
0.025849581
0.045765877
0.033356905
0.018766880
0.025780916
0.041975737
0.061914921
0.040213346
0.036674976
0.029848814
0.052513838
1.972847939
0.046583414
0.025980234
0.097228527
5.329383612
0.027338028
2.876095295
0.036405087
0.021101475
0.088998079
0.028959274
0.041841030
0.046740294
0.027408123
0.048536301
2.660700321
0.016938448
2.333607912
0.067735910
0.015433073
0.056512594
2.572882175
0.016095161
5.945989370
0.033423901
0.072891951
0.032808781
2.438503504
6.182361841
0.028362751
0.170645714
0.056020021
0.067751646
0.051141977
0.077045679
7.467494726
0.057247639
0.035974264
0.100787401
0.049952745
0.037738800
0.035969257
0.042309046
0.051671267
0.041841745
0.050724030
0.035984516
0.031869888
2.535456896
0.258401871
0.025417089
0.019655466
0.039085150
3.871268034
6.134663820
0.044909477
0.231189013
0.024398565
10.120287657
0.026969433
0.082376957
0.031071901
0.018251419
0.012784243
0.082427025
0.037612677
0.039109468
0.055850506
0.064020395
0.023515224
0.029976368
0.032444000
0.017420530
0.035593033
0.035355806
0.070887327
0.020276070
0.058330774
0.050959826
0.052865267
0.029723406
0.018598318
0.036125898
0.024480820
0.015277147
0.027394772
0.095687628
0.014991045
0.015795946
0.084335089
0.096706152
0.030985117
0.031044006
0.039179802
0.023373365
0.024952173
0.038317204
0.054018974
0.033713341
0.033267736
0.022351980
0.030714512
0.049610376
0.023978233
0.039624214
0.089514732
0.027364254
0.021025658
0.094050646
0.060322285
3.820127010
0.070224762
2.873564482
0.051606417
0.054061651
0.020142078
0.035231829
0.056576967
0.114463568
0.032133102
0.050269604
0.057663202
0.041701078
1.837957382
0.054495811
0.024458647
0.039086580
0.019619465
5.453759432
0.024107695
0.121242046
0.038227558
0.019092560
0.028224945
0.062916517
0.034448147
0.017593384
0.082977533
0.033411741
0.060012341
0.039103508
0.050457716
0.022701740
0.042622805
0.039826393
0.045058250
0.025293827
0.065173149
0.057338953
0.022991657
0.054177523
0.068270206
0.023851871
0.056708097
0.034966230
0.087248325
0.041653156
0.041040897
8.583832502
0.034193277
3.366842985
0.069898367
0.058634281
0.028040648
0.052767754
0.098719835
0.025974751
0.062268257
0.085242748
0.049609184
0.015718222
0.045897961
0.022666931
0.064111471
0.018140078
0.027583599
0.046904802
0.029271841
0.016295671
0.019447803
0.049466133
0.052067757
0.022405863
0.021450520
0.025511026
0.016269207
0.071772337
3.353600740
0.046391487
0.055501699
0.025667191
0.050127268
0.027738810
0.021652699
0.053365946
0.020570993
0.029810429
0.025799513
