0.089195013
0.004772186
0.012834311
0.011028290
0.007913113
0.010709763
0.009236097
0.011065960
0.004598141
0.005748034
0.003996134
0.008681774
0.002879858
0.004522324
0.003074408
0.015249252
0.006165504
0.005444527
0.011160851
0.005839586
0.003750801
0.004094124
0.004127979
0.009045839
0.006214142
0.008875608
0.004108906
0.008805037
0.006977558
0.011056423
0.021374226
0.005236626
0.008205652
0.003526449
0.005186796
0.005262852
0.005318880
0.083803654
0.012447596
0.007488251
0.011072159
0.002728462
0.006088734
0.008051872
0.009345531
0.008095026
0.006881714
0.006829500
0.010866880
0.004233599
0.006633043
0.004242420
0.114999533
0.006255388
0.012060642
0.012452126
0.012095690
0.009271860
0.005791664
0.015822887
0.015016556
0.008492470
0.011950016
0.006585360
0.016092062
0.008646965
0.012228727
0.007985115
0.008874416
0.008026361
0.005556345
0.011963367
0.005315304
0.005894661
0.006177425
0.011050701
0.004243612
0.007889748
0.005748272
0.012205124
0.009414196
0.005244255
0.006659508
0.009838343
0.007337809
0.012197256
0.007668734
0.006954908
0.012992382
0.012332916
0.014424324
0.011043787
0.004102945
0.007238388
0.007600069
0.003833771
0.010520458
0.005917788
0.010107040
0.010276794
0.006494284
0.007022858
0.005706549
0.008037806
0.010001183
0.009327173
0.004102230
0.006045341
0.007807255
0.006884336
0.007562876
0.009688139
0.005728245
0.012133360
0.009994745
0.010325909
0.005766153
0.010176659
0.008481503
0.006976604
0.007337093
0.009403944
0.007463455
0.011903524
0.013705015
0.007184029
0.003813028
0.016627073
0.007233620
0.005477190
0.003587723
0.009089470
0.003674746
0.010839701
0.013439178
0.003351927
0.004093170
0.003958225
0.007137060
0.004501820
0.005994320
0.004436970
0.002588749
0.007856846
0.005369425
0.004079580
0.008182049
0.007787466
0.007364988
0.006128550
0.002731085
0.045183182
0.004231453
0.006906509
0.007776976
0.008098364
0.002942801
0.004073381
0.003538847
0.008126259
0.005571842
0.003570080
0.005445242
0.007082224
0.007787466
0.004087210
0.004227161
0.009210110
0.003663778
0.004219532
0.004557610
0.004232407
0.006817818
0.002457142
0.007168055
0.006615162
0.003703117
0.003910780
0.004070044
0.005914211
0.005654573
0.005864143
0.006250620
0.003167152
0.006907701
0.003526926
0.011602879
0.005339622
0.006518126
0.005399942
0.005607843
0.003333330
0.005702972
0.003158092
0.007409334
0.003393888
0.050815105
0.003538609
0.009821177
0.008054256
0.008064032
0.004095554
0.004940510
0.007837534
0.010468960
0.004927397
0.010598898
0.013288736
0.011718750
0.003183365
0.016671658
0.009014368
0.008997679
0.006616116
0.017094374
0.011317015
0.011257172
0.007429123
0.007101536
0.013507128
0.006403923
0.007108212
0.008949757
0.011829138
0.011578321
0.009758472
0.012050629
0.006692648
0.005182981
0.007814407
0.007805347
0.010396481
0.008075237
0.004043818
0.004993916
0.012239218
0.010116100
0.012082815
0.014887810
0.016177893
0.005215168
0.009736300
0.007358313
0.008469105
0.016340733
0.008321524
0.006275892
0.009067297
0.006780624
0.010630369
0.012101650
0.006755829
0.006202459
0.017155170
0.006717443
0.002892733
0.005853176
0.020792484
0.010742664
0.006335258
0.006537676
0.012358665
0.009572744
0.006665468
0.014184475
0.007669687
0.012059689
0.010247231
0.008223295
0.018569946
0.011342287
0.009261847
0.006896734
0.012075186
0.014163494
0.006928682
0.003360748
0.011323929
0.008116484
0.005214453
0.005263567
0.014899254
0.010681152
0.011713028
0.010402441
0.005209923
0.005501986
0.006692410
0.008507490
0.012094736
0.011660814
0.007832527
0.006561995
0.005090237
0.042980671
0.009730816
0.014280796
0.002525091
0.010381937
0.006944895
0.004027128
0.006028891
0.008816481
0.005792618
0.007301331
0.005267859
0.013016939
0.007177830
0.009990454
0.004382372
0.010016680
0.010840893
0.005937815
0.006890297
0.007507563
0.008994579
0.009722710
0.008164406
0.004034758
0.005500555
0.007395267
0.006547689
0.005504847
0.004032135
0.008046389
0.008040428
0.005837440
0.058127403
0.005849600
0.002502441
0.004081011
0.008141756
0.006450176
0.007060766
0.007216215
0.004024982
0.003046036
0.006017685
0.005644083
0.004465818
0.007903814
0.004019260
0.007990837
0.007156610
0.002408028
0.005073547
0.104054451
0.007433891
0.006536245
0.007167339
0.004841805
0.005830288
0.010193825
0.003870010
0.006276369
0.007639885
0.005994081
0.007659912
0.004035234
0.004514217
0.006311178
0.001714230
0.003033876
0.005028009
0.008162260
0.006957054
0.004085302
0.003503084
0.006859303
0.002078772
0.002722263
0.005343914
0.004102945
0.065982342
0.004127026
0.003541946
0.006098509
0.003586054
0.008093119
0.006936550
0.006036043
0.011274576
0.006208420
0.004181147
0.005346537
0.002852201
0.007596970
0.003685713
0.005995274
0.003484249
0.004206181
0.006128550
0.004203081
0.003340244
0.116549015
0.003611088
0.007016420
0.004217625
0.004231691
0.004352093
0.003396749
0.006642580
0.004213572
0.005635262
0.003451347
0.001664400
0.003290653
0.002327919
0.006958723
0.004205227
0.008222818
0.003193378
0.003943443
0.011027336
0.002524614
0.007342577
0.005161285
0.009087563
0.003739834
0.007744074
0.002075911
0.089973450
0.007432938
0.006352663
0.010942221
0.008838892
0.007044077
0.003638506
0.008358479
0.012034655
0.004064560
0.005991459
0.008232832
0.006742477
0.010961771
0.008018494
0.006440639
0.004055977
0.013756037
0.004938126
0.008098364
0.008572578
0.005946636
0.013383150
0.010179758
0.004430294
0.007115126
0.008085728
0.009617090
0.009779692
0.011675358
0.010457039
0.015802860
0.008253574
0.008446932
0.007451773
0.007309437
0.009054184
0.010337591
0.010048866
0.006910324
0.008106947
0.008959770
0.003542662
0.006656647
0.008156776
0.006476402
0.009077072
0.009897232
0.006965399
0.010016680
0.009503126
0.001913786
0.007134914
0.006084681
0.008618832
0.008752108
0.007266283
0.002724409
0.004080296
0.001682758
0.017801762
0.005305290
0.007155180
0.004778385
0.007986784
0.006223917
0.007034063
0.004970551
0.005262375
0.009895325
0.004093409
0.003955364
0.049942732
0.005302668
0.006057978
0.002238989
0.007087469
0.004889727
0.003758192
0.009351492
0.014457226
0.010288477
0.003980875
0.007834196
0.011223793
0.003784180
0.005193949
0.006300926
0.004513979
0.004528999
0.004836559
0.004208565
0.009845257
0.003857136
0.003665924
0.007535696
0.004152536
0.003599882
0.004338026
0.005169630
0.005995274
0.003935337
0.010758877
0.005149603
0.009727955
0.004276752
0.003885031
0.006318092
0.003019094
0.002346516
0.003022671
0.001793623
0.004044533
0.003990650
0.007724285
0.004018784
0.007152319
0.004084110
0.004125834
0.005647421
0.003249407
0.007520676
0.006082296
0.003548861
0.004027843
0.006154299
0.004485607
0.006368876
0.005623579
0.005061865
0.006970167
0.003323793
0.006569624
0.009414196
0.003827572
0.002006054
0.005446911
0.006973028
0.002727270
0.004166842
0.004011154
0.009366989
0.005299091
0.004879713
0.003275156
0.002137423
0.021542072
0.003618002
0.005413294
0.003055811
0.006412268
0.004806757
0.010616779
0.005626678
0.007371902
0.010317326
0.009725571
0.009115219
0.007073164
0.003155470
0.013009548
0.007797718
0.007995605
0.007725954
0.002013683
0.005376339
0.012074471
0.007053137
0.012056351
0.003570080
0.003804445
0.010740280
0.009905100
0.009220839
0.009318113
0.003535509
0.004257679
0.006977081
0.006203651
