0.058784723
0.007556200
0.016813755
0.015560150
0.013328791
0.015499592
0.007772923
0.016985416
0.007634401
0.007633924
0.007633209
0.010465384
0.015738964
0.009346008
0.013815880
0.005471945
0.007814884
0.010687351
0.007825136
0.006209612
0.007832289
0.011034250
0.011134148
0.008911133
0.006430626
0.013815165
0.007383585
0.007022381
0.011785507
0.006278992
0.011571407
0.006679535
0.011026382
0.009207010
0.010234594
0.011847496
0.007516861
0.013293982
0.026402473
0.023081779
0.017944574
0.006597042
0.009635448
0.016595125
0.012510777
0.063772678
0.007452726
0.015071154
0.027311802
0.011148214
0.017193556
0.009416103
0.010277033
0.008612394
0.102541924
0.013283730
0.004974365
0.061559677
0.018141031
0.008522987
0.042868376
0.013230562
0.009781837
0.009369373
0.029885054
0.012057066
0.011616707
0.216274738
0.011421442
0.094076633
0.013899088
0.027422190
0.039171696
0.024048805
0.004695415
2.530606508
0.017231226
0.006387711
0.030241489
0.013256788
0.192137480
0.049684525
0.015122890
0.024599075
0.077691555
0.012742281
0.051030874
0.050936937
0.012845278
0.012192249
0.012814283
0.010553598
0.008521318
0.012810946
0.013204575
0.012339830
0.007091522
0.009417057
0.009998798
0.010443449
0.010663509
0.010499001
0.011906385
0.009626389
0.010119200
0.008398533
0.008155823
0.006800413
0.008164167
0.008149624
0.007925749
0.008160830
0.008163929
0.008030891
0.007694244
0.009457827
0.009613037
0.011969805
0.013609886
0.019344568
0.014000416
0.012158871
0.008543730
0.012188435
0.007520676
0.019930601
0.009737730
0.008887291
0.012141466
0.009988546
0.008953094
0.012018681
0.015529633
0.014383078
0.012529612
0.015231133
0.018118858
0.012259007
0.017310381
0.013386250
0.008107424
0.030653238
0.011111498
0.012122154
0.019185543
0.009493113
0.007785320
0.020962477
0.013346910
0.006663084
0.021041393
0.007506371
0.008242607
0.033358574
0.007885456
0.010642767
0.016142845
0.009115458
0.073916435
0.006711483
0.014651060
0.009680510
0.018498898
0.011990547
0.018967152
0.013966799
0.008984804
0.008819103
0.007114410
0.072348118
0.006909370
0.012430429
0.010650873
0.009754419
0.013098717
0.011399746
0.007412910
0.008608818
0.008876085
0.012179613
0.007091522
0.012606382
0.013478994
0.022658348
0.009109259
0.016886950
0.019102097
0.015954733
0.027645588
0.008169889
0.021083832
0.009877682
0.022256136
0.031457424
0.011630774
0.013224125
0.008675575
0.008966208
0.014559746
0.015098333
0.018519878
0.009348392
0.014268160
0.031970024
0.040188313
0.014310122
0.018969774
0.033761024
0.052710056
0.018060207
0.028575420
0.009947062
0.020678520
0.027612209
0.035160065
0.014901161
0.029842854
0.008014679
0.036198139
0.038660049
0.012809277
0.014288187
0.010010004
0.008537292
0.012359381
0.007995367
0.010483265
0.008080006
0.009726286
0.010857582
0.007888079
0.217388391
0.010643005
0.018103838
0.079131365
0.011725664
0.036576033
0.014462233
0.036501646
0.010279894
0.224510908
0.016833305
0.018607616
0.052182198
0.227479935
0.018114328
0.088724852
0.124941349
0.017873287
0.065420389
0.020043135
0.035630703
0.009832144
2.496078968
0.012524605
0.075646162
0.012388468
0.096616745
0.029022455
0.013007879
0.014756918
0.006654501
0.012070417
0.013429165
0.008026361
0.051935434
0.026304722
0.010092258
0.015071392
0.011686563
0.227211237
0.064709663
0.034929037
0.044611216
0.012414217
0.026199102
0.017463207
0.010131359
0.180407047
0.020920277
0.010867834
0.015667200
0.011593819
0.006996870
0.006445408
0.007139444
0.012387753
0.015767097
0.051719904
0.043223858
0.011336327
0.016971588
0.032125235
0.010641098
0.059874058
0.019253731
0.051906824
0.019376755
0.009886503
0.018732071
0.078063488
0.033436537
0.010206938
0.015938282
0.006482601
0.017679930
0.010923147
0.190558672
0.011917830
0.040153265
0.004839182
0.013742685
0.027740240
0.016232491
0.014615774
0.008670807
0.049515963
0.033124685
0.008304596
0.218919277
0.204969168
0.017810583
0.010059118
0.014046669
0.012519121
0.052459002
0.008977652
0.222891092
0.018135548
0.087297440
0.016542673
0.007737398
0.017825842
0.011008978
0.006761074
0.014186382
0.006740570
0.019297361
0.007755041
0.008082867
0.007061481
0.015606403
0.017457008
0.006832123
0.013277054
0.009168148
0.021204710
0.009136200
0.007049322
0.021365404
0.019286633
0.027500391
0.014976501
0.013989449
0.012603998
0.013628244
0.008855820
0.026539326
0.008511543
0.006747961
0.026721001
0.020208120
0.018661976
0.016200066
0.015742779
0.020259142
0.009102106
0.033641577
0.008954048
0.007158279
0.021090269
0.024665356
0.020216942
0.013763428
0.006922483
0.009891987
0.008280993
0.010203123
0.022790194
0.011349201
0.008706570
0.018955946
0.010143280
0.010221720
0.009954691
0.011242390
0.010457754
0.009479284
0.010941029
0.010235310
0.009022474
0.011998177
0.006651878
0.010529280
0.019123316
0.008917093
0.010505199
0.016368151
0.011199474
0.016082048
0.017406702
0.009924412
0.011585712
0.016598225
0.009652376
0.018456459
0.009250402
0.009978771
0.014882803
0.023663759
0.013235569
0.026922226
0.020539522
0.025563240
0.013629198
0.007395029
0.006880045
0.015416622
0.012300491
0.007069826
0.019013643
0.009522438
0.013956308
0.036577463
0.008073807
0.009535074
0.035458088
0.009133101
0.007537127
0.011749029
0.010249376
0.007714272
0.010948896
0.009407759
0.007531881
0.030451298
0.013044834
0.008644581
0.009564638
0.011821032
0.013734102
0.007242203
0.031024456
0.009773254
0.009284258
0.013823509
0.011289120
0.009573936
0.006144285
0.009046793
0.011476994
0.012508392
0.007821560
0.008821249
0.008750200
0.009845257
0.009485722
0.016776085
0.007606268
0.007457256
0.013225079
0.008828878
0.007456541
0.010100603
0.007078886
0.014720678
0.013114452
0.008256674
0.014687538
0.010802031
0.016836405
0.005769491
0.007391214
0.021086454
0.018044472
0.024598598
0.026564360
0.009992599
0.019354105
0.010400295
0.010935545
0.028708935
0.009047031
0.007056713
0.005855083
0.010054588
0.009427071
0.007177353
0.011053085
0.007014751
0.011060715
0.008731842
0.009578705
0.010593176
0.008598804
0.008650064
0.008408308
0.006118536
0.011080265
0.008811235
0.008913040
0.007061481
0.011047602
0.009714842
0.005882025
0.006114006
0.008448362
0.012884855
0.015607357
0.007808924
0.009491682
0.018665314
0.013552666
0.014588833
0.010463715
0.029002428
0.010137081
0.020946741
0.014204741
0.010230780
0.006985426
0.013504505
0.014944553
0.022356749
0.014936447
0.029421568
0.011345387
0.023512602
0.022139311
0.018633366
0.014890671
0.007434607
0.012514591
0.010943413
0.006417513
0.025369167
0.012219667
0.012593508
0.011531353
0.029439926
0.012523890
0.038208008
0.012030840
0.006685972
0.023050070
0.014400959
0.016593218
0.017568111
0.011095524
0.017601728
0.013473749
0.007631302
0.011121511
0.008556366
0.011687279
0.008413076
0.007693291
0.015395403
0.009064674
0.010804892
0.007420301
0.013484240
0.006220341
0.011363745
0.013429403
0.008529902
0.006672859
0.005811930
0.007949829
0.012572050
0.008570433
0.011865854
0.015056849
0.010917902
0.016903639
0.009507656
0.018939972
0.009641886
0.014222145
0.015682697
0.014945269
0.011690140
0.007493734
0.009791374
0.013841867
0.015022278
0.010688543
0.010597706
0.006231546
0.016210318
0.023975372
0.004808664
0.009882689
0.010757208
0.021161795
0.009869576
0.005666733
0.013149023
0.009568453
0.009900093
