0.089389563
0.205147266
0.003448963
0.016418219
0.017386436
0.005309820
0.007124186
0.014894009
0.013834000
0.008026123
0.005162477
0.006471634
0.015214205
0.007440567
0.006883144
0.006017447
0.006794453
0.007648468
0.026995897
0.012757540
0.017525434
0.006075144
0.009968519
0.011693001
0.018046856
0.010124683
0.015735865
0.014773846
0.009176493
0.011327505
0.014739990
0.019891024
0.014089108
0.006438732
0.020274639
0.012408495
0.011708736
0.014825344
0.006962061
0.087442160
0.015966177
0.009500504
0.010282755
0.003879786
0.003428459
0.099136353
0.012329817
0.011069059
0.004181862
0.010937691
0.010048866
0.007496119
0.006723881
0.007967710
0.004034758
0.015980005
0.006866455
0.006072044
0.008782387
0.010431290
0.005729675
0.008881569
0.011318922
0.003802061
0.018525600
0.007797480
0.006706953
0.011344671
0.008064032
0.015741825
0.011903286
0.012145042
0.007798910
0.007791758
0.063406229
0.001986742
0.003734589
0.075969219
0.010198355
0.012697458
0.015302896
0.004701853
0.005291939
0.005372763
0.009992838
0.010110617
0.011966944
0.011804342
0.007946730
0.008884430
0.004151583
0.011793852
0.004348278
0.211581469
0.205909967
0.102622271
0.003550529
0.003145456
0.003809214
0.002836704
0.023454905
0.013487339
0.012528896
0.007654428
0.003442049
0.008629560
0.006055832
0.011445522
0.007259130
0.009605646
0.013241529
0.004445076
0.004026175
0.010339737
0.005042315
0.004503012
0.004547596
0.003135920
0.008058310
0.005586147
0.007448435
0.005579233
0.013551474
0.005281210
0.003298044
0.280149221
0.005052090
0.306144238
0.110774755
0.005319595
0.004116535
0.009283066
0.011411428
0.007392645
0.005450964
0.006947517
0.010603666
0.013315916
0.009816647
0.008152485
0.010222912
0.010299683
0.009910583
0.010649920
0.003417492
0.008422136
0.006422997
0.003433466
0.004298687
0.004326344
0.055110216
0.006780148
0.009525537
0.011260986
0.004359722
0.008336306
0.011271238
0.007993937
0.007647276
0.004207373
0.005911827
0.002248526
0.004040003
0.003559828
0.004115105
0.004830599
0.010064602
0.010654211
0.006753922
0.002600670
0.006131887
0.104143143
0.010453939
0.003833055
0.004113913
0.011117458
0.020131111
0.012223244
0.013181448
0.006080866
0.009206533
0.009150505
0.009011269
0.009723902
0.014334440
0.005535364
0.012519598
0.005679369
0.008137226
0.021800280
0.013121128
0.012124777
0.010993719
0.013031721
0.014834642
0.017114639
0.012040138
0.007857323
0.069304466
0.008443356
0.014976978
0.014553308
0.003255606
0.014454365
0.013267279
0.020783901
0.003401279
0.007140160
0.009255171
0.010683060
0.010597467
0.012132168
0.015419722
0.008262873
0.009725809
0.011853456
0.004142046
0.005413294
0.002985954
0.010653973
0.005989313
0.012330294
0.002763033
0.003770828
0.004643917
0.007774115
0.003927708
0.006043911
0.035225630
0.010299206
0.006804705
0.014212370
0.007797480
0.010648727
0.005378723
0.361777782
0.206208229
0.103995323
0.011692286
0.007877350
0.008581877
0.020668030
0.003325701
0.007951736
0.003000259
0.008850336
0.008942604
0.008609295
0.008975267
0.006700754
0.007150412
0.010035038
0.008471012
0.007634163
0.010062218
0.003439903
0.012558699
0.006082773
0.005398035
0.004428148
0.006043673
0.008855104
0.014056444
0.017327547
0.005857229
0.005453348
0.072831869
0.003962278
0.011432648
0.017864466
0.007022619
0.008657932
0.008288145
0.089420795
0.009702206
0.010472536
0.004202843
0.003558159
0.009608984
0.007534504
0.013139963
0.013371229
0.005416870
0.003881693
0.007001162
0.005147696
0.003512621
0.010044813
0.010668039
0.008685589
0.012567759
0.008065939
0.007257938
0.016109943
0.004857302
0.006894827
0.002024889
0.010390997
0.003591299
0.008847952
0.003167868
0.003693104
0.005315542
0.007719994
0.009262800
0.008644342
0.011195898
0.013420820
0.004809856
0.008122921
0.008094311
0.003482580
0.010017872
0.008835316
0.085985899
0.009324074
0.009938717
0.008577585
0.010351896
0.005777597
0.002796888
0.002712488
0.208856583
0.202316046
0.006765127
0.010610580
0.008285046
0.009665728
0.008215189
0.005113602
0.006489515
0.004491091
0.003300667
0.015880346
0.018323183
0.010271549
0.007940292
0.007929325
0.008828640
0.005147696
0.008328199
0.012978554
0.007812977
0.007777691
0.014759302
0.004989147
0.011414289
0.014001846
0.002480984
0.007329464
0.011334181
0.007487059
0.010886669
0.005170345
0.011072874
0.012540340
0.021193743
0.007649183
0.019499540
0.006758690
0.006264687
0.098033428
0.003161430
0.005357981
0.013008118
0.013159990
0.015782595
0.011482239
0.018903732
0.012988567
0.009746790
0.012631655
0.010744810
0.025043249
0.015219688
0.004343748
0.012004852
0.009543896
0.009032965
0.016259193
0.006801367
0.014920950
0.004236937
0.003902435
0.004110813
0.005031586
0.012476921
0.010487556
0.012757778
0.003692865
0.012414694
0.009137630
0.066038370
0.003139973
0.070308685
0.003818035
0.007190228
0.006601334
0.011664152
0.009237528
0.003596783
0.001982927
0.090605259
0.010123253
0.015525103
0.009788513
0.008360386
0.005927086
0.008355379
0.008604050
0.004846811
0.012728691
0.013163805
0.012782812
0.010986328
0.007357121
0.004111290
0.012532234
0.006844997
0.010878086
0.017444372
0.005529165
0.037976503
0.005155087
0.005404234
0.006063938
0.013402224
0.011567831
0.003870010
0.006989956
0.012053728
0.012650967
0.004240036
0.011206150
0.011627197
0.009059906
0.006955624
0.009068727
0.006974220
0.006206989
0.006860495
0.079792500
0.012875557
0.010998964
0.004023314
0.010238886
0.003741503
0.003408432
0.006699085
0.012155533
0.008663177
0.012687683
0.004185915
0.012385130
0.016955137
0.006689310
0.011051655
0.014196157
0.009229898
0.008066893
0.012521744
0.002199888
0.004261255
0.005896330
0.008511066
0.005594015
0.007522345
0.008966208
0.003193617
0.003083229
0.005711317
0.004008770
0.010286808
0.005023479
0.004864454
0.010118484
0.006747484
0.005005598
0.008632660
0.011472702
0.017437935
0.009988785
0.012893438
0.006853580
0.007123470
0.004642248
0.005246639
0.010438681
0.002451420
0.091125011
0.002967119
0.007496834
0.007146835
0.004594803
0.008315802
0.009149551
0.016380310
0.007078409
0.010994196
0.012714386
0.007444382
0.004102945
0.020350695
0.008209944
0.006392241
0.008993387
0.004572392
0.006291628
0.007963419
0.004503489
0.004559278
0.007532358
0.005319595
0.006944656
0.007724047
0.003377438
0.004856110
0.009368658
0.006705999
0.005378485
0.006249905
0.004724264
0.007085800
0.012081861
0.008173227
0.012134790
0.007078648
0.005032063
0.004499674
0.005511761
0.005978584
0.003385305
0.008146048
0.005364418
0.004878759
0.003728628
0.006858587
0.007828951
0.004875183
0.006253481
0.011266470
0.004250526
0.009558916
0.010587931
0.013680458
0.012846470
0.006034851
0.006168842
0.008441687
0.004283428
0.006228924
0.006216764
0.039013147
0.004610300
0.007799625
0.007466793
0.009845972
0.014951706
0.011814356
0.007105589
0.014956474
0.019091845
0.014959574
0.013003588
0.007974863
0.010110378
0.007123947
0.016973257
0.009927034
0.018545151
0.009061337
0.006709576
0.011801958
0.009702444
0.012613297
0.011584282
0.003576040
0.099552155
0.015543938
0.011451721
0.012727499
0.010809183
0.010867596
0.008576870
0.008466244
0.005019188
0.223640919
0.201790571
0.206141710
0.014267206
0.094103336
0.012641191
0.013092995
0.010252237
0.009297848
0.014810562
0.009204626
0.005598307
0.012480021
0.006587982
