0.213400364
0.111665010
0.156411886
0.583910227
0.173546314
0.077933073
0.258959055
0.100489140
0.089482307
0.158526659
0.139399052
0.847078085
0.140791178
0.121668816
0.133418798
0.105874062
0.171442986
0.105039358
0.127355337
0.187630653
0.101020336
0.132604122
10.674703360
0.064204693
16.345855236
0.209017038
0.156302691
0.135282040
0.156259775
1.268028736
0.131338596
0.153942585
0.190742731
0.159145355
0.160344362
0.181645155
0.130373478
0.738968372
0.100713968
0.109082460
0.164359093
0.142838717
0.107883930
0.116916418
0.219155550
0.110884905
0.182443619
0.099140882
0.123314381
0.234305382
0.100649357
0.150145292
0.174661636
0.104048967
0.090261221
0.128858328
0.082221746
0.142994642
0.082254648
0.118664265
0.145485878
0.166107178
0.119788170
0.151000261
0.205457211
0.125629425
0.111717701
1.708387852
22.610169411
1.957866192
0.124780178
0.089789391
0.157327890
3.720418930
0.160990953
0.170190573
0.217828274
0.150948286
0.175698280
0.169306755
4.983941317
0.242958784
0.106333971
1.778387308
16.323362112
0.173620462
0.166231632
0.167457819
0.163101673
1.327094555
0.172407150
0.153727055
0.212504148
0.216346025
1.220674038
0.082649469
0.091656446
0.072261810
0.044878721
3.597079277
0.106112480
0.064150810
0.060896158
0.077708721
0.077929974
0.104505777
0.101159096
3.271275043
0.096293211
0.062456608
18.126545191
2.023045301
0.083879232
0.123919249
0.114912033
0.153722525
0.213959694
1.318080902
0.134802103
0.116785765
0.136827469
5.686849117
4.059188128
16.381672144
0.130883217
3.978987932
0.213182926
0.139249086
0.165242910
0.169301271
5.373966694
0.223016739
0.130723953
0.099641800
0.187390089
0.091412783
0.131750584
0.154055834
0.196306705
0.108161926
0.094010353
0.486903906
18.893128157
0.175313473
3.898346663
2.056830406
0.178607702
0.162417650
0.109450340
5.736593008
0.165919781
0.084748983
0.084268808
0.061904430
0.139420271
17.782589436
0.229704857
5.869885921
0.194308758
0.170799494
0.209626198
0.139111757
0.182508945
0.141283512
0.153382540
5.129629374
0.089530468
0.145282984
1.388257504
0.075607777
0.117720127
0.167916298
0.130491495
0.129475355
0.164019108
11.375363588
4.075646877
0.079550266
3.933731318
2.084224939
0.192642212
0.174017191
0.194004297
0.239842415
1.269754410
0.093961954
0.155764580
0.203174114
0.156229973
5.317440510
2.047233105
11.237450838
0.114391565
0.121182919
2.813761711
0.130320311
0.071387768
3.776640415
0.177348137
5.890870094
0.186561584
0.150228977
3.853315115
0.222396851
0.172720432
0.199508905
1.381746292
12.258005619
0.128925562
0.113413811
0.138925076
4.108787537
0.116738558
7.524200678
4.153182745
0.156403780
0.159160614
0.190912247
0.271631956
0.144300222
1.057212591
0.143140078
0.130881548
0.151895761
0.160048962
11.648829937
0.184576035
0.120903492
0.192922592
0.105949640
6.221786499
0.075085878
0.131183386
0.131790638
0.114279270
0.185319662
0.144142151
0.117657185
0.113531590
0.215803146
0.116574287
0.098908424
1.648075342
1.995938778
6.145878553
0.168784857
0.107605696
0.163595915
0.131650686
0.091979027
0.131987095
0.127372026
0.120368004
0.192854643
0.132598400
18.860567331
0.139330387
0.101186037
0.152437925
0.152641773
0.143614054
0.070209026
0.135038376
0.164809465
3.870370388
0.120337486
7.082192183
0.129918575
0.160064697
0.209908724
0.151730776
0.175281763
0.151551485
0.171506405
11.046682358
0.174940348
0.128288746
0.159995556
5.593459368
2.065093279
0.111855268
0.186417818
0.193834543
3.462236166
0.130008221
5.904075384
0.097975016
0.072262049
0.049329281
1.627020836
0.055174589
0.051282167
0.085923195
16.024308205
0.103824139
0.169559002
1.769246101
0.253539562
3.723607302
0.143023491
0.147220850
0.165966272
5.687683344
1.977885723
0.082872629
0.072891712
0.121446133
9.874174356
0.134359837
0.086578846
6.178411245
0.158902407
1.483377934
2.019892693
2.227135658
6.043112516
0.215689659
1.795500278
0.145256042
10.196027517
0.159413338
5.747277498
0.158153296
0.200994492
0.187926292
0.128850222
0.178568602
0.210984707
0.996704340
2.039464951
0.201086283
1.873567820
0.127503157
0.094899178
0.152040005
5.645588636
2.046356916
0.098957300
0.073913097
0.188589334
0.140044212
0.153297186
9.419036150
0.089810133
0.130567074
0.241336823
0.105333090
7.422500372
0.210285187
1.845283747
0.130394459
1.922335625
6.027539968
0.168066263
3.974884272
14.237835169
0.113844633
0.141035795
1.957434177
0.163260937
0.153993845
0.093034029
0.274371862
0.077462912
0.172174454
0.122156143
8.863204241
0.139989614
0.122267962
3.763232231
0.141281366
15.880086899
0.122276306
0.120578527
0.202512980
2.456869125
0.169734716
0.204738855
0.162001610
0.130341768
0.157716274
0.477130651
0.119404078
5.973937511
0.187847614
0.205289841
3.673314571
16.389772654
5.336318254
0.099586725
0.122315407
0.196126699
0.098673344
0.235813856
0.186000347
0.190393209
3.558943033
0.169198275
0.188042164
0.147028446
0.113181829
3.414244890
0.197615623
0.205879450
0.144710064
0.144116640
0.190497160
11.132323980
0.175766706
0.124711990
3.969563484
0.152920246
0.138557911
3.779727936
1.967519283
0.115437746
0.103030443
0.132106066
0.112016201
0.201402903
0.132767677
0.088928699
0.094396830
0.071854591
0.076963663
0.077382326
0.126064301
0.163654566
0.198513031
0.087532282
0.146545649
0.153115273
0.181086779
0.177096128
3.439813137
14.305201769
4.092600107
0.211773396
7.876466513
0.160152912
0.154215574
0.143299341
0.171569347
0.112901688
0.110676289
1.179498196
0.104532480
0.117216825
0.223061562
5.855378866
0.161130905
0.127105474
0.200984955
0.101650715
0.160049915
0.240437984
0.176822186
16.855722189
6.067787886
0.139192581
0.196809053
0.190820456
1.414304256
0.145961285
6.001373768
0.168599129
0.182933569
0.216137886
11.644079924
0.110694885
3.923481464
0.159813166
3.858399391
4.653803110
0.094547272
0.110563517
0.137203693
0.137140751
0.124856949
0.149241686
0.072057247
0.083483458
0.091403246
0.351510525
0.161785364
0.131350994
0.209454775
0.134676456
0.194180012
0.176902533
2.938447952
0.183935165
0.112636089
0.208791018
0.140892267
7.488881350
4.107714176
0.203540802
0.225122452
7.805290937
8.161194801
0.171894789
0.172693014
0.176032543
9.620577335
0.136708021
0.139333487
20.232043266
0.108441591
0.113363743
0.307333469
0.125910282
0.138278723
0.120723724
0.139580011
0.150002480
0.678572178
12.254652262
0.140567064
3.884739399
0.150891304
12.074714422
2.140507221
0.180460453
0.174520016
0.225464106
0.198197603
0.206669807
0.182727098
0.134688616
0.184774399
0.174010754
0.259406090
10.166079044
0.088572025
4.038449526
16.286690474
0.120517015
0.130197525
0.122863770
0.161465168
0.178929090
0.177888393
0.124874830
5.110729933
0.162635803
3.810701847
4.148797035
4.181376934
8.014015436
2.074979544
2.058178425
2.713223219
0.223436832
0.182322741
0.152889967
2.878079414
0.175349236
0.104860306
0.189135313
0.129290104
3.536947727
0.118829489
3.830353260
0.122025967
0.128872633
0.187282801
11.732973576
0.107406855
5.890687227
0.115624905
0.136468172
0.176132917
0.183210373
1.403872490
0.208801031
4.104561329
1.787309885
4.089693546
16.421530724
2.086897850
1.948559046
0.128405094
0.112293243
0.226388454
0.173697710
0.141244411
0.192756414
0.257387161
0.198760748
4.433479071
0.143788099
0.114421606
0.202593565
0.146012306
3.400837421
0.168560743
3.757091761
8.192029953
2.028733969
