1.038327932
1.423654556
2.090624809
2.596072197
1.793692589
1.908492088
1.787300348
3.697105169
2.197127342
2.239709377
2.051371098
2.377426386
2.490267515
2.295005083
2.139399767
2.515465260
2.373695374
2.241093874
2.801987648
2.932166576
1.883368015
1.622225523
1.725417852
1.599527597
1.453030825
1.559581757
1.520673037
2.277094364
1.738190889
2.554047823
2.766669750
3.642094851
2.445017338
1.901537657
1.313327551
3.325166225
2.623924971
2.882667065
2.731110573
2.079065561
1.822671652
2.663462639
2.261993408
2.945143938
2.466908216
2.364023209
1.534602404
1.530263662
1.930236816
2.226494789
2.481295109
1.875018358
2.513745546
2.904563904
3.049334526
3.447957754
3.341627836
2.665089846
4.839838028
3.560918093
2.629493713
3.455422640
3.092925072
2.329422474
1.747580528
1.549223185
1.857796431
3.067845345
2.735205412
2.164376259
1.402050018
1.550121069
1.650082111
3.502959490
2.627840042
2.797897816
2.526819229
2.441912413
3.997469902
1.629327774
1.926024675
2.028147936
1.955639839
4.348437309
3.447864532
1.742975235
1.558920383
4.315532684
5.008011103
27.359893799
0.960496426
1.178407669
1.635908365
2.163133860
1.517525434
1.149807692
2.206404209
2.869938374
3.799947500
2.769052505
4.375419855
4.657182932
0.794091225
1.994477510
3.318615913
3.050934315
1.762855291
1.510266781
1.446539879
1.486510754
1.609387636
2.003091097
2.685451508
2.783161879
1.873320103
1.374365568
1.482211351
1.379364014
0.990737438
1.696294308
0.766595364
1.501056671
1.817776442
2.605455875
1.671256304
2.423734188
2.518066883
2.631598949
2.822318554
2.652025700
2.290956736
2.733771801
2.532148123
2.479457617
2.639544249
2.032318830
2.688449144
1.831358910
2.128809929
2.584149122
2.623853683
2.281016350
2.145082235
1.745252848
1.725665569
1.542819977
2.221639156
2.132692575
2.499466896
2.968350649
2.402230263
2.912214279
2.082461596
2.034058094
2.052625179
1.777168274
1.643633842
1.084688187
0.744189739
1.611466885
1.516598463
1.603049278
1.532072306
1.483934641
1.455555439
1.380034924
1.449839115
1.444950819
1.509347200
1.656467676
1.676964521
1.552186251
1.717510939
1.571077347
1.495866776
1.574463606
2.184134722
1.663263321
1.544262409
1.632809401
1.385766029
1.474345207
1.481016397
1.513398647
1.459942818
1.453557491
1.450191259
1.705229521
1.448077917
1.882544756
1.580542088
2.473930359
1.239063740
1.602500916
1.578532457
2.315979481
1.683414936
1.900752783
1.914389610
1.478190422
1.543097734
1.378213882
1.505274296
1.394335985
1.602964163
1.518981934
1.318644762
1.198691607
1.697457075
1.335195303
1.359629869
1.354144573
1.294435263
1.318725348
1.258395433
1.816761732
0.843600035
2.082680702
2.167130470
2.293001413
1.047064543
1.078153372
1.453601122
1.378596306
1.391302586
2.162538052
2.126702309
1.640040874
2.305505037
1.672196388
1.700547457
1.640787363
1.920356512
1.555732012
1.605501890
2.682833433
30.352297068
0.796070099
1.312088013
1.417008162
1.203550816
1.250540733
1.288686275
1.314184904
1.460683584
1.647445202
1.307888746
1.190119028
1.311543226
1.264237881
1.538059473
1.563748121
1.455782652
1.776145220
1.454116583
1.470205307
1.798619270
1.566856146
1.631637335
1.533493042
1.713164806
1.469080687
0.947710037
1.437924862
1.482320070
1.498750448
1.424873114
2.578477383
0.831453085
1.555694580
1.541686058
1.539757013
1.410155058
1.452043772
1.388234377
1.526074171
1.280624628
1.329162598
1.540283918
1.684854746
1.257015705
0.968796492
1.732447863
0.761976480
1.709497452
1.660161734
1.430871248
1.468203068
1.504817486
1.723141432
1.449337244
2.211750269
2.711702585
1.835656881
1.332512617
1.329878330
1.250962973
1.415871620
0.894513607
1.561489344
1.400306463
1.473685741
1.345340729
1.465816021
1.173545837
1.295821667
1.967762709
1.003864527
0.730530739
0.814227343
1.148499250
1.268245459
1.397908449
1.352057457
1.474628925
1.547332764
1.894852638
1.342259407
1.797758818
1.466912270
1.160894394
1.467145920
1.212374449
1.228085756
1.393701315
1.248061895
1.433974981
1.398413897
1.286911249
1.349107742
1.099179745
0.961233139
1.086404324
1.185028315
1.138113260
1.133642197
1.315871477
1.153316975
1.422807932
1.644788742
1.164305449
1.241200447
1.251678228
1.513342619
1.452710629
1.472208261
1.333335400
0.772553682
1.560034513
1.463906527
1.331519127
1.358268976
1.211414337
1.407902002
1.594737768
0.790986538
1.372246265
1.380078554
1.386774063
1.411797523
1.318210363
0.660230398
1.308351994
1.264164448
0.680164576
1.341521978
1.354190826
1.298533678
1.237312794
1.317312956
1.273433447
1.049233437
1.197565556
1.097549677
1.263152122
1.282798052
1.164767027
0.975897312
0.758526802
0.766172886
1.163279295
1.060899258
1.516272545
1.576920986
1.210092306
1.414332390
1.823748112
1.495101452
1.422467947
1.494017601
1.840145826
1.326116562
1.704802752
1.144796371
0.919264555
0.776067972
1.189094543
1.761670113
1.331970930
1.158790588
1.221979380
1.221698761
1.481996298
1.421882153
1.532348156
1.556184530
1.269334555
1.561843634
1.616980076
1.217262506
1.226887703
1.510356903
1.956249952
1.370363712
1.944242477
1.882313490
1.826183558
1.191755772
1.317860842
1.392009735
1.417112589
1.420752048
1.369153738
1.246385574
1.457851887
1.458206654
1.398770571
1.690776825
1.381637096
1.589823484
1.150911570
5.880487442
26.484747410
1.116940737
1.865326166
1.463392258
0.727862358
0.991854191
1.146152735
0.980942488
1.930190325
1.160691023
1.466416359
1.208069086
0.983485460
0.567464113
1.060126305
1.772826910
1.196129322
1.293403149
1.353848457
1.654429436
1.359191418
1.055225134
1.098209620
1.767307520
1.282176733
1.344001532
1.396277428
0.825828791
1.072519064
1.136573792
1.264633656
1.239581108
1.431580305
1.231776953
1.177445173
1.734942436
1.036308289
1.042438984
0.916025162
1.711074829
1.182198048
1.213958025
2.016890764
1.620389700
1.101626635
1.118766308
1.154798269
0.913710594
1.645973206
1.076679230
1.072968483
1.128838301
1.571745396
1.339781284
0.993307829
1.233843327
1.100158930
1.207669973
0.974904060
0.680454254
1.099595308
1.090368986
1.025341034
0.975087166
1.023316383
1.171429157
1.464151144
1.594112873
1.213803530
1.116005182
1.059367418
1.099243879
1.157913208
1.408911705
1.480107307
1.195200682
1.080022812
1.539425135
1.219372272
1.188552380
1.030821562
1.817653179
1.501060247
1.162915945
0.695331812
1.450206995
1.308498144
1.366209269
1.037969589
0.920419693
1.099185944
1.144856930
1.118242741
1.563418627
1.380578756
0.736772060
1.220984459
1.906723499
1.678849936
2.266817570
1.638133049
1.154132366
1.117106438
1.179400206
0.958964586
1.421165943
1.144845963
0.967478991
2.073766470
1.004694700
1.016535282
1.363291979
1.344445705
1.227562904
1.082700729
2.081232548
1.021525621
1.005129099
1.023200989
1.319371700
1.127994061
1.147718906
1.143647671
1.750445843
1.023900270
1.076310635
0.907561064
1.055066586
1.165625095
1.069092512
1.117552996
1.427859783
1.660581112
1.503163338
0.984199762
1.277867079
1.370825052
1.034246922
1.292599916
4.101899385
3.334165573
2.503792524
1.894886971
1.983980894
1.528428555
1.700763226
1.887030125
1.062634945
1.677072525
1.863124132
1.669321060
1.874731064
1.577685356
1.640282631
1.979420900
1.344743967
1.766768694
1.539288759
1.067471266
2.577788830
2.004139423
1.247029781
2.579870701
0.935963154
2.270643473
1.247785807
1.547589064
1.576503515
