0.001463175
0.001067877
0.001134396
0.001080036
0.000951290
0.001189709
0.001122236
0.001132965
0.001105547
0.001147032
0.001137018
0.001100540
0.001358032
0.001161814
0.001046658
0.001127243
0.001127720
0.001226187
0.001137495
0.001157284
0.001137495
0.001243591
0.001154900
0.001121521
0.001095772
0.001151085
0.001112938
0.001046419
0.001141310
0.001252413
0.001181126
0.001181364
0.001247406
0.001241207
0.001107931
0.001127720
0.001235247
0.001297235
0.001193762
0.001077652
0.001260757
0.001170874
0.001157761
0.001154184
0.001188755
0.001084328
0.001073599
0.001070261
0.001077890
0.001170635
0.001173258
0.001393795
0.001149893
0.001084566
0.001248837
0.001176119
0.001181364
0.001229763
0.001163483
0.001170397
0.001163244
0.001237631
0.001191139
0.001228333
0.001098633
0.001080513
0.001090288
0.001087189
0.001197338
0.001376390
0.001157522
0.001240969
0.001163483
0.001172066
0.001082182
0.001161575
0.001112938
0.001256466
0.001413345
0.001290798
0.001172066
0.001233101
0.001234770
0.001151323
0.001088142
0.001168013
0.001162767
0.001110077
0.001232624
0.001270056
0.001143217
0.001190662
0.001230717
0.001089096
0.001102448
0.001169205
0.001315117
0.001799822
0.001789570
0.001113653
0.001169205
0.001236916
0.001179934
0.001053572
0.001165867
0.001302242
0.001161575
0.001150370
0.001160145
0.001147985
0.001157284
0.001153946
0.001157045
0.001289368
0.001146317
0.001136303
0.001329899
0.001106977
0.001143217
0.001152754
0.001159668
0.001244545
0.001298189
0.001132488
0.001125813
0.001109123
0.001102924
0.001083136
0.001104355
0.001023769
0.000999689
0.001049280
0.001041889
0.001100540
0.001085043
0.000999689
0.001039028
0.001038074
0.001057625
0.000990868
0.001058340
0.001103401
0.001042366
0.001048326
0.001030445
0.001082182
0.001041651
0.001016140
0.001099586
0.001078129
0.001061201
0.001079321
0.001071215
0.001057863
0.001075745
0.001073360
0.001074791
0.001070023
0.001080036
0.001033068
0.001045227
0.001076460
0.001076937
0.001064062
0.001079798
0.001023769
0.001067877
0.001054525
0.001054764
0.001014948
0.001061440
0.001047373
0.001070023
0.001104832
0.001054525
0.001052618
0.001116753
0.001081228
0.001131058
0.001104593
0.001066685
0.001073837
0.001071453
0.001072645
0.001099825
0.001066446
0.001023769
0.001023769
0.001051426
0.001074076
0.001042366
0.001044989
0.001049042
0.001077890
0.001112461
0.001070976
0.001105785
0.001089573
0.001114845
0.001060486
0.001050472
0.001052141
0.001090765
0.001076698
0.001062870
0.001097202
0.001103163
0.001093864
0.001109838
0.001049280
0.001051903
0.001081228
0.001126289
0.001093388
0.001091957
0.001099586
0.001095772
0.001077414
0.001098871
0.001097202
0.001133204
0.001121998
0.001124382
0.001103640
0.001548767
0.001205921
0.001029491
0.001020193
0.001048565
0.001022100
0.001021624
0.001023054
0.001020432
0.001024246
0.001075268
0.001084566
0.001027346
0.001019955
0.001097918
0.001094580
0.001086235
0.001029968
0.001104355
0.001107693
0.001262903
0.001102209
0.001188278
0.001121998
0.001236916
0.001136303
0.001065731
0.001069546
0.001030207
0.001024246
0.001029015
0.001022577
0.001030922
0.001019239
0.001034737
0.000991583
0.001019001
0.001034021
0.001025200
0.001022816
0.000967979
0.001019239
0.001016140
0.001022816
0.001055717
0.001039505
0.001025915
0.001072884
0.001073122
0.001072168
0.001044989
0.001017332
0.001026630
0.001067877
0.001032829
0.001027822
0.001031399
0.001035213
0.001039028
0.001034260
0.001041889
0.001033306
0.001080275
0.001086235
0.001106024
0.001078606
0.001037836
0.001028061
0.001017809
0.001069546
0.001045704
0.001118660
0.001070023
0.001060724
0.001113415
0.001063585
0.001104832
0.001091719
0.001051903
0.001045465
0.001128912
0.001106739
0.001119137
0.001093149
0.001138210
0.001056194
0.001060963
0.001053333
0.001091480
0.001098394
0.001079559
0.001032829
0.001059532
0.001043558
0.001068115
0.001104355
0.001114368
0.001094103
0.001041651
0.001097918
0.001077175
0.001121998
0.001071215
0.001079559
0.001134872
0.001062870
0.001063108
0.001042128
0.001131535
0.001121759
0.001128912
0.001078367
0.001066446
0.001065969
0.001096964
0.001106977
0.001080036
0.001076937
0.001067638
0.001113176
0.001548290
0.001044273
0.001055002
0.001050949
0.001082420
0.001116753
0.001088619
0.001120329
0.001122713
0.001127481
0.001105309
0.001117706
0.001120567
0.001119852
0.001139164
0.001126051
0.001097918
0.001098394
0.001097918
0.001146555
0.001240015
0.001128912
0.001168251
0.001106262
0.001181841
0.001151323
0.001154661
0.003849745
0.001087666
0.001092672
0.001092434
0.001042604
0.001119852
0.001103878
0.001099110
0.001048565
0.001101971
0.001116037
0.001099110
0.001093864
0.001027107
0.001103640
0.001109123
0.001115322
0.001115084
0.001123190
0.001094818
0.001100063
0.001093388
0.001100540
0.001109600
0.001102686
0.001111984
0.001102448
0.001113892
0.001056194
0.001044273
0.001105070
0.001102924
0.001103401
0.001109123
0.001046658
0.001113653
0.001093149
0.001105785
0.001045465
0.001113653
0.001104832
0.001100063
0.001109600
0.001033306
0.001103163
0.001142263
0.001112461
0.001099586
0.001102448
0.001159430
0.001178980
0.001136780
0.001144409
0.001137733
0.001128435
0.001124382
0.001132250
0.001170158
0.001091957
0.001119137
0.001130104
0.001126051
0.001138687
0.001129150
0.001054764
0.001134872
0.001124620
0.001159906
0.001160145
0.001146078
0.001128435
0.001127720
0.001109600
0.001086235
0.001124144
0.001137495
0.001144648
0.001176357
0.001168251
0.001139164
0.001142502
0.001131296
0.001097202
0.001089573
0.001076221
0.001079321
0.001084089
0.001099825
0.001123428
0.001114130
0.001134634
0.001112461
0.001124144
0.001112223
0.001092196
0.001116753
0.001106262
0.001116037
0.001111746
0.001105070
0.001115322
0.001111269
0.001111746
0.001101494
0.001112461
0.001176596
0.001101255
0.001144648
0.001111746
0.001110315
0.001116991
0.001222134
0.001123190
0.001154900
0.001214743
0.001116991
0.001117706
0.001161337
0.001124620
0.001036882
0.001082659
0.001075983
0.001080036
0.001078606
0.001030207
0.001088142
0.001085043
0.001087427
0.001047134
0.001089573
0.001100540
0.001099110
0.001096725
0.001018763
0.001098871
0.001097918
0.001103401
0.001106977
0.001092434
0.001095772
0.001105070
0.001099825
0.001101971
0.001099348
0.001101017
0.001101017
0.001100302
0.001107931
0.001044989
0.001057863
0.001114845
0.001101971
0.001105309
0.001097202
0.001040936
0.001104832
0.001108885
0.001130342
0.001093864
0.001147270
0.001128674
0.001144409
0.001146793
0.001073837
0.001133919
0.001130819
0.001125336
0.001132727
0.001138210
0.001125813
0.001101971
0.001104593
0.001184225
0.001117229
0.001121521
0.001124620
0.001130342
0.001136303
0.001080513
0.001125813
0.001120567
0.001116514
0.001149654
0.001159668
0.001130104
0.001127005
0.001144648
0.001137972
0.001135349
0.001132727
0.001124859
0.001194000
0.001147747
0.001113176
0.001140118
0.001134396
0.001133442
0.001119375
0.001131058
0.001133204
0.001161814
0.001156092
0.001170158
0.001132488
0.001126051
0.001136303
0.002548695
0.001127720
0.001128197
0.001120329
0.001199007
0.001199961
0.001206636
0.001200438
0.001112461
0.001188517
0.001205206
0.001204491
0.001200438
0.001196623
0.001178265
0.001116514
0.001111984
0.001107216
0.001104116
0.001111746
0.001106024
0.001142979
0.002174139
