0.000478983
0.000467539
0.000472546
0.000466585
0.000475407
0.000471830
0.000436544
0.000471830
0.000463963
0.000468254
0.000494719
0.000468254
0.000473022
0.000465393
0.000468493
0.000438452
0.000469685
0.000471354
0.000487566
0.000491381
0.000468969
0.000488997
0.000492334
0.000469446
0.000470638
0.000486374
0.000484228
0.000465631
0.000462770
0.000489712
0.000487804
0.000459194
0.000482082
0.000484705
0.000467300
0.000458002
0.000491619
0.000484943
0.000414610
0.000487804
0.000488520
0.000467062
0.000458479
0.000482082
0.000490904
0.000458956
0.000460148
0.000474453
0.000487089
0.000473499
0.000503540
0.000494719
0.000462770
0.000468016
0.000507593
0.000499010
0.000442505
0.000466347
0.000475883
0.000501156
0.000463009
0.000479937
0.000480175
0.000468016
0.000490665
0.000525713
0.000477314
0.000465631
0.000410080
0.000491142
0.000470638
0.000477076
0.000472307
0.000463009
0.000467300
0.000468016
0.000472307
0.000471115
0.000478029
0.000735760
0.000854015
0.000568151
0.000482321
0.000467539
0.000462532
0.000486612
0.000472069
0.000471592
0.000506401
0.000508308
0.000538349
0.000557184
0.000552893
0.000531673
0.000528812
0.000521898
0.000504017
0.000524998
0.000488758
0.000522614
0.000516891
0.000531912
0.000529766
0.000467300
0.000478745
0.000402689
0.000461340
0.000473499
0.000469446
0.000464439
0.000456095
0.000460625
0.000462532
0.000463247
0.000465631
0.000463724
0.000463486
0.000462532
0.000464916
0.000422478
0.000404119
0.000470161
0.000461817
0.000480413
0.000467777
0.000473976
0.000416279
0.000467777
0.000414848
0.000464439
0.000461578
0.000472784
0.000485659
0.000496864
0.000487566
0.000417709
0.000462532
0.000466585
0.000464201
0.000463963
0.000467300
0.000463486
0.000471354
0.000467539
0.000463724
0.000459671
0.000471354
0.000440121
0.000458002
0.000426531
0.000450850
0.000471830
0.000469446
0.000465393
0.000461817
0.000467539
0.000464201
0.000462055
0.000413418
0.000463963
0.000490427
0.000506878
0.000486374
0.000494719
0.000486374
0.000461817
0.000468493
0.000498772
0.000490665
0.000470161
0.000489712
0.000499725
0.000475883
0.000470400
0.000490189
0.000498295
0.000471592
0.000478506
0.000490427
0.000458717
0.000462532
0.000504732
0.000501394
0.000473499
0.000465870
0.000504971
0.000497341
0.000474930
0.000414848
0.000496387
0.000511408
0.000522614
0.000528812
0.000527143
0.000435591
0.000513554
0.000530481
0.000530005
0.000514030
0.000502825
0.000524998
0.000583410
0.000563622
0.000582933
0.000607967
0.000511646
0.000504255
0.000525951
0.000525713
0.000532389
0.000499249
0.000513554
0.000534058
0.000507355
0.000501156
0.000534773
0.000574827
0.000565767
0.000584841
0.000561714
0.000825167
0.000867844
0.000582695
0.000519276
0.000511408
0.000505686
0.000511885
0.000510454
0.000501871
0.000514984
0.000516176
0.000504732
0.000506878
0.000506639
0.000501156
0.000509262
0.000502348
0.000506639
0.000510454
0.000511408
0.000550032
0.000602245
0.000562906
0.000582933
0.000534534
0.000545740
0.000538826
0.000563383
0.000541210
0.000553131
0.000544310
0.000558138
0.000506878
0.000513554
0.000513077
0.000547886
0.000550747
0.000542879
0.000558853
0.000543118
0.000560284
0.000546217
0.000503302
0.000515938
0.000579119
0.000527143
0.000552893
0.000556707
0.000563860
0.000535488
0.000560522
0.000508308
0.000560760
0.000528812
0.000555992
0.000535250
0.000557661
0.000539780
0.000543356
0.000527620
0.000552893
0.000502110
0.000551462
0.000530720
0.000836134
0.000544786
0.000568151
0.003647089
0.000533819
0.000523329
0.000524044
0.000534296
0.000538826
0.000483751
0.000481129
0.000488520
0.000505686
0.000440836
0.000451803
0.000403643
0.000410795
0.000458241
0.000446320
0.000443935
0.000440836
0.000394821
0.000448227
0.000433207
0.000447512
0.000392437
0.000441313
0.000435352
0.000445843
0.000434875
0.000376701
0.000435352
0.000440836
0.000440836
0.000447750
0.000447035
0.000433683
0.000453711
0.000439167
0.000446320
0.000445366
0.000434399
0.000439644
0.000433922
0.000494480
0.000399113
0.000404596
0.000444412
0.000473499
0.000475883
0.000462055
0.000404358
0.000477076
0.000482798
0.000451803
0.000420809
0.000492096
0.000457764
0.000453949
0.000477552
0.000397921
0.000452042
0.001541138
0.000467062
0.000475883
0.000472307
0.000474691
0.000447989
0.000450373
0.000442982
0.000435829
0.000503302
0.000517607
0.000488997
0.000451326
0.000452042
0.000468016
0.000452518
0.000451803
0.000479937
0.000459194
0.000410318
0.000471830
0.000480413
0.000465870
0.000458002
0.000505447
0.000497341
0.000475645
0.000485182
0.000430584
0.000458956
0.000455141
0.000483751
0.000491381
0.000462055
0.000465393
0.000477552
0.000472307
0.000455618
0.000500917
0.000498056
0.000470638
0.000458479
0.000474691
0.000477552
0.000461817
0.000471115
0.000511408
0.000508785
0.000474453
0.000472784
0.000495195
0.000503302
0.000480175
0.000500202
0.000502586
0.000477076
0.000476599
0.000507116
0.000499964
0.000471354
0.000507116
0.000477314
0.000479460
0.000476837
0.000483751
0.000494719
0.000533581
0.000478268
0.000474215
0.000474691
0.000483990
0.000474215
0.000479221
0.000504255
0.000500917
0.000487566
0.000530958
0.000538111
0.000535250
0.000442266
0.000507355
0.000455856
0.000475168
0.000410080
0.000454426
0.000452995
0.000453472
0.000451803
0.000388861
0.000491381
0.000501156
0.000501871
0.000506639
0.000519991
0.000486135
0.000498295
0.000495911
0.000496864
0.000492811
0.000482082
0.000490665
0.000482798
0.000497103
0.000444651
0.000445843
0.000503540
0.000492811
0.000491619
0.000485897
0.000442982
0.000492573
0.000496149
0.000502825
0.000443459
0.000493765
0.000493050
0.000498533
0.000499249
0.000429869
0.000487566
0.000487089
0.000481129
0.000501871
0.000498295
0.000493526
0.000497103
0.000507593
0.000524044
0.000491381
0.000498056
0.000490189
0.000492573
0.000514746
0.000460863
0.000515461
0.000523090
0.000527143
0.000522614
0.000524521
0.000422478
0.000460148
0.000462055
0.000477552
0.000511646
0.000484943
0.000489473
0.000495911
0.000479698
0.000421286
0.000457764
0.000466824
0.000472307
0.000497818
0.000486851
0.000488758
0.000488520
0.000478268
0.000486135
0.000455856
0.000466347
0.000456572
0.000451088
0.000483990
0.000484228
0.000484943
0.000485182
0.000488281
0.000493526
0.000487804
0.000468016
0.000515938
0.000467300
0.000482559
0.000479698
0.000481129
0.000478983
0.000480175
0.000463247
0.000489473
0.000475645
0.000476360
0.000517607
0.000490665
0.000465870
0.000449419
0.000451326
0.000450611
0.000452518
0.000462294
0.000446081
0.000446558
0.000445366
0.000474453
0.000481606
0.000457764
0.000457048
0.000454426
0.000505924
0.000479698
0.000458241
0.000449419
0.000472069
0.000466824
0.000501394
0.000499725
0.000494719
0.000498772
0.000489712
0.000422955
0.000485182
0.000496149
0.000490665
0.000498772
0.000487804
0.000482082
0.000496387
0.000493765
0.000491858
0.000493765
0.000486135
0.000493288
0.000480652
0.000496387
0.000457287
0.000423908
0.000447035
0.000450850
0.000449419
0.000456810
0.000397444
0.000451326
0.000444651
0.000458956
0.000394583
0.000449419
0.000442982
0.000450373
0.000453234
0.000414133
0.000446558
0.000455379
0.000447273
0.000459433
0.000471354
0.000450611
0.000459671
0.000447035
0.000446320
0.000447035
0.000432014
0.000448704
0.000450373
0.000457287
0.001443624
