0.002596617
0.002200127
0.002185583
0.002171755
0.002243042
0.002148390
0.002273560
0.002270222
0.002153397
0.002221584
0.011983871
0.002252102
0.002204180
0.002290010
0.002215624
0.002303839
0.002290726
0.002227068
0.002212048
0.002386570
0.002246141
0.002361298
0.002377748
0.002298832
0.002358675
0.002290010
0.002258778
0.002259016
0.002358913
0.002284765
0.002372980
0.002300978
0.002400637
0.002291441
0.002307653
0.002111673
0.002219200
0.011279583
0.002053261
0.002253294
0.002131701
0.002238035
0.002151251
0.002179861
0.002225399
0.002220154
0.002171755
0.002263546
0.002142429
0.002149343
0.001976967
0.002156496
0.002110720
0.002069235
0.002128839
0.002039909
0.002068758
0.002000332
0.002073526
0.002019167
0.002071381
0.002088547
0.001978874
0.001987457
0.002089024
0.002069712
0.002182961
0.002258778
0.002255678
0.002138376
0.002277374
0.002149582
0.002155066
0.002192020
0.002130985
0.002225399
0.002193213
0.002125740
0.002199650
0.002082586
0.002166986
0.002095461
0.002186298
0.002211332
0.002148390
0.002133608
0.002199411
0.002243757
0.002102375
0.002188921
0.002129078
0.002175570
0.002197027
0.002113104
0.002125263
0.002083063
0.002187967
0.002130032
0.002178907
0.002268791
0.001940489
0.001950979
0.002002716
0.002024889
0.002031565
0.002114534
0.002734423
0.002698898
0.002663374
0.002134085
0.002064943
0.002233028
0.002106905
0.002084255
0.002117157
0.002123117
0.012028933
0.002380371
0.002530336
0.002332449
0.002235413
0.002220631
0.002195358
0.002299786
0.002291441
0.002380133
0.002289772
0.002288818
0.002460241
0.002577782
0.002296925
0.002470255
0.002567291
0.002341747
0.002510309
0.002606153
0.002335787
0.002486706
0.002582788
0.002512455
0.002298832
0.002279758
0.002869368
0.002344608
0.002361774
0.002367496
0.002268553
0.002346754
0.002479792
0.002576113
0.002336979
0.002476931
0.002586365
0.002330303
0.002596140
0.002465963
0.002237558
0.002411127
0.002524137
0.002555847
0.002545357
0.002214909
0.002430439
0.002488852
0.002497196
0.002545834
0.002526522
0.002575874
0.002577305
0.002730608
0.002506256
0.002564430
0.002289057
0.002265453
0.002143860
0.002250433
0.002156734
0.002067327
0.002049923
0.002049685
0.002069712
0.002065420
0.002042055
0.002054930
0.002027273
0.002055407
0.002065420
0.002053261
0.002063513
0.002055645
0.002083540
0.002072573
0.002072334
0.002060652
0.002067804
0.002041340
0.002058983
0.002051115
0.002050400
0.001986265
0.002061605
0.002076626
0.002071381
0.002053261
0.002058983
0.002019405
0.002074718
0.002056599
0.002053738
0.002018452
0.002072334
0.002069473
0.002073288
0.002057791
0.002001047
0.002049446
0.002047062
0.002064943
0.002071381
0.002045631
0.002056599
0.002040863
0.002068043
0.002042770
0.002067804
0.002059221
0.002069235
0.002064466
0.002087116
0.002027988
0.002091646
0.011808872
0.002211094
0.002312660
0.002316475
0.002170324
0.002301931
0.002286673
0.002305508
0.002304554
0.002063751
0.002178669
0.002192736
0.002158642
0.002172947
0.002144814
0.002224922
0.002188206
0.002176523
0.002166033
0.002146244
0.002171516
0.002170324
0.002137899
0.002128601
0.002156973
0.002139568
0.002154827
0.002176285
0.002137423
0.002212524
0.002179384
0.002143145
0.002192020
0.002167225
0.002132416
0.002190828
0.002130032
0.002190590
0.002145529
0.002169609
0.002163649
0.003078699
0.002168894
0.012189865
0.002221584
0.002190590
0.002210617
0.002212524
0.002209187
0.002244234
0.002238512
0.002215862
0.002207994
0.002169847
0.002214670
0.002207994
0.002151966
0.002165079
0.002168894
0.002185822
0.002147198
0.002149820
0.002147436
0.002166033
0.002150774
0.002153873
0.002158165
0.002159595
0.002167225
0.002440929
0.002094269
0.002104282
0.002112865
0.002089500
0.002171040
0.002182007
0.002171755
0.002169132
0.002284527
0.002664566
0.002243996
0.002427816
0.002533197
0.002507448
0.002695084
0.002601862
0.002276421
0.002196074
0.012283564
0.012257099
0.002028942
0.002086639
0.002009869
0.002016783
0.001992941
0.002007484
0.002010822
0.002012730
0.001969337
0.002019882
0.002022028
0.002007484
0.002007723
0.001947403
0.002107382
0.002127171
0.002108097
0.002125502
0.002144098
0.002121687
0.002112389
0.002127886
0.002112865
0.002124071
0.002101898
0.002113104
0.002106905
0.002119541
0.002075434
0.012022972
0.002034664
0.002016068
0.002036810
0.002026320
0.001988173
0.002046108
0.002029896
0.002104998
0.002060652
0.002107859
0.002082109
0.002062798
0.002067566
0.001989126
0.002113104
0.002157450
0.002121210
0.002128363
0.002125502
0.002099514
0.002103090
0.003143072
0.002125502
0.002132893
0.002109289
0.002109289
0.002105951
0.002124548
0.002111912
0.002101660
0.002102613
0.002120972
0.002119780
0.002122164
0.002109766
0.002120733
0.002124786
0.002138138
0.002095222
0.002084255
0.002024174
0.002149820
0.002148390
0.002154827
0.002175808
0.002169371
0.002169609
0.002166271
0.002136230
0.002152443
0.002181053
0.002181530
0.002153397
0.002139568
0.002123356
0.002151966
0.002173901
0.002191782
0.002222300
0.002196074
0.002113342
0.002102613
0.002122641
0.002080679
0.002074242
0.002094269
0.002087355
0.002092600
0.002096176
0.002073288
0.002283335
0.002961636
0.002108812
0.002128363
0.002117872
0.002160311
0.002247572
0.002145767
0.002229691
0.002375126
0.002412319
0.002579927
0.002536535
0.002208948
0.002121687
0.002083778
0.002078772
0.002064943
0.002108812
0.002020121
0.002063751
0.002068758
0.002062798
0.002091169
0.002015829
0.002066612
0.002063274
0.002062321
0.002029181
0.002074957
0.002076626
0.002067089
0.002072096
0.012016058
0.002054453
0.002073526
0.002062082
0.002079487
0.002070904
0.002065897
0.002059698
0.002072573
0.002068043
0.002060413
0.002063990
0.002067566
0.002058029
0.002089739
0.012053013
0.002060413
0.002089739
0.002999783
0.002088070
0.002092838
0.002030611
0.002064466
0.002066851
0.002107382
0.012030363
0.002083778
0.001994371
0.002144098
0.002113104
0.002067089
0.002129793
0.002121210
0.002129316
0.002151251
0.002138376
0.002167463
0.002124071
0.002445936
0.002160311
0.002166510
0.002100945
0.002129316
0.002115488
0.002128124
0.002081156
0.002125502
0.002142191
0.002160788
0.002205133
0.002139807
0.002080679
0.002105236
0.002135992
0.002144814
0.002136946
0.002187490
0.002053738
0.002082109
0.002128601
0.002098083
0.002118587
0.002136469
0.002130032
0.002112389
0.002152681
0.002147913
0.002140522
0.002552748
0.002151489
0.002127647
0.002098083
0.002106905
0.002124548
0.002116203
0.002135277
0.002117872
0.002132893
0.002093077
0.002122641
0.002153158
0.002134800
0.002144337
0.002118587
0.002114296
0.002089739
0.002077103
0.002022743
0.002116919
0.012038708
0.001964808
0.002078772
0.002077103
0.002089977
0.002100945
0.002392530
0.002295732
0.002007723
0.002025127
0.002081394
0.002035379
0.005137205
0.005189657
0.002158642
0.002162457
0.002103329
0.002107859
0.002145290
0.002143860
0.002163410
0.002128601
0.002118826
0.002162457
0.007880688
0.005208015
0.002154589
0.003002882
0.002507210
0.002738237
0.002446175
0.005752325
0.002285957
0.002275705
0.002266407
0.002275229
0.002320051
0.002552986
0.002766848
0.002274513
0.002250433
0.002336264
0.002409458
0.002372980
0.002444983
0.002340317
0.002509594
0.002347469
0.002352476
0.002410412
0.002881050
0.002410173
0.002180099
0.002233028
0.002234221
0.002264977
0.003265381
