0.055898428
0.000348568
0.000291348
0.000298977
0.000257015
0.000319481
0.000319719
0.000321150
0.000324011
0.000308514
0.000319481
0.000321627
0.000343084
0.000341892
0.000339270
0.000313759
0.000314236
0.000314474
0.000318766
0.000312567
0.000317335
0.000337839
0.000340223
0.000418901
0.000412464
0.000389099
0.000386238
0.000387192
0.000390053
0.000381470
0.000507355
0.000405550
0.000408649
0.000393867
0.000384569
0.000387907
0.000385523
0.000617027
0.000546694
0.003711224
0.000433683
0.000425339
0.000397444
0.000418901
0.000396729
0.000404119
0.000397682
0.000398159
0.000396252
0.000402689
0.000363350
0.000407696
0.000391483
0.000400066
0.000400066
0.000410795
0.000404119
0.000405550
0.000437260
0.000429153
0.000439167
0.000433445
0.000396013
0.000397444
0.000334978
0.000391483
0.000375986
0.000383139
0.000409365
0.000413895
0.000403404
0.000406504
0.000381470
0.000384092
0.000384092
0.000382423
0.000380993
0.000406265
0.000409126
0.000428438
0.000407934
0.000386953
0.000383615
0.000379562
0.000420570
0.000389814
0.000419855
0.000411272
0.000410795
0.000402689
0.000389814
0.000399351
0.000404119
0.000411034
0.000410557
0.000386715
0.000387669
0.000382662
0.000385761
0.000405788
0.000419855
0.000413418
0.000442743
0.000451088
0.000436306
0.000516415
0.000516415
0.000480175
0.000437498
0.000437737
0.000455141
0.000440836
0.000437975
0.000438929
0.000441790
0.000444174
0.000444412
0.000438929
0.000441313
0.000439882
0.000439644
0.000440598
0.000435829
0.000438929
0.000472784
0.000470400
0.000471830
0.000476360
0.000468969
0.000465631
0.000465870
0.000471830
0.000464678
0.000434875
0.000441313
0.000436544
0.000435114
0.000436783
0.000439167
0.000432491
0.000395298
0.000431538
0.000434160
0.000434875
0.000435114
0.000391722
0.000433445
0.000438929
0.000433683
0.000394106
0.000442982
0.000431061
0.000431538
0.000433683
0.000366211
0.000439167
0.000437021
0.000430346
0.000434399
0.000433683
0.000430346
0.000431776
0.000435829
0.000435829
0.000433445
0.000435352
0.000435591
0.000435829
0.000430584
0.000380993
0.000403404
0.000432730
0.000433922
0.000440121
0.000435829
0.000428438
0.000433683
0.000432491
0.000441551
0.000399828
0.000435829
0.000434399
0.000463486
0.000461817
0.000406981
0.000477791
0.000460386
0.000437975
0.000429630
0.000434637
0.000431538
0.000432014
0.000453234
0.000454426
0.000458717
0.000458717
0.000432014
0.000430584
0.000441551
0.000431061
0.000432253
0.000455856
0.000456810
0.000458717
0.000455141
0.000438929
0.000431061
0.000430822
0.000431299
0.000428915
0.000431061
0.000452757
0.000449181
0.000456333
0.000442505
0.000436783
0.000439405
0.000437260
0.000433922
0.000434637
0.000434160
0.000437021
0.000429630
0.000458479
0.000458241
0.000447750
0.000464916
0.000438690
0.000435114
0.000436306
0.000430346
0.000432730
0.000434637
0.000435829
0.000433445
0.000543833
0.000491619
0.000484467
0.000478029
0.000483990
0.000481606
0.000482798
0.000512362
0.000512123
0.000506878
0.000538826
0.000509262
0.000517607
0.000530005
0.000509739
0.000522375
0.000523329
0.000540018
0.000531197
0.000529289
0.000461340
0.000474691
0.000472307
0.000482798
0.000421286
0.000440121
0.000481606
0.000478745
0.000478029
0.000474691
0.000426531
0.000477314
0.000477791
0.000473976
0.000427723
0.000475407
0.000473738
0.000468016
0.000475407
0.000412464
0.000474930
0.000480413
0.000486374
0.000475168
0.000489712
0.000473261
0.000477314
0.000476360
0.000490665
0.000508070
0.000499249
0.000499725
0.000501633
0.000469208
0.000467062
0.000427246
0.000472546
0.000475883
0.000476837
0.000469685
0.000433445
0.000477314
0.000475645
0.000468731
0.000447512
0.000489473
0.000474453
0.000476837
0.000475883
0.000413179
0.000474453
0.000480175
0.000473261
0.000471354
0.000540733
0.000495195
0.000501871
0.000476837
0.000493765
0.000477076
0.000478029
0.000499249
0.000511169
0.000498772
0.000500441
0.000495195
0.000479460
0.000474453
0.000477791
0.000475883
0.000469446
0.000504017
0.000509739
0.000500679
0.000499487
0.000504732
0.000477791
0.000476837
0.000471830
0.000474930
0.000500441
0.000508070
0.000509262
0.000501394
0.000501633
0.000474215
0.000475407
0.000478029
0.000469446
0.000479221
0.000481844
0.000483751
0.000488997
0.000491142
0.001537800
0.000504017
0.000508308
0.000482321
0.000704765
0.000488997
0.000482082
0.000488281
0.000481844
0.000496864
0.000489473
0.000490189
0.000487804
0.000478029
0.000484705
0.000480890
0.000513554
0.000544786
0.000525236
0.000520706
0.000542402
0.000526428
0.000524282
0.000539064
0.000519753
0.000490904
0.000485897
0.000477076
0.000477076
0.000479937
0.000427246
0.000428915
0.000471592
0.000472307
0.000468969
0.000457525
0.000424623
0.000469446
0.000473738
0.000472069
0.000469923
0.000483513
0.000470877
0.000469685
0.000468016
0.000418901
0.000474453
0.000469923
0.000486374
0.000473261
0.000490427
0.000480175
0.000489235
0.000485182
0.000490665
0.000470161
0.000480890
0.000469446
0.000480175
0.000472784
0.000417709
0.000437021
0.000498533
0.000478029
0.000484467
0.000478268
0.000442505
0.000476360
0.000482798
0.000484228
0.000501871
0.000503302
0.000504732
0.000504017
0.000509739
0.000459671
0.000481129
0.000483990
0.000481844
0.000480652
0.000496626
0.000507832
0.000511646
0.000508785
0.000508070
0.000500917
0.000487328
0.000483990
0.000485420
0.000505447
0.000513792
0.000512123
0.000516176
0.000553131
0.000481367
0.000483751
0.000484228
0.000484705
0.000517845
0.000509739
0.000503778
0.000517130
0.000505924
0.000515461
0.000498772
0.000488758
0.000492811
0.000491142
0.000508308
0.000498533
0.000512123
0.000504971
0.000503778
0.000482798
0.000490427
0.000513077
0.000879765
0.000865698
0.000515461
0.000858545
0.000483990
0.000492334
0.000492573
0.000489235
0.000489235
0.000499010
0.000493050
0.000488520
0.000496864
0.000483990
0.000494719
0.000485659
0.000489235
0.000561953
0.000488758
0.000485420
0.000571489
0.000517845
0.000542879
0.000540972
0.000552177
0.000533581
0.000552893
0.000509262
0.000543833
0.000488758
0.000480175
0.000475645
0.000476360
0.000479937
0.000436068
0.000449419
0.000477791
0.000476122
0.000477314
0.000478506
0.000443697
0.000477314
0.000483513
0.000491619
0.000430107
0.000487566
0.000478268
0.000484467
0.000478029
0.000413656
0.000477314
0.000474930
0.000484943
0.000519991
0.000474215
0.000475168
0.000491619
0.000485182
0.000478029
0.000484467
0.000468254
0.000483751
0.000483036
0.000487328
0.000428438
0.000448465
0.000480652
0.000482798
0.000487089
0.000473261
0.000436783
0.000482798
0.000481606
0.000507355
0.000480175
0.000485659
0.000479937
0.000478745
0.000491858
0.000447750
0.000506639
0.000503302
0.000512838
0.000504017
0.000481844
0.000476599
0.000478268
0.000481606
0.000488281
0.000512123
0.000498295
0.000504255
0.000512838
0.000514746
0.000476122
0.000480890
0.000493288
0.000480652
0.000505447
0.000501633
0.000504732
0.000509262
0.000507116
0.000485182
0.000479460
0.000477791
0.000480652
0.000508547
0.000501394
0.000500917
0.000512362
0.000484943
0.000485659
0.000487804
0.000511169
0.000517130
0.000520706
0.000507116
0.000507593
0.000514507
0.000485420
0.000491381
0.000486612
0.000490904
0.000487089
0.000491619
0.000514746
0.000503302
0.000503302
0.000479937
0.000489235
0.000487328
0.000486851
0.000537395
0.001555443
