0.000636578
0.000707150
0.000684500
0.000723124
0.000699043
0.000725031
0.000623941
0.000693798
0.000597954
0.000605106
0.000681639
0.000688076
0.000595331
0.000677824
0.000688553
0.000624895
0.000595570
0.000683784
0.000690937
0.000603437
0.000688791
0.000601292
0.000601530
0.000619888
0.000692129
0.000609875
0.000692368
0.000692129
0.000685215
0.000684261
0.000616074
0.000627756
0.000679970
0.000698328
0.000635862
0.000654221
0.000678539
0.000659704
0.000604630
0.000618219
0.000691652
0.000602484
0.000671864
0.000602961
0.000603437
0.000614643
0.000773907
0.000625372
0.000687122
0.000684977
0.000678539
0.000597954
0.000484467
0.000597477
0.000615358
0.000708818
0.000590086
0.000685930
0.000509262
0.000704288
0.000596285
0.000609636
0.000599623
0.000682354
0.000597954
0.000676632
0.000610352
0.000689745
0.000682592
0.000604153
0.000586748
0.000697374
0.000599384
0.000682354
0.000602007
0.000615597
0.000410557
0.000682831
0.000597715
0.000647068
0.000691175
0.000685930
0.000602961
0.000478506
0.000595570
0.000576258
0.000446558
0.000595808
0.000701666
0.000596046
0.000676394
0.000693798
0.000620127
0.000699520
0.000604153
0.000693560
0.000450134
0.000555515
0.000590086
0.000692606
0.000585556
0.000592947
0.000582457
0.000580549
0.000575781
0.000578403
0.000442266
0.000602245
0.000572681
0.000590324
0.000584364
0.000582218
0.000569582
0.000583649
0.000569344
0.000597954
0.000439167
0.000581026
0.000579596
0.000603199
0.000576496
0.000577450
0.000591993
0.000610828
0.011035204
0.000528812
0.000444651
0.000576973
0.000576258
0.000570059
0.000564337
0.000580311
0.000569820
0.000568151
0.000436068
0.000543356
0.000404119
0.000576258
0.000568151
0.000591516
0.000565767
0.000583887
0.000562191
0.000581264
0.000570297
0.011401892
0.000429869
0.000614405
0.000577211
0.000585318
0.000567436
0.000578642
0.000569105
0.000576258
0.000523806
0.000585079
0.000436306
0.000601292
0.000573635
0.000568867
0.000579119
0.000574112
0.000575542
0.000545979
0.000588179
0.000588417
0.000570297
0.000588417
0.000561953
0.000578403
0.000566006
0.000586033
0.000568151
0.000587225
0.000572920
0.000563145
0.000636578
0.000572443
0.000571728
0.000575542
0.000590563
0.000586748
0.000591755
0.000573635
0.000576019
0.000578880
0.000580549
0.000580072
0.000592470
0.000574589
0.000577688
0.000554562
0.000651598
0.000575542
0.000579596
0.000585079
0.000568151
0.000582218
0.000586271
0.000571728
0.000595808
0.000569344
0.000576735
0.000576496
0.000578165
0.000579834
0.000573874
0.000579119
0.000571489
0.000586510
0.000569105
0.000580788
0.000574589
0.000569582
0.000575066
0.000576735
0.000571251
0.000578880
0.000540972
0.000579596
0.000592470
0.000598669
0.000598669
0.000611305
0.000621319
0.000619888
0.000617266
0.000587702
0.000585556
0.000590086
0.000590324
0.000593901
0.000525713
0.000586748
0.000592709
0.000413895
0.000586271
0.000590563
0.000607729
0.000593424
0.000596762
0.000585318
0.000612020
0.000373602
0.000594854
0.000593185
0.000600100
0.000598669
0.000582457
0.000598669
0.000592470
0.000596523
0.000538588
0.000580549
0.000587940
0.000591993
0.000590563
0.000591516
0.000593901
0.000588894
0.000598907
0.000585318
0.000613689
0.000587463
0.000438690
0.000587702
0.000604868
0.000589848
0.000581026
0.000593424
0.000593185
0.000601768
0.000606775
0.000588655
0.000585079
0.000589609
0.000583649
0.000584602
0.000584602
0.000590563
0.000599623
0.000577688
0.000599861
0.000576973
0.000586748
0.000584602
0.000535965
0.000593901
0.000586748
0.000594139
0.000594139
0.000596523
0.000607252
0.000595093
0.000584364
0.000602007
0.000591278
0.000596285
0.000585079
0.000627041
