0.000214577
0.000188351
0.000224352
0.000273228
0.000231981
0.000230551
0.000240088
0.000231028
0.000239611
0.000237226
0.000237226
0.000232220
0.000241518
0.000167131
0.000229359
0.000207663
0.000213385
0.000230074
0.000254154
0.000362396
0.000324726
0.000307798
0.000194073
0.000211239
0.000221729
0.000220537
0.000257492
0.000226736
0.000211954
0.000219345
0.000182152
0.000231028
0.000170469
0.000184298
0.000230789
0.000224352
0.000230074
0.000235796
0.000233173
0.000234842
0.000208139
0.000242233
0.000187397
0.000209093
0.000221968
0.000219345
0.000230312
0.000214100
0.000223398
0.000170946
0.000231504
0.000229597
0.000234365
0.000235558
0.000231981
0.000235081
0.000230789
0.000228882
0.000236750
0.000236988
0.000231743
0.000229120
0.000234365
0.000569820
0.000233412
0.000237465
0.000216484
0.000481367
0.000433683
0.000363827
0.000320435
0.000246286
0.000188351
0.000231981
0.000231504
0.000312567
0.000237226
0.000234365
0.000167608
0.000233412
0.000231028
0.000229120
0.000235558
0.000229597
0.000190496
0.000212431
0.000234842
0.000240088
0.000198841
0.000231266
0.000313759
0.000229359
0.000233889
0.000210762
0.000241041
0.000227690
0.000227928
0.000234842
0.000235796
0.000234365
0.000237226
0.000241518
0.000184298
0.000231981
0.000230074
0.000228405
0.000236273
0.000230312
0.000175714
0.000233173
0.000231266
0.000187874
0.000234365
0.000229836
0.000244141
0.000228405
0.000230074
0.000231981
0.000231504
0.000230312
0.000237465
0.000233889
0.000231266
0.000239849
0.000231266
0.000231028
0.000229836
0.000238419
0.000231504
0.000236511
0.000231028
0.000260592
0.000236511
0.000246525
0.000226021
0.000230312
0.000231266
0.000234127
0.000231743
0.000205755
0.000240803
0.000231981
0.000232458
0.000240326
0.000225067
0.000232458
0.000234127
0.000230551
0.000227928
0.000224590
0.000237465
0.000229359
0.000229836
0.000240564
0.000207901
0.000228405
0.000230789
0.000229120
0.000226736
0.000232935
0.000229597
0.000229359
0.000234365
0.000237942
0.000226021
0.000225782
0.000230074
0.000227451
0.000229120
0.000231028
0.000231028
0.000229597
0.000232220
0.000235796
0.000244856
0.000230789
0.000225782
0.000228643
0.000228643
0.000232220
0.000235081
0.000228167
0.000230789
0.000230551
0.000228167
0.000230312
0.000228405
0.000237703
0.000231981
0.000228882
0.000228643
0.000232220
0.000236273
0.000231504
0.000228167
0.000227690
0.000230312
0.000239849
0.000231028
0.000231266
0.000215292
0.000228405
0.000230551
0.000231504
0.000215054
0.000230789
0.000226498
0.000228643
0.000233889
0.000206232
0.000241756
0.000226974
0.000230789
0.000226259
0.000230312
0.000228405
0.000226021
0.000230789
0.000231028
0.000232220
0.000233412
0.000311852
0.000231743
0.000238419
0.000193596
0.000230789
0.000227451
0.000226974
0.000227213
0.000229597
0.000230312
0.000230551
0.000207901
0.000231743
0.000211954
0.000232935
0.000226974
0.000228405
0.000230074
0.000230312
0.000232220
0.000228167
0.000231981
0.000230074
0.000237942
0.000226259
0.000229359
0.000229597
0.000226259
0.000229836
0.000228643
0.000228643
0.000229597
0.000227690
0.000229120
0.000231266
0.000228405
0.000227928
0.000226974
0.000228882
0.000231743
0.000230312
0.000230551
0.000230551
0.000227213
0.000231504
0.000228405
0.000229597
0.000230074
0.000191689
0.000237703
0.000233173
0.000203848
0.000208855
0.000229120
0.000231743
0.000230551
0.000227451
0.000236034
0.000231504
0.000192881
0.000226974
0.000230789
0.000236511
0.000216007
0.000231981
0.000230551
0.000227451
0.000231981
0.000231504
0.000228167
0.000227451
0.000199795
0.000221014
0.000229836
0.000228882
0.000228167
0.000227451
0.000231743
0.000180483
