0.000489235
0.000455379
0.000379801
0.000472784
0.000399113
0.000392675
0.000296354
0.000383615
0.000385046
0.000390053
0.000460625
0.000388384
0.000380039
0.000469685
0.000398159
0.000259161
0.000304461
0.000385046
0.000383139
0.000384092
0.000463724
0.000381708
0.000397444
0.000365973
0.000378132
0.000479698
0.000296593
0.000408411
0.000461340
0.000390053
0.000383377
0.000391006
0.000464678
0.000385523
0.000379562
0.000403166
0.000386715
0.000382185
0.000390053
0.000384092
0.000392675
0.000383139
0.000456572
0.000390053
0.000459433
0.000403643
0.000297308
0.000381470
0.000461817
0.000381947
0.000389099
0.000461340
0.000384092
0.000387430
0.000384808
0.000431061
0.000276089
0.000386477
0.000388861
0.000462770
0.000390053
0.000413656
0.000377655
0.000466585
0.000381947
0.000390768
0.000250578
0.000468969
0.000380516
0.000380039
0.000380039
0.000384808
0.000387907
0.000469685
0.000382900
0.000438690
0.000327349
0.000383854
0.000387192
0.000467062
0.000381947
0.000382185
0.000379324
0.000465393
0.000381708
0.000355244
0.000306368
0.000457764
0.000382185
0.000392437
0.000385761
0.000463486
0.000386238
0.000378847
0.000383139
0.000353098
0.000363350
0.000382662
0.000388622
0.000389099
0.000378132
0.000380754
0.000377417
0.000377417
0.000375986
0.000385284
0.000289679
0.000393629
0.000374556
0.000374079
0.000377417
0.000381947
0.000378132
0.000384808
0.000368118
0.000374317
0.000371695
0.000327826
0.000371218
0.000379801
0.000374794
0.000385523
0.000382185
0.000374794
0.000380754
0.000377417
0.000374556
0.000378370
0.000385523
0.000384092
0.000372887
0.000382185
0.000372171
0.000246763
0.000374556
0.000379562
0.000371218
0.000374794
0.000369787
0.000380993
0.000384808
0.000385046
0.000373125
0.000357151
0.000377655
0.000372648
0.000372648
0.000377893
0.000369310
0.000380516
0.000372887
0.000376463
0.000382185
0.000378132
0.000370502
0.000376701
0.000366688
0.000381470
0.000371695
0.000352144
0.000375271
0.000373363
0.000382185
0.000376940
0.000374079
0.000376940
0.000375748
0.000375986
0.000375748
0.000358820
0.000378847
0.000383854
0.000382185
0.000378609
0.000390291
0.000387669
0.000371456
0.000375748
0.000374079
0.000371933
0.000380278
0.000376225
0.000370026
0.000371695
0.000237703
0.000374794
0.000373602
0.000371695
0.000380754
0.000382900
0.000373363
0.000389338
0.000372648
0.000376225
0.000373125
0.000373602
0.000374079
0.000385046
0.000373840
0.000380278
0.000379324
0.000350475
0.000402927
0.000369072
0.000375271
0.000379324
0.000377178
0.000376940
0.000373363
0.000375271
0.000365973
0.000377178
0.000353813
0.000376701
0.000367641
0.000371456
0.000369787
0.000374794
0.000368357
0.000369310
0.000398159
0.000377178
0.000326872
0.000380278
0.000376463
0.000382423
0.000367165
0.000376940
0.000367880
0.000375748
0.000374794
0.000380516
0.000372648
0.000392199
0.000365973
0.000378609
0.000416994
0.000371695
0.000373602
0.000377417
0.000371456
0.000376940
0.000373602
0.000393867
0.000380754
0.000379562
0.000375509
0.000370502
0.000372410
0.000377417
0.000371456
0.000383377
0.000376225
0.000386715
0.000373602
0.000372648
0.000375032
0.000379086
0.000380516
0.000379324
0.000381947
0.000374794
0.000274658
0.000373602
0.000373363
0.000370741
0.000380039
0.000378847
0.000372648
0.000370741
0.000374317
0.000377178
0.000383377
0.000377417
0.000375748
0.000371456
0.000374556
0.000374556
0.000375032
0.000371933
0.000387192
0.000382900
0.000382900
0.000373840
0.000377178
0.000374079
0.000375509
0.000377655
0.000375986
0.000383854
0.000372648
0.000386000
0.000376225
0.000383139
0.000378132
0.000373363
0.000378847
0.000375509
0.000376940
0.000333309
