0.011844635
0.000932217
0.001057625
0.000965118
0.001053095
0.000933647
0.001067638
0.000960350
0.001064301
0.000951767
0.000940561
0.001058578
0.000994444
0.001080513
0.000938892
0.001055002
0.000928164
0.000950336
0.001067877
0.000950575
0.001046658
0.000949383
0.001104116
0.000952005
0.001010656
0.001061440
0.001054764
0.001062632
0.000759125
0.000958681
0.000930071
0.001063585
0.000938416
0.001048326
0.001057386
0.001050949
0.000942707
0.001066685
0.000936985
0.000948429
0.000818253
0.000948668
0.001039028
0.001085043
0.001056194
0.001049042
0.000945330
0.001077890
0.000935078
0.000949144
0.001056671
0.001062393
0.000968456
0.001053572
0.000930786
0.000958204
0.001061201
0.001081705
0.001085520
0.000937700
0.000934601
0.001050234
0.000937223
0.001049280
0.000951767
0.000917912
0.001055479
0.000945091
0.000937939
0.001043558
0.001063585
0.000950336
0.001056433
0.001058578
0.001055956
0.000952244
0.000933170
0.001056194
0.000936270
0.001061440
0.000930071
0.011532545
0.001029015
0.001063824
0.000949860
0.001061440
0.000931978
0.011276484
0.001056433
0.001058102
0.001070738
0.001068830
0.000904322
0.000946283
0.001024485
0.000951529
0.000607491
0.000946760
0.001075745
0.001073360
0.000917912
0.000923872
0.000893593
0.000920057
0.000921965
0.000915527
0.000648737
0.000915289
0.000920296
0.000918150
0.000918865
0.000917435
0.000917912
0.000919580
0.000904322
0.000927448
0.000687599
0.000920057
0.000912189
0.000906467
0.000925303
0.000916243
0.000922680
0.000932455
0.000915766
0.000916958
0.000919342
0.000926018
0.000911474
0.000913382
0.000906229
0.000910044
0.000910044
0.000928879
0.000926733
0.000921488
0.000909090
0.000911236
0.000916481
0.000917435
0.000888109
0.000921249
0.000910044
0.000912189
0.000915051
0.000922680
0.000904083
0.011365414
0.000905514
0.000905037
0.000913143
0.000917435
0.000913143
0.000909567
0.000915051
0.000913143
0.000909805
0.000910759
0.000913858
0.000908852
0.000909090
0.000917196
0.000917435
0.000908136
0.000906706
0.000914574
0.000910997
0.000911236
0.000914574
0.000913858
0.000922918
0.000914335
0.000910282
0.000914812
0.000920534
0.000914335
0.000909567
0.000905037
0.000910759
0.000907183
0.000913858
0.000914097
0.000921488
0.000917196
0.000915527
0.000909567
0.000915051
0.000908613
0.000910997
0.000918627
0.000914574
0.000915289
0.000909328
0.000914574
0.000920773
0.000913858
0.000922203
0.000665188
0.000920296
0.000913382
0.000912428
0.000909805
0.000910521
0.000910044
0.000918388
0.000911713
0.000664473
0.000914335
0.000868559
0.000920296
0.000911474
0.000931740
0.000917912
0.000910759
0.000920773
0.000920534
0.000655413
0.000919580
0.000920296
0.000915766
0.000917912
0.000921249
0.000914574
0.000921011
0.000922441
0.000926495
0.000658035
0.000899792
0.000911474
0.000914097
0.000911713
0.000908136
0.000917196
0.000905275
0.000915289
0.000915766
0.000658035
0.000911713
0.000911713
0.000926256
0.000890970
0.000930071
0.000920773
0.000917912
0.000926256
0.000917196
0.000660658
0.000908613
0.000919580
0.000909805
0.000917912
0.000917912
0.000932932
0.000927448
0.000917435
0.000918627
0.000923872
0.000917435
0.000913143
0.000925303
0.000922203
0.000912428
0.000916243
0.000912428
0.000916719
0.000904799
0.000660419
0.000911236
0.000912666
0.000910521
0.000910044
0.000928402
0.000905991
0.000919580
0.000919342
0.000922680
0.000666618
0.000914335
0.000915289
0.000917912
0.000920057
0.000928164
0.000914097
0.000924349
0.000923634
0.000924349
0.000656128
0.000916481
0.000911474
0.000917673
0.000921011
0.000917673
0.000917435
0.000915051
0.000910997
0.000913382
0.000930071
0.000921011
0.000927210
0.001016855
