0.012083530
0.001461983
0.001346111
0.001456499
0.001579285
0.001588821
0.001476049
0.001433372
0.001559258
0.001454115
0.001284122
0.001577616
0.001652002
0.001252890
0.001565218
0.001405478
0.001514435
0.001418352
0.001536131
0.001583815
0.001450300
0.001404762
0.001408577
0.001552820
0.011682272
0.001697302
0.001475573
0.001689672
0.001461983
0.001667023
0.001477718
0.001681805
0.001475334
0.001463652
0.001538992
0.001671076
0.001468420
0.001467466
0.001489639
0.001688957
0.001671553
0.001473188
0.001669884
0.001471043
0.001466036
0.001680851
0.001713276
0.001478434
0.001656055
0.001496553
0.001490355
0.001671791
0.001741409
0.001696825
0.001475334
0.001651525
0.001676083
0.001442432
0.001458645
0.001468897
0.001674414
0.001431227
0.001655817
0.001677275
0.001659155
0.001457214
0.001490116
0.001701832
0.001652956
0.001675129
0.001479626
0.001649857
0.001463890
0.001694679
0.001487970
0.001464844
0.001655579
0.001486778
0.001666546
0.001679659
0.001701117
0.001504183
0.001668692
0.001679420
0.001502037
0.001474619
0.001272440
0.001674891
0.001687527
0.001472712
0.001475096
0.001460075
0.001656771
0.001481771
0.001670361
0.001468420
0.001486778
0.001669407
0.001672268
0.001479149
0.001680136
0.001398325
0.001395702
0.001395464
0.001398087
0.001403332
0.001194239
0.001405001
0.001394510
0.001406431
0.001390219
0.001391172
0.001406193
0.001412630
0.001396179
0.001387358
0.001207113
0.001411438
0.001404047
0.001401663
0.001407623
0.001397848
0.001402378
0.001407385
0.001407862
0.001417875
0.001195192
0.001404285
0.001402855
0.001401186
0.001401186
0.001400948
0.001396894
0.001401186
0.001390934
0.001396179
0.001195192
0.001428127
0.001410007
0.001425505
0.001415014
0.001416922
0.001413584
0.001402855
0.001402855
0.001416206
0.001218796
0.001415253
0.001417875
0.001407623
0.001435995
0.001419544
0.001388788
0.001398087
0.001385927
0.001387596
0.001196384
0.001401901
0.001402140
0.001393080
0.001384497
0.001409769
0.001389742
0.001396656
0.001403093
0.001394987
0.001184464
0.001397133
0.001406193
0.001400948
0.001382351
0.001400948
0.001458883
0.001401424
0.001399755
0.001396894
0.001364946
0.001398325
0.001390219
0.001389027
0.001412868
0.001402140
0.001404047
0.001413107
0.001399517
0.001407623
0.001541853
0.001392365
0.001394749
0.001412392
0.001390457
0.001389980
0.001400709
0.001396179
0.001401186
0.001396418
0.001400471
0.001401663
0.001399994
0.001395941
0.001393557
0.001398325
0.001391411
0.001393080
0.001416445
0.001396418
0.001390696
0.001385927
0.001397371
0.001396418
0.001417875
0.001392603
0.001384020
0.001403332
0.001402378
0.001397610
0.001395226
0.001404047
0.001400232
0.001389503
0.001396656
0.001391411
0.001389742
0.001389503
0.001406431
0.001399279
0.001407385
0.001398802
0.001393080
0.001407862
0.001388073
0.001399040
0.001394033
0.001401186
0.001403093
0.001385689
0.001395464
0.001381159
0.001340151
0.001370430
0.001408577
0.001364708
0.001354218
0.001363516
0.001397610
0.001360178
0.001370668
0.001402617
0.001373053
0.001363754
0.001360416
0.001397371
0.001360178
0.001349449
0.001332283
0.001362324
0.001316071
0.001355171
0.001357079
0.001369715
0.001354694
0.001350880
0.001351833
0.001341581
0.001368046
0.001360178
0.001399994
0.001319408
0.001394510
0.001357317
0.001379013
0.001397371
0.001393080
0.001368523
0.001364470
0.001339436
0.001356363
0.001350641
0.001360178
0.001361132
0.001355886
0.001375198
0.001397133
0.001360416
0.001375914
0.001361609
0.001347542
0.001400948
0.001358032
0.001398087
0.001399994
0.001386881
0.001320124
0.001364708
0.001367331
0.001368046
0.001368046
0.001395464
0.001361609
0.001422644
