0.012989044
0.002744198
0.002721786
0.002470255
0.002307653
0.003053427
0.002758741
0.002960443
0.002647400
0.002690792
0.003058672
0.003002405
0.002593279
0.002634525
0.003022432
0.002990246
0.002680063
0.002532005
0.002995253
0.002630949
0.002625465
0.002972126
0.003099918
0.002627373
0.003011465
0.003013134
0.002642155
0.003064156
0.002680779
0.002993584
0.002995729
0.002627611
0.002619028
0.003008127
0.002656460
0.002662897
0.003023148
0.002632380
0.002994061
0.002632141
0.002987862
0.002655506
0.003024578
0.003055334
0.002495527
0.002634048
0.002966881
0.002634525
0.002664089
0.002635002
0.003016710
0.003008366
0.002655745
0.002631187
0.003001690
0.002958775
0.002634525
0.003009319
0.003006697
0.002633810
0.002989769
0.002661705
0.002695560
0.002994537
0.002639294
0.003008366
0.002989531
0.002647638
0.003015041
0.002635717
0.002996445
0.013384819
0.002996445
0.002621889
0.003001213
0.003000498
0.002986431
0.002624035
0.002645016
0.002628803
0.002969503
0.003011942
0.002497196
0.003021240
0.002624750
0.002654552
0.003005981
0.013355017
0.002984047
0.003018618
0.003087044
0.003014803
0.013341188
0.002645731
0.002506733
0.002636909
0.002988815
0.002997875
0.002627611
0.002654076
0.003003836
0.013110638
0.002509356
0.002511740
0.002499819
0.002504587
0.002498388
0.002513885
0.002508402
0.002535582
0.002459288
0.002511740
0.002512693
0.002523899
0.002511263
0.002512455
0.013054848
0.002511501
0.002503633
0.002506971
0.002511501
0.002515793
0.002542496
0.002427816
0.002547979
0.002532721
0.013056040
0.002532721
0.002533436
0.002530813
0.002483606
0.002531767
0.002377748
0.002527952
0.002521753
0.002506256
0.002518177
0.002560854
0.002531052
0.002513409
0.002501011
0.002523422
0.002519608
0.002556324
0.002542734
0.002532959
0.002516031
0.002521515
0.002526283
0.002495527
0.013252020
0.002501249
0.002482653
0.002494574
0.002503395
0.002504587
0.002481699
0.002515554
0.002494574
0.002515078
0.002491474
0.002510071
0.002530813
0.002516985
0.002501965
0.002529383
0.013062477
0.002514601
0.002491236
0.002495050
0.002490997
0.002531052
0.002514124
0.002501965
0.002490759
0.002508163
0.002503633
0.002512932
0.013046741
0.002498865
0.002468586
0.002501965
0.002460003
0.002506971
0.002495050
0.002507687
0.002499819
0.002523422
0.002507210
0.002511024
0.002483606
0.002503872
0.002514839
0.002508879
0.002496481
0.002507210
0.002494335
0.002502441
0.002496958
0.002500057
0.002481937
0.002501011
0.002535343
0.002515078
0.002516747
0.002515554
0.002495289
0.002511024
0.013210058
0.013166904
0.002506495
0.013196707
0.002503395
0.002511263
0.002502918
0.002509594
0.002485991
0.002492428
0.002498627
0.002513409
0.002485991
0.002515793
0.002496719
0.002519846
0.002496481
0.002527237
0.002492666
0.002505779
0.002492666
0.002516031
0.002476215
0.002510548
0.002335072
0.002498150
0.002499819
0.002500534
0.002493620
0.002504349
0.002523661
0.002510786
0.013072252
0.013097286
0.002766848
0.002513647
0.002510786
0.002543926
0.013049841
0.002502203
0.002498865
0.002501011
0.002481937
0.002510309
0.002508402
0.002510309
0.002498150
0.002512217
0.002506971
0.002506971
0.002502203
0.002532959
0.002475262
0.013070822
0.002510071
0.002505779
0.002504349
0.002515078
0.002497673
0.002496719
0.002503633
0.002506971
0.002490520
0.013206244
0.002498150
0.002522230
0.002487421
0.013185740
0.002507448
0.002503872
0.002496958
0.002511740
0.002471685
0.002511024
0.002381802
0.002504826
0.002498150
0.002509117
0.002506018
0.002530098
0.013344288
0.002499104
0.002483606
0.002517700
0.002494574
0.002539396
0.002486706
0.002504349
0.002482176
0.013175964
0.002496719
0.002528906
