0.000271320
0.000256538
0.000263929
0.000267267
0.000261545
0.000229836
0.000330925
0.000258207
0.000263214
0.000262260
0.000264168
0.000256777
0.000261784
0.000256538
0.000265837
0.000264645
0.000329256
0.000260353
0.000264883
0.000203371
0.000264168
0.000257969
0.000259399
0.000270367
0.000267267
0.000261784
0.000259161
0.000310659
0.000270128
0.000264883
0.000257969
0.000261068
0.000262737
0.000261068
0.000261784
0.000328302
0.000261784
0.000267267
0.000266552
0.000277758
0.000254631
0.000260830
0.000260830
0.000264406
0.000259399
0.000259638
0.000322580
0.000265598
0.000259399
0.000268936
0.000277042
0.000275850
0.000264883
0.000275135
0.000266552
0.000268698
0.000318289
0.000265837
0.000269413
0.000262260
0.000259399
0.000281811
0.000260353
0.000259876
0.000261784
0.000318050
0.000261784
0.000263929
0.000267029
0.000271082
0.000265121
0.000269413
0.000227690
0.000263929
0.000262260
0.000322819
0.000260353
0.000262499
0.000261068
0.000266790
0.000260592
0.000262499
0.000267506
0.000229597
0.000318527
0.000261545
0.000261307
0.000266314
0.000262260
0.000265598
0.000272274
0.000269890
0.000321627
0.000269413
0.000273705
0.000262976
0.000288010
0.000264645
0.000259161
0.000267267
0.000261545
0.000261068
0.000258446
0.000263929
0.000254393
0.000235796
0.000257015
0.000261545
0.000258923
0.000260115
0.000261068
0.000268698
0.000258446
0.000258207
0.000254154
0.000235796
0.000263453
0.000281572
0.000267506
0.000261545
0.000258207
0.000261068
0.000258446
0.000261068
0.000266552
0.000267506
0.000229120
0.000263691
0.000276566
0.000261784
0.000261545
0.000262499
0.000267744
0.000261307
0.000260592
0.000255346
0.000257254
0.000261068
0.000258207
0.000215530
0.000262976
0.000267744
0.000258684
0.000263453
0.000264406
0.000263929
0.000258207
0.000258923
0.000262737
0.000259399
0.000236988
0.000267744
0.000262022
0.000263691
0.000264406
0.000257015
0.000259399
0.000259638
0.000258684
0.000261307
0.000263453
0.000188589
0.000237942
0.000261307
0.000264406
0.000226498
0.000259161
0.000267267
0.000259161
0.000262976
0.000257969
0.000269651
0.000364542
0.000263214
0.000202179
0.000209808
0.000255585
0.000262737
0.000258446
0.000259161
0.000262976
0.000262260
0.000257969
0.000222206
0.000264406
0.000170469
0.000257015
0.000260592
0.000260353
0.000263214
0.000262976
0.000219107
0.000260830
0.000254869
0.000265837
0.000169754
0.000263453
0.000267029
0.000198364
0.000260353
0.000258923
0.000266075
0.000262737
0.000263214
0.000263214
0.000232220
0.000262260
0.000267506
0.000265598
0.000263214
0.000258446
0.000242949
0.000264645
0.000262976
0.000250816
0.000228405
0.000266075
0.000263214
0.000262976
0.000262737
0.000259876
0.000264406
0.000256777
0.000269413
0.000256777
0.000233650
0.000254631
0.000260115
0.000254869
0.000264883
0.000265360
0.000266790
0.000263929
0.000257969
0.000256062
0.000245094
0.000258923
0.000260115
0.000254154
0.000259161
0.000260115
0.000264168
0.000257492
0.000258684
0.000253916
0.000261784
0.000258207
0.000267506
0.000265837
0.000266314
0.000276327
0.000260353
0.000255585
0.000265121
0.000261068
0.000239611
0.000259876
0.000261068
0.000260115
0.000337601
0.000266075
0.000259399
0.000257730
0.000257730
0.000266075
0.000232935
0.000258446
0.000258923
0.000261784
0.000254631
0.000258923
0.000263214
0.000263214
0.000265837
0.000266790
0.000231504
0.000257254
0.000267744
0.000258446
0.000271559
0.000257730
0.000258923
0.000254869
0.000269175
0.000263453
0.000262499
0.000267506
0.000263214
0.000265360
0.000291109
0.000262737
0.000258923
0.000262499
0.000267506
0.000257969
0.000237703
0.000252724
0.000265121
0.000253677
0.000223875
