0.000184774
0.000181437
0.000154495
0.000117779
0.000159025
0.000156164
0.000154972
0.000156403
0.000140905
0.000160933
0.000203133
0.000160456
0.000153065
0.000166655
0.000184298
0.000152826
0.000153542
0.000161409
0.000158310
0.000165224
0.000164986
0.000163317
0.000158072
0.000183105
0.000160456
0.000187874
0.000195265
0.000184059
0.000179768
0.000134706
0.000155449
0.000152826
0.000238419
0.000143290
0.000153542
0.000155449
0.000156879
0.000157595
0.000161886
0.000164270
0.000164509
0.000163794
0.000225544
0.000162840
0.000160217
0.000165224
0.000163317
0.000164270
0.000163555
0.000174046
0.000160217
0.000200987
0.000159025
0.000155449
0.000157595
0.000154018
0.000231981
0.000185966
0.000158310
0.000155449
0.000165462
0.000164986
0.000158072
0.000179291
0.000183344
0.000216246
0.000196695
0.000173330
0.000195980
0.000190973
0.000231743
0.000411987
0.000190496
0.000156641
0.000158310
0.000161648
0.000164032
0.000161648
0.000159740
0.000159740
0.000162363
0.000166178
0.000160933
0.000143290
0.000329256
0.000205994
0.000182390
0.000180960
0.000181198
0.000155926
0.000145197
0.000150204
0.000146151
0.000156164
0.000158072
0.000160694
0.000144243
0.000143051
0.000143051
0.000147343
0.000153780
0.000146866
0.000147343
0.000172138
0.000173092
0.000146627
0.000168562
0.000145197
0.000144720
0.000148535
0.000147820
0.000146151
0.000146866
0.000149250
0.000145912
0.000150204
0.000150442
0.000151157
0.000150919
0.000149727
0.000147581
0.000149250
0.000149488
0.000150681
0.000168085
0.000144958
0.000165462
0.000167370
0.000164986
0.000167131
0.000165224
0.000169516
0.000158548
0.000185013
0.000163555
0.000163794
0.000167370
0.000162601
0.000161409
0.000159502
0.000160456
0.000392437
0.000349522
0.000343800
0.000300884
0.000289917
0.000302553
0.000280142
0.000226974
0.000161886
0.000162363
0.000167847
0.000166655
0.000166416
0.000163555
0.000169516
0.000171423
0.000171661
0.000169754
0.000170708
0.000166893
0.000170469
0.000162840
0.000161648
0.000162840
0.000166178
0.000164032
0.000161886
0.000161648
0.000169277
0.000165224
0.000159979
0.000164509
0.000169039
0.000169992
0.000171661
0.000169992
0.000167847
0.000170469
0.000168800
0.000169754
0.000204325
0.000162125
0.000163078
0.000139952
0.000161171
0.000166893
0.000163317
0.000163078
0.000161171
0.000164747
0.000164747
0.000169039
0.000163794
0.000168800
0.000168800
0.000168800
0.000163078
0.000159979
0.000164986
0.000164270
0.000164270
0.000155449
0.000147343
0.000185490
0.000183105
0.000155687
0.000146389
0.000145435
0.000145435
0.000143290
0.000144482
0.000142097
0.000144958
0.000136375
0.000144005
0.000145435
0.000143528
0.000168800
0.000169277
0.000144720
0.000144243
0.000151396
0.000153303
0.000170946
0.000145435
0.000155687
0.000159025
0.000169039
0.000148773
0.000145674
0.000144720
0.000143051
0.000144243
0.000143051
0.000149250
0.000156641
0.000185728
0.000146389
0.000151157
0.000151634
0.000156879
0.000158072
0.000152826
0.000128269
0.000166655
0.000159502
0.000186682
0.000157356
0.000153780
0.000144005
0.000142574
0.000143766
0.000144005
0.000123024
0.000096560
0.000163317
0.000167847
0.000428677
0.000162125
0.000161648
0.000159264
0.000375271
0.000156164
0.000154495
0.000156403
0.000156403
0.000503540
0.000333548
0.000335932
0.000150442
0.000309944
0.000151873
0.000303268
0.000171185
0.000173807
0.000180721
0.000148773
0.000145435
0.000146389
0.000144720
0.000147581
0.000161648
0.000171185
0.000165462
0.000145674
0.000146627
0.000166655
0.000162840
0.000166416
0.000146151
0.000151873
0.000146627
0.000175953
0.000143528
0.000150681
0.000144005
0.000153065
0.000192165
0.000199795
