0.000295401
0.000350237
0.000293970
0.000296593
0.000355482
0.000270367
0.000294685
0.000295401
0.000294685
0.000298023
0.000355482
0.000292063
0.000291824
0.000295401
0.000295401
0.000298023
0.000247478
0.000292540
0.000293255
0.000295162
0.000296593
0.000298500
0.000355244
0.000292778
0.000297785
0.000302553
0.000255346
0.000310898
0.000360727
0.000305176
0.000288725
0.000295162
0.000294924
0.000292063
0.000356436
0.000295162
0.000298977
0.000315189
0.000353098
0.000300407
0.000300407
0.000296116
0.000299454
0.000296354
0.000293970
0.000294447
0.000360727
0.000259161
0.000294209
0.000299692
0.000297785
0.000357151
0.000293970
0.000293493
0.000288725
0.000302315
0.000293732
0.000326157
0.000289917
0.000302553
0.000293732
0.000291348
0.000354290
0.000303984
0.000293016
0.000219107
0.000283957
0.000302076
0.000348568
0.000313282
0.000294209
0.000300407
0.000295401
0.000297546
0.000365496
0.000302315
0.000299692
0.000291109
0.000316381
0.000247717
0.000290394
0.000305891
0.000353813
0.000290871
0.000288725
0.000299931
0.000287533
0.000298262
0.000359774
0.000248909
0.000311613
0.000295639
0.000294685
0.000367165
0.000300169
0.000299215
0.000297308
0.000298500
0.000300169
0.000296593
0.000260830
0.000295162
0.000286818
0.000290155
0.000290155
0.000296593
0.000293016
0.000289440
0.000288010
0.000289440
0.000299931
0.000258207
0.000289202
0.000292540
0.000287533
0.000296593
0.000295162
0.000289917
0.000289679
0.000290394
0.000293016
0.000289917
0.000298023
0.000287056
0.000271559
0.000296831
0.000293255
0.000289202
0.000289202
0.000296593
0.000283957
0.000290155
0.000287294
0.000257254
0.000289679
0.000289679
0.000290155
0.000288010
0.000288010
0.000293493
0.000291348
0.000289202
0.000295162
0.000296593
0.000288963
0.000302315
0.000290155
0.000295162
0.000292540
0.000288248
0.000283003
0.000290394
0.000291109
0.000303030
0.000291109
0.000291348
0.000302553
0.000287771
0.000288010
0.000291348
0.000287533
0.000296116
0.000287294
0.000291824
0.000282764
0.000288248
0.000305653
0.000299931
0.000290871
0.000289917
0.000291586
0.000291586
0.000286579
0.000298023
0.000292063
0.000291348
0.000289202
0.000289917
0.000261307
0.000290632
0.000287056
0.000287533
0.000287533
0.000289202
0.000287056
0.000297070
0.000291109
0.000291348
0.000319719
0.000287771
0.000262022
0.000292778
0.000284672
0.000286818
0.000281811
0.000297308
0.000227928
0.000293255
0.000290394
0.000288725
0.000288963
0.000257254
0.000288010
0.000294685
0.000289917
0.000286341
0.000287294
0.000292778
0.000284672
0.000291348
0.000288963
0.000285149
0.000253916
0.000289440
0.000289679
0.000289440
0.000285387
0.000288725
0.000293016
0.000290155
0.000287533
0.000255585
0.000289202
0.000288010
0.000307322
0.000293732
0.000290155
0.000290394
0.000295877
0.000288486
0.000287294
0.000291109
0.000291586
0.000252247
0.000287294
0.000263453
0.000287533
0.000292778
0.000288010
0.000297070
0.000290155
0.000273228
0.000283718
0.000291586
0.000285149
0.000298500
0.000228882
0.000292778
0.000285149
0.000291348
0.000291824
0.000287533
0.000288248
0.000286579
0.000288248
0.000296593
0.000295639
0.000288486
0.000301600
0.000293255
0.000291824
0.000290155
0.000285625
0.000290632
0.000377893
0.000288725
0.000285387
0.000286102
0.000291109
0.000298500
0.000287294
0.000286818
0.000247717
0.000289202
0.000293970
0.000283957
0.000289202
0.000292540
0.000292540
0.000288963
0.000300407
0.000294685
0.000291348
0.000290632
0.000294685
0.000291348
0.000289202
0.000292063
0.000286579
0.000282049
0.000289440
0.000291586
0.000287771
0.000293732
0.000286818
0.000293255
0.000292778
0.000290632
0.000292301
0.000244141
