0.000257015
0.000240088
0.000241995
0.000256538
0.000248194
0.000236034
0.000248194
0.000249147
0.000241995
0.000295877
0.000243664
0.000239849
0.000245333
0.000243902
0.000243664
0.000257015
0.000240326
0.000243187
0.000242233
0.000241041
0.000241518
0.000242233
0.000249624
0.000241995
0.000247955
0.000246763
0.000182152
0.000248194
0.000243187
0.000245333
0.000239849
0.000240088
0.000261068
0.000247717
0.000239611
0.000241756
0.000204086
0.000245571
0.000256062
0.000248671
0.000288010
0.000239134
0.000243425
0.000241518
0.000238895
0.000241756
0.000247002
0.000245571
0.000240564
0.000243187
0.000262499
0.000237226
0.000241041
0.000243664
0.000243425
0.000243664
0.000243664
0.000246286
0.000245571
0.000237942
0.000242710
0.000245810
0.000220776
0.000231504
0.000244856
0.000241041
0.000241280
0.000219345
0.000238180
0.000244856
0.000243425
0.000246763
0.000242949
0.000241280
0.000265360
0.000164986
0.000242233
0.000237465
0.000253439
0.000242710
0.000238419
0.000247240
0.000243425
0.000241995
0.000240564
0.000248432
0.000243664
0.000240803
0.000241280
0.000187159
0.000246525
0.000245571
0.000249386
0.000241280
0.000244856
0.000246525
0.000241518
0.000239372
0.000244856
0.000243425
0.000237942
0.000327349
0.000239849
0.000235081
0.000234127
0.000240088
0.000239372
0.000237703
0.000238895
0.000243664
0.000244141
0.000238180
0.000237942
0.000246525
0.000242233
0.000235319
0.000242233
0.000238657
0.000246048
0.000241518
0.000244379
0.000246048
0.000237226
0.000241995
0.000245094
0.000249863
0.000239372
0.000238895
0.000243902
0.000245333
0.000240564
0.000245333
0.000246763
0.000241041
0.000240803
0.000247002
0.000242949
0.000243425
0.000241280
0.000248432
0.000236511
0.000249624
0.000239611
0.000237703
0.000245333
0.000241756
0.000240803
0.000236988
0.000243187
0.000240564
0.000246048
0.000242472
0.000238895
0.000240088
0.000240088
0.000195503
0.000246525
0.000237703
0.000239849
0.000237703
0.000240088
0.000239372
0.000247955
0.000239611
0.000241280
0.000247240
0.000245094
0.000245810
0.000240326
0.000239372
0.000238419
0.000241041
0.000241756
0.000242472
0.000239611
0.000245094
0.000238180
0.000241995
0.000241995
0.000244379
0.000241995
0.000245333
0.000240088
0.000241280
0.000248909
0.000243187
0.000240088
0.000239611
0.000241041
0.000242472
0.000241518
0.000239372
0.000238180
0.000243187
0.000239134
0.000206947
0.000240326
0.000247717
0.000239134
0.000238419
0.000243425
0.000244856
0.000238657
0.000244617
0.000242233
0.000239611
0.000237942
0.000261307
0.000246763
0.000241518
0.000235558
0.000243902
0.000237226
0.000236273
0.000242949
0.000246525
0.000236988
0.000237703
0.000240326
0.000249147
0.000240803
0.000241041
0.000239849
0.000246286
0.000240564
0.000245094
0.000245810
0.000236750
0.000238895
0.000244141
0.000214577
0.000239372
0.000236988
0.000236034
0.000240803
0.000239611
0.000239849
0.000237226
0.000248194
0.000237703
0.000237703
0.000238180
0.000238895
0.000311375
0.000241995
0.000237465
0.000237465
0.000236273
0.000238895
0.000240564
0.000240088
0.000277758
0.000237703
0.000238180
0.000230312
0.000243187
0.000240326
0.000237942
0.000239134
0.000237703
0.000244379
0.000239611
0.000244856
0.000241995
0.000233889
0.000178337
0.000241041
0.000240088
0.000246525
0.000243664
0.000240088
0.000242472
0.000238419
0.000237703
0.000240326
0.000240803
0.000237465
0.000324726
0.000239372
0.000238895
0.000243187
0.000241280
0.000240564
0.000237226
0.000236511
0.000253677
0.000240803
0.000237703
0.000197172
0.000241041
0.000244141
0.000237942
0.000236034
0.000236273
0.000200748
0.000238657
0.000239849
0.000237703
0.000238895
0.000187874
