0.014680624
0.006189585
0.006826878
0.005438566
0.006192446
0.006191730
0.014397144
0.005187988
0.006276369
0.005406380
0.005230427
0.006136894
0.005406380
0.006093025
0.005175114
0.006133318
0.006209135
0.005172729
0.005265474
0.006129503
0.006193399
0.006152391
0.005319595
0.005140543
0.005205631
0.006132126
0.005237341
0.006119251
0.006134748
0.015161276
0.006123781
0.006116152
0.005218029
0.005199671
0.006139040
0.006109953
0.005162001
0.005189180
0.005226374
0.005202055
0.014784813
0.005191803
0.005198002
0.006145954
0.006113529
0.006153822
0.005188465
0.006123543
0.005150318
0.005204678
0.005195618
0.006162882
0.005207777
0.006124258
0.006164551
0.005168676
0.005211830
0.006143093
0.006153345
0.005199671
0.006203651
0.006142139
0.005196095
0.005214453
0.006134033
0.005222559
0.005160332
0.005186081
0.006147623
0.006135941
0.005208254
0.005196333
0.006160736
0.006109476
0.005171061
0.006101608
0.006132603
0.005197763
0.005178213
0.006121635
0.005177021
0.006129503
0.005154133
0.006150246
0.006145239
0.005168915
0.005205631
0.006099939
0.006165743
0.006103039
0.005207777
0.005188227
0.006231546
0.005211115
0.006148577
0.005206585
0.006172180
0.005181789
0.005192518
0.006109953
0.006196737
0.004818201
0.004819870
0.004859686
0.004823446
0.004831314
0.004852057
0.004825115
0.004821301
0.004824162
0.004836559
0.004883289
0.004834175
0.004849911
0.004817009
0.004827738
0.004834652
0.004832745
0.004800320
0.004903793
0.004840612
0.004823208
0.004823208
0.004822731
0.004802704
0.004813910
0.004832983
0.004869461
0.004838228
0.004816771
0.004842758
0.004840851
0.004830837
0.006538868
0.004822969
0.004828453
0.004830122
0.004776716
0.004815817
0.004863739
0.004817009
0.004858732
0.004796028
0.004861832
0.004875183
0.004809380
0.004898310
0.004859209
0.004833460
0.004843950
0.004824400
0.004866123
0.004921913
0.004871845
0.004855394
0.004882574
0.004917145
0.004812241
0.004887819
0.004890680
0.004859924
0.004886627
0.004882812
0.004842758
0.004851580
0.004865408
0.004856825
0.004838705
0.004873514
0.004833221
0.004890680
0.004873037
0.004852772
0.004865170
0.004862309
0.004886389
0.004867554
0.004870653
0.004822493
0.004861355
0.004873514
0.004860401
0.004873753
0.004820108
0.004853487
0.004882336
0.004851341
0.004839420
0.004856825
0.004904509
0.004877567
0.004873037
0.004824400
0.004919767
0.004880190
0.004873753
0.004884005
0.004903793
0.004839420
0.004837275
0.004873753
0.004903078
0.004830837
0.004828691
0.004911661
0.004839897
0.004849195
0.004858732
0.004839182
0.004843473
0.004836082
0.004855156
0.004888296
0.004838467
0.004877329
0.004844427
0.004827738
0.004839659
0.004829645
0.004819870
0.004893303
0.004852772
0.004828453
0.004849911
0.004826069
0.004814625
0.004827261
0.004833221
0.004898548
0.004842758
0.004838943
0.004860163
0.004828930
0.004871845
0.004794121
0.004856586
0.004843235
0.004835606
0.004792452
0.004848957
0.004842520
0.004823685
0.004823446
0.004796982
0.004842281
0.004866362
0.004831314
0.004906654
0.004840136
0.004840136
0.004805803
0.004823685
0.004825592
0.004880905
0.004819632
0.004841566
0.004855156
0.004847288
0.004814386
0.004845142
0.004836082
0.004855394
0.004811764
0.004865408
0.004830360
0.004808903
0.004838705
0.004865885
0.004806995
0.004824638
0.004851341
0.004818439
0.004846096
0.004809141
0.004834175
0.004838467
0.004852057
0.004854202
0.004815102
0.004818439
0.004820108
0.004855156
0.004841328
0.004887342
0.004815578
0.004857779
0.004844904
0.004831076
0.004812717
0.004824638
0.004874706
0.004832983
0.004847765
0.004808664
0.004898071
0.004852772
0.004822254
0.004844427
0.004864454
0.004864454
