0.000236750
0.000234365
0.000232220
0.000289202
0.000306606
0.000239849
0.000231028
0.000232220
0.000239849
0.000235319
0.000232697
0.000237465
0.000237942
0.000221729
0.000231504
0.000233889
0.000254393
0.000257254
0.000257254
0.000231504
0.000232697
0.000235319
0.000235558
0.000183105
0.000225306
0.000234365
0.000233650
0.000231504
0.000239611
0.000233412
0.000198841
0.000231981
0.000233173
0.000274181
0.000231743
0.000235796
0.000233889
0.000234842
0.000230789
0.000230312
0.000240564
0.000233889
0.000237465
0.000218630
0.000236511
0.000238657
0.000234842
0.000231028
0.000236511
0.000234604
0.000234127
0.000235081
0.000235796
0.000283241
0.000225306
0.000236273
0.000234127
0.000242233
0.000232220
0.000235081
0.000198126
0.000234604
0.000229597
0.000153780
0.000237703
0.000230074
0.000236273
0.000236988
0.000237703
0.000231504
0.000233173
0.000237703
0.000233173
0.000154018
0.000232458
0.000235081
0.000231743
0.000233650
0.000235319
0.000230789
0.000232458
0.000238895
0.000232697
0.000177145
0.000226736
0.000233650
0.000241995
0.000232220
0.000235081
0.000233173
0.000204086
0.000236034
0.000234365
0.000163794
0.000232697
0.000231266
0.000238419
0.000232697
0.000234604
0.000236273
0.000196218
0.000232458
0.000236988
0.000189066
0.000179768
0.000239611
0.000232697
0.000234604
0.000234365
0.000229836
0.000232458
0.000232220
0.000228405
0.000236750
0.000225782
0.000234127
0.000237703
0.000230074
0.000230551
0.000236034
0.000203848
0.000234604
0.000232935
0.000227690
0.000233173
0.000231981
0.000239611
0.000237226
0.000240088
0.000235319
0.000231266
0.000241041
0.000230551
0.000146627
0.000232220
0.000240088
0.000230551
0.000231504
0.000230789
0.000232220
0.000236273
0.000241041
0.000230074
0.000208855
0.000228643
0.000234127
0.000230074
0.000242233
0.000233173
0.000230074
0.000232935
0.000232697
0.000232935
0.000233173
0.000232697
0.000232697
0.000237465
0.000234127
0.000239611
0.000235796
0.000181437
0.000243187
0.000229597
0.000236034
0.000232220
0.000231028
0.000228882
0.000231981
0.000239849
0.000230312
0.000230551
0.000231504
0.000233412
0.000238657
0.000230789
0.000243187
0.000234842
0.000233650
0.000196457
0.000232220
0.000235558
0.000244141
0.000234127
0.000179768
0.000234604
0.000233889
0.000235319
0.000236273
0.000232935
0.000233173
0.000239134
0.000231504
0.000235319
0.000234842
0.000231981
0.000231743
0.000208139
0.000256777
0.000229120
0.000229359
0.000237703
0.000237465
0.000230551
0.000206947
0.000224590
0.000236034
0.000234127
0.000231981
0.000232697
0.000232220
0.000231266
0.000243902
0.000230312
0.000233889
0.000231028
0.000236988
0.000229597
0.000229120
0.000229359
0.000232697
0.000238657
0.000232697
0.000229836
0.000233412
0.000230789
0.000231981
0.000232458
0.000220776
0.000237465
0.000232697
0.000236511
0.000238657
0.000233173
0.000213623
0.000224113
0.000241518
0.000236273
0.000231266
0.000230551
0.000233173
0.000230312
0.000234604
0.000233650
0.000233173
0.000234604
0.000233173
0.000229597
0.000235319
0.000231981
0.000231743
0.000236273
0.000235081
0.000231743
0.000236034
0.000233650
0.000181675
0.000228882
0.000230312
0.000229597
0.000233412
0.000229836
0.000240326
0.000230074
0.000317335
0.000232697
0.000237465
0.000233889
0.000232458
0.000233173
0.000230789
0.000230551
0.000238657
0.000238895
0.000236988
0.000233173
0.000230312
0.000229359
0.000235796
0.000229836
0.000232935
0.000229597
0.000237942
0.000230789
0.000207901
0.000230312
0.000236273
0.000230789
0.000229120
0.000235319
0.000234127
0.000234604
0.000233173
0.000230312
0.000228643
0.000226498
0.000229120
0.000231028
0.000232697
0.000230312
0.000178337
