0.000231743
0.000236750
0.000240564
0.000236750
0.000231981
0.000283241
0.000239134
0.000240088
0.000240564
0.000237226
0.000237942
0.000318050
0.000238180
0.000240326
0.000235081
0.000241995
0.000236750
0.000236750
0.000236034
0.000238657
0.000236988
0.000236511
0.000237703
0.000239611
0.000239372
0.000231504
0.000238419
0.000240803
0.000236273
0.000238180
0.000241756
0.000243425
0.000247240
0.000236273
0.000172853
0.000161409
0.000236273
0.000236750
0.000236273
0.000236750
0.000238180
0.000235558
0.000241280
0.000236034
0.000241756
0.000240564
0.000210285
0.000236034
0.000241518
0.000236511
0.000236273
0.000240326
0.000249863
0.000243664
0.000242949
0.000243902
0.000235796
0.000237942
0.000250101
0.000236273
0.000247240
0.000240564
0.000240326
0.000240088
0.000243425
0.000236750
0.000237703
0.000241756
0.000245094
0.000299215
0.000233412
0.000241756
0.000235319
0.000235319
0.000234604
0.000240564
0.000237942
0.000238419
0.000235319
0.000240564
0.000235796
0.000247955
0.000236511
0.000234604
0.000236511
0.000235081
0.000236034
0.000238419
0.000237703
0.000243902
0.000240803
0.000238895
0.000241756
0.000249147
0.000235319
0.000238657
0.000235319
0.000241518
0.000243187
0.000238657
0.000238895
0.000237942
0.000239134
0.000186682
0.000203609
0.000257254
0.000234127
0.000235558
0.000236750
0.000242472
0.000234604
0.000245094
0.000239134
0.000163555
0.000234604
0.000233889
0.000199556
0.000235319
0.000233173
0.000239849
0.000241995
0.000240088
0.000234604
0.000237465
0.000227451
0.000235558
0.000233650
0.000234604
0.000207186
0.000236273
0.000239372
0.000236273
0.000239134
0.000239611
0.000154018
0.000236273
0.000233173
0.000242949
0.000238180
0.000238895
0.000239611
0.000246286
0.000241995
0.000241041
0.000153780
0.000235319
0.000194550
0.000230551
0.000238657
0.000232935
0.000234365
0.000233412
0.000241041
0.000178337
0.000157356
0.000240326
0.000233889
0.000240803
0.000242472
0.000234127
0.000241518
0.000241280
0.000233173
0.000174284
0.000153780
0.000230789
0.000253201
0.000232935
0.000236034
0.000231504
0.000234842
0.000231504
0.000239134
0.000236988
0.000216484
0.000223875
0.000198841
0.000237226
0.000212669
0.000243187
0.000236988
0.000235796
0.000235558
0.000239134
0.000231743
0.000262737
0.000241518
0.000238419
0.000234604
0.000237226
0.000205040
0.000240803
0.000241041
0.000233650
0.000210047
0.000234365
0.000239134
0.000232220
0.000236034
0.000235796
0.000233412
0.000233650
0.000200510
0.000246525
0.000211477
0.000234365
0.000231504
0.000238657
0.000238657
0.000239134
0.000236034
0.000240088
0.000239611
0.000238419
0.000233889
0.000201225
0.000229836
0.000284433
0.000233650
0.000238895
0.000237703
0.000239372
0.000235558
0.000231981
0.000176430
0.000262022
0.000236273
0.000175476
0.000236034
0.000200272
0.000241756
0.000240088
0.000242472
0.000234604
0.000232697
0.000233412
0.000231743
0.000244856
0.000235319
0.000243425
0.000236273
0.000233173
0.000240803
0.000236511
0.000231266
0.000237465
0.000237465
0.000232697
0.000229597
0.000238419
0.000231743
0.000233173
0.000231743
0.000233412
0.000231266
0.000234127
0.000232697
0.000234604
0.000243187
0.000235081
0.000233650
0.000235796
0.000184059
0.000207663
0.000223160
0.000232697
0.000233173
0.000239849
0.000240088
0.000237226
0.000236511
0.000218391
0.000244379
0.000236988
0.000170708
0.000238419
0.000235796
0.000200033
0.000234604
0.000233889
0.000238895
0.000245333
0.000245094
0.000151157
0.000241280
0.000233889
0.000237703
0.000245333
0.000236034
0.000236034
0.000241518
0.000234365
0.000237465
0.000234365
0.000238419
0.000234604
0.000236273
0.000234842
0.000236511
0.000186920
