0.000209570
0.000328541
0.000251293
0.000218868
0.000253916
0.000245333
0.000247002
0.000251770
0.000249624
0.000253439
0.000249624
0.000254154
0.000256538
0.000250578
0.000252962
0.000247240
0.000305653
0.000257492
0.000252962
0.000251532
0.000249863
0.000244617
0.000251770
0.000245094
0.000257969
0.000253439
0.000246525
0.000248432
0.000224352
0.000255346
0.000254631
0.000248194
0.000311375
0.000246525
0.000249147
0.000196218
0.000248909
0.000252724
0.000247955
0.000253201
0.000231743
0.000253677
0.000247240
0.000231504
0.000256062
0.000162840
0.000248671
0.000252008
0.000247955
0.000300407
0.000251055
0.000254869
0.000222445
0.000245810
0.000248671
0.000164986
0.000252247
0.000251055
0.000252485
0.000250578
0.000247240
0.000249624
0.000247002
0.000247478
0.000268698
0.000169992
0.000306845
0.000247002
0.000248194
0.000250816
0.000246763
0.000250816
0.000252247
0.000248194
0.000255585
0.000226259
0.000213146
0.000247717
0.000249147
0.000250578
0.000245333
0.000249624
0.000247478
0.000256300
0.000303984
0.000282764
0.000253677
0.000249147
0.000255823
0.000256538
0.000256062
0.000253201
0.000260115
0.000247955
0.000250340
0.000283718
0.000249863
0.000248194
0.000248671
0.000250340
0.000256062
0.000246525
0.000245571
0.000253677
0.000251055
0.000286818
0.000252962
0.000245094
0.000255823
0.000245571
0.000246525
0.000201225
0.000255108
0.000243902
0.000247955
0.000283003
0.000247955
0.000252485
0.000249624
0.000250578
0.000253201
0.000254154
0.000247717
0.000244856
0.000244856
0.000251532
0.000251293
0.000248432
0.000247240
0.000245333
0.000246048
0.000257015
0.000248432
0.000246763
0.000249147
0.000259399
0.000246763
0.000251055
0.000250578
0.000252247
0.000253916
0.000247717
0.000255346
0.000252962
0.000254393
0.000221014
0.000244617
0.000221729
0.000251293
0.000255585
0.000256777
0.000250816
0.000245810
0.000244856
0.000250578
0.000220537
0.000271082
0.000246286
0.000249624
0.000252008
0.000254869
0.000256777
0.000245810
0.000245333
0.000251532
0.000248432
0.000245571
0.000245571
0.000252008
0.000246286
0.000188351
0.000259876
0.000257015
0.000245810
0.000247478
0.000252724
0.000254154
0.000248432
0.000244617
0.000247955
0.000247717
0.000257492
0.000325203
0.000255346
0.000211716
0.000252247
0.000247717
0.000251532
0.000247478
0.000248671
0.000253201
0.000252247
0.000244379
0.000248194
0.000290155
0.000247002
0.000246763
0.000254393
0.000252008
0.000248194
0.000266075
0.000247955
0.000245333
0.000244617
0.000247002
0.000181913
0.000248194
0.000245810
0.000245333
0.000248194
0.000252485
0.000256777
0.000246286
0.000188589
0.000251770
0.000254631
0.000247955
0.000246048
0.000249147
0.000250578
0.000246763
0.000250816
0.000250578
0.000246286
0.000253439
0.000251293
0.000247240
0.000250101
0.000246048
0.000221968
0.000253916
0.000243664
0.000247717
0.000169516
0.000242472
0.000241041
0.000245094
0.000244379
0.000250578
0.000249624
0.000253439
0.000248194
0.000186920
0.000247240
0.000245571
0.000242949
0.000247002
0.000246763
0.000248194
0.000243664
0.000247240
0.000252247
0.000250340
0.000247478
0.000247478
0.000246763
0.000246286
0.000252008
0.000250340
0.000246048
0.000252485
0.000246286
0.000248671
0.000249624
0.000246525
0.000185728
0.000249863
0.000250816
0.000249624
0.000255108
0.000242710
0.000249147
0.000253201
0.000245333
0.000228405
0.000252962
0.000241995
0.000255108
0.000252962
0.000246763
0.000247240
0.000255108
0.000252008
0.000242233
0.000167608
0.000250340
0.000253201
0.000247478
0.000246048
0.000249147
0.000247717
0.000247717
0.000251532
0.000241995
0.000244141
0.000247955
0.000252247
0.000243425
0.000253439
0.000197411
