0.000201464
0.000233889
0.000230551
0.000230074
0.000235796
0.000231743
0.000230312
0.000230074
0.000199795
0.000233412
0.000234127
0.000228643
0.000232935
0.000234127
0.000235081
0.000234127
0.000241280
0.000231743
0.000230551
0.000228882
0.000309944
0.000230789
0.000228167
0.000230312
0.000226498
0.000230789
0.000238180
0.000231266
0.000226974
0.000235558
0.000231028
0.000229359
0.000196457
0.000229597
0.000228405
0.000207424
0.000230789
0.000227928
0.000229836
0.000232458
0.000231266
0.000231981
0.000232220
0.000229359
0.000233173
0.000234604
0.000231743
0.000230789
0.000229597
0.000235796
0.000234842
0.000236988
0.000231266
0.000227928
0.000230551
0.000230312
0.000230312
0.000231504
0.000227928
0.000229359
0.000178814
0.000224352
0.000232697
0.000230312
0.000231266
0.000232935
0.000230312
0.000235319
0.000229597
0.000234365
0.000231743
0.000232458
0.000239372
0.000233650
0.000236750
0.000231266
0.000232935
0.000234842
0.000235558
0.000230551
0.000231981
0.000234127
0.000233412
0.000232458
0.000242472
0.000230312
0.000232697
0.000233889
0.000231743
0.000238419
0.000244141
0.000233412
0.000232935
0.000230074
0.000232935
0.000259161
0.000233889
0.000231981
0.000233889
0.000231981
0.000233412
0.000235081
0.000240088
0.000231266
0.000230789
0.000234365
0.000236273
0.000195503
0.000232697
0.000239372
0.000239134
0.000231504
0.000232935
0.000230789
0.000233889
0.000231028
0.000228882
0.000229359
0.000234127
0.000241041
0.000236750
0.000229597
0.000232458
0.000233650
0.000236034
0.000234365
0.000230074
0.000230551
0.000232697
0.000238657
0.000231981
0.000238895
0.000229836
0.000232697
0.000228167
0.000231504
0.000232697
0.000229359
0.000236034
0.000234604
0.000231743
0.000232935
0.000231981
0.000241280
0.000226736
0.000231504
0.000234127
0.000230551
0.000236034
0.000235796
0.000235081
0.000233412
0.000228882
0.000231504
0.000221729
0.000227928
0.000231266
0.000234365
0.000233650
0.000227928
0.000229836
0.000231504
0.000230551
0.000232220
0.000239134
0.000225782
0.000206709
0.000230312
0.000233650
0.000232935
0.000232458
0.000233173
0.000230312
0.000230551
0.000229120
0.000234127
0.000230789
0.000228643
0.000231266
0.000231266
0.000237465
0.000233889
0.000229836
0.000231028
0.000229120
0.000230789
0.000229836
0.000227451
0.000231743
0.000235081
0.000232220
0.000231504
0.000234604
0.000234127
0.000232697
0.000232935
0.000231981
0.000228405
0.000230551
0.000229359
0.000231028
0.000197172
0.000315189
0.000226021
0.000194788
0.000232220
0.000231266
0.000232220
0.000231981
0.000233650
0.000235081
0.000228405
0.000231504
0.000169992
0.000231028
0.000229597
0.000234127
0.000232935
0.000230789
0.000236511
0.000237703
0.000237942
0.000231028
0.000237465
0.000226974
0.000169277
0.000227451
0.000170708
0.000233889
0.000228167
0.000231981
0.000232935
0.000233412
0.000149488
0.000230551
0.000233650
0.000232458
0.000233650
0.000244617
0.000226259
0.000238657
0.000233173
0.000237703
0.000147581
0.000226021
0.000234365
0.000226259
0.000231028
0.000232935
0.000188828
0.000181913
0.000232220
0.000230551
0.000147104
0.000311136
0.000230312
0.000230551
0.000234127
0.000229597
0.000233173
0.000230789
0.000232935
0.000230074
0.000145674
0.000232697
0.000232220
0.000231504
0.000228882
0.000266075
0.000228405
0.000243664
0.000237226
0.000237226
0.000177145
0.000232697
0.000230551
0.000236511
0.000243664
0.000229120
0.000234127
0.000233412
0.000231266
0.000229597
0.000278473
0.000230789
0.000236034
0.000228643
0.000233173
0.000233889
0.000242472
0.000236273
0.000234604
0.000233889
0.000232458
0.000230312
0.000232458
0.000227928
0.000241041
0.000234127
0.000178099
