0.013041735
0.002419949
0.012584925
0.004479885
0.003798962
0.003084183
0.002809525
0.002689123
0.003036261
0.003329039
0.003206491
0.003058672
0.002455950
0.003204107
0.002710104
0.003060341
0.004892111
0.002615213
0.002665997
0.003067493
0.012883663
0.003113985
0.003735065
0.002999067
0.002665758
0.002641201
0.002742290
0.003049135
0.003649473
0.013197184
0.003091335
0.002682447
0.003011703
0.003117085
0.002665281
0.002671242
0.003130674
0.003032207
0.002873421
0.004491568
0.003520966
0.002744913
0.003055573
0.003094196
0.002732754
0.003172398
0.003036737
0.002572536
0.003069878
0.002685070
0.003093719
0.002607107
0.003184319
0.003042698
0.002728701
0.002583504
0.002694845
0.003052711
0.003073215
0.002780199
0.003076792
0.005952597
0.002705812
0.003277063
0.002767801
0.004730940
0.005172014
0.002697706
0.002987623
0.002694368
0.003021240
0.002754450
0.002640724
0.003042221
0.003013611
0.003015995
0.002860546
0.003057718
0.003017187
0.003030539
0.002690554
0.002753735
0.003014803
0.003048897
0.002685308
0.003028393
0.002667904
0.012818336
0.003053188
0.003160000
0.003644228
0.003150463
0.004046679
0.012426853
0.003080130
0.002574682
0.002690554
0.002691031
0.003098249
0.003031969
0.002650261
0.003315926
0.002562761
0.002406120
0.002547979
0.002558470
0.002559423
0.002545357
0.002418280
0.002553225
0.002572775
0.002866268
0.003785372
0.004047632
0.004230499
0.003429174
0.002975702
0.002554417
0.002671480
0.003688097
0.004134417
0.002534866
0.004807711
0.004255533
0.002813339
0.002598047
0.002566099
0.002614975
0.002575397
0.003768682
0.003957748
0.002795935
0.002870083
0.002908945
0.003380299
0.002942562
0.002644300
0.002654314
0.002542257
0.002767086
0.002594233
0.003860712
0.004652739
0.003478050
0.002786875
0.002593994
0.002521515
0.003800631
0.004343987
0.002291203
0.002261162
0.002285004
0.002375126
0.002286673
0.002224445
0.002236605
0.002194643
0.002156734
0.002148628
0.013129711
0.003984690
0.003221989
0.002387047
0.002208710
0.002186298
0.002254248
0.011986971
0.002305984
0.002206564
0.003145933
0.002456903
0.002714396
0.002487421
0.002168655
0.002303362
0.002223730
0.011934280
0.002243280
0.002119303
0.002144337
0.004203081
0.003410339
0.002586365
0.003508568
0.003987074
0.003986120
0.002544165
0.002550364
0.002648592
0.002619505
0.002817392
0.002525330
0.003859282
0.003093243
0.012931824
0.002459526
0.003280163
0.003096342
0.003003120
0.003579378
0.003600836
0.003297091
0.002530813
0.003094435
0.002858639
0.002605677
0.002542973
0.002448559
0.003097057
0.002536058
0.002542973
0.002538919
0.002534866
0.003583908
0.002827168
0.002755165
0.002645969
0.002856255
0.003546000
0.002902985
0.002919912
0.002951384
0.002912760
0.003486395
0.002485991
0.002757788
0.002708673
0.003321886
0.002832174
0.002707958
0.002684832
0.002993345
0.002881050
0.003461838
0.002833128
0.003018618
0.002479792
0.003727436
0.003796816
0.003504753
0.002959490
0.002715111
0.002837181
0.003248930
0.002666712
0.002576351
0.002916336
0.002946138
0.003021717
0.003139496
0.003013372
0.002758265
0.002910852
0.003001213
0.002736330
0.002855062
0.003011227
0.002929449
0.002756834
0.002784967
0.002865553
0.003299236
0.002786636
0.003264904
0.003282070
0.003977776
0.004291534
0.003794670
0.004189253
0.003704071
0.003627300
0.003666639
0.004173040
0.012797832
0.003816366
0.004028559
0.003253937
0.003626823
0.002581835
0.003615379
0.003578663
0.002778769
0.002634287
0.002778292
0.002652884
0.002620459
0.002450466
0.002422333
0.002465248
0.002748489
0.002427578
0.002588511
0.002436161
0.002510548
0.002471685
0.002725124
0.002509832
0.002489090
0.002473354
0.002465487
