0.012315273
0.000111103
0.000179768
0.000184298
0.000186443
0.000190496
0.000187397
0.000167131
0.000191450
0.000184298
0.000190020
0.000140905
0.000188589
0.000189781
0.000186205
0.000187874
0.000186443
0.000190496
0.000190496
0.000211716
0.000189543
0.000138760
0.000181913
0.000178576
0.000183105
0.000188112
0.000187397
0.000186443
0.000193119
0.000187397
0.000191927
0.000140190
0.000186920
0.000189066
0.000186443
0.000187874
0.000191689
0.000190735
0.000189304
0.000188828
0.000189543
0.000138283
0.000186443
0.000189543
0.000146389
0.000194550
0.000162840
0.000173330
0.000192404
0.000184298
0.000188589
0.000156164
0.000185966
0.000173330
0.000181198
0.000185966
0.000164509
0.000185728
0.000191212
0.000247240
0.000241041
0.000205994
0.000192881
0.000198364
0.000131369
0.000182390
0.000144243
0.000146151
0.000155449
0.000179291
0.000195503
0.000187159
0.000186443
0.000198603
0.000182390
0.000208139
0.000215292
0.000137806
0.000159979
0.000199318
0.000188112
0.000173569
0.000188828
0.000200987
0.000144005
0.000202894
0.000199318
0.000176907
0.000186682
0.000164509
0.000182390
0.000180483
0.000178814
0.000182867
0.000223637
0.000201941
0.000187635
0.000177860
0.000186443
0.000149250
0.000160456
0.000185490
0.000190258
0.000182390
0.000212193
0.000231266
0.000190020
0.000226974
0.000165939
0.000162125
0.000185251
0.000149012
0.000183582
0.000192642
0.000184298
0.000172138
0.000170231
0.000190020
0.000187159
0.000186443
0.000192404
0.000190973
0.000191689
0.000188589
0.000182390
0.000158310
0.000192881
0.000190258
0.000190020
0.000188589
0.000192881
0.000183105
0.000190020
0.000190735
0.000193357
0.000190735
0.000194311
0.000174522
0.000189781
0.000192404
0.000190735
0.000192642
0.000193834
0.000164270
0.000193596
0.000198603
0.000191450
0.000192642
0.000190496
0.000189543
0.000193596
0.000194073
0.000198841
0.000195503
0.000188351
0.000169516
0.000195026
0.000194311
0.000192404
0.000189781
0.000190973
0.000150204
0.000196695
0.000192165
0.000192165
0.000196695
0.000191927
0.000203848
0.000193119
0.000183582
0.000194788
0.000189304
0.000189304
0.000190735
0.000196457
0.000191212
0.000192165
0.000192165
0.000195026
0.000186205
0.000190735
0.000192642
0.000193834
0.000189781
0.000185966
0.000188828
0.000194550
0.000189543
0.000190735
0.000192881
0.000197649
0.000193596
0.000189543
0.000190020
0.000190735
0.000206232
0.000191212
0.000187874
0.000188589
0.000191450
0.000205755
0.000187159
0.000194788
0.000190973
0.000187635
0.000190973
0.000193357
0.000196457
0.000189543
0.000192165
0.000190020
0.000193119
0.000189543
0.000189543
0.000174761
0.000193357
0.000186682
0.000191450
0.000191689
0.000194550
0.000189304
0.000192165
0.000198603
0.000195980
0.000190020
0.000193357
0.000191450
0.000191450
0.000190020
0.000190496
0.000191212
0.000198841
0.000191212
0.000193834
0.000196218
0.000191689
0.000199318
0.000190735
0.000188112
0.000214338
0.000215530
0.000190735
0.000196457
0.000188351
0.000179291
0.000190496
0.000190735
0.000201941
0.000189781
0.000191689
0.000189304
0.000190020
0.000192165
0.000190735
0.000187159
0.000191450
0.000192404
0.000193119
0.000191450
0.000192642
0.000193357
0.000193119
0.000206709
0.000190258
0.000190258
0.000193119
0.000190496
0.000198364
0.000187874
0.000194073
0.000191689
0.000192881
0.000190020
0.000192881
0.000186920
0.000199556
0.000189543
0.000192881
0.000192881
0.000195265
0.000190496
0.000190496
0.000188351
0.000190496
0.000189543
0.000191927
0.000192404
0.000190735
0.000193834
0.000188589
0.000189781
0.000191450
0.000191689
0.000197411
0.000190735
0.000191212
0.000190973
0.000195026
0.000196695
0.000196218
