0.011567593
0.000939608
0.001067400
0.001128197
0.001079559
0.001079798
0.000957489
0.000809908
0.000960827
0.000982285
0.001068830
0.001095772
0.000959635
0.000924587
0.000949621
0.001066446
0.000950813
0.000844240
0.001083374
0.000944614
0.001069546
0.000941038
0.001072407
0.001008272
0.000963926
0.001051903
0.001048565
0.000819206
0.001070023
0.000962019
0.000925779
0.001077890
0.000960112
0.001069784
0.000969648
0.000978947
0.001013756
0.001062393
0.000952959
0.000960827
0.000955582
0.001081467
0.000995636
0.001096487
0.001072645
0.001018286
0.001115799
0.000818491
0.001091003
0.000969648
0.000951767
0.000903130
0.000808954
0.001083136
0.000994444
0.000959396
0.000959873
0.000848770
0.001180172
0.001069784
0.000952244
0.001092434
0.000946760
0.000946999
0.001072168
0.000951529
0.000944138
0.001099348
0.001075983
0.000947952
0.000947237
0.000952721
0.001077175
0.001098871
0.001081467
0.001075983
0.000958443
0.000952005
0.001067162
0.000970125
0.000960588
0.000945330
0.001081467
0.001072645
0.000929832
0.001023293
0.001070499
0.000859261
0.000957012
0.001083612
0.001088858
0.001118183
0.000952959
0.001072645
0.000942469
0.001053572
0.001042128
0.001101732
0.001063347
0.000934124
0.000978947
0.000936031
0.000958681
0.000949383
0.000930548
0.000936031
0.000952721
0.000931025
0.000926495
0.000955343
0.000932693
0.000938654
0.000962257
0.000923395
0.000940561
0.001038313
0.000931740
0.000925541
0.000926018
0.000919342
0.000924349
0.001076937
0.000793219
0.000912666
0.000951290
0.000921965
0.000867367
0.000940084
0.000925064
0.000930309
0.000924349
0.000928402
0.000928164
0.000919104
0.000921249
0.000923395
0.000933647
0.000991106
0.000928640
0.000930786
0.000915289
0.000743866
0.000927687
0.000916719
0.000887156
0.000923157
0.000935793
0.000891447
0.000927925
0.000877619
0.000935078
0.000921249
0.001106977
0.001023769
0.000965357
0.000927210
0.000978708
0.000922441
0.000921726
0.000948191
0.000931740
0.000942469
0.000966787
0.000939369
0.000938892
0.000932932
0.000931740
0.000965834
0.000938654
0.000934362
0.000939608
0.000929117
0.000924349
0.000935555
0.000942230
0.000975132
0.000938654
0.000944614
0.000955343
0.000942230
0.000946283
0.000959158
0.011411667
0.000952482
0.000948906
0.001083374
0.000976801
0.000948668
0.000951290
0.000946045
0.000885010
0.000947952
0.000962973
0.000971317
0.000948906
0.000946045
0.000961065
0.000946522
0.000950575
0.000938892
0.000942230
0.000959158
0.000952959
0.011606932
0.000936031
0.000937223
0.000943184
0.000943422
0.000941992
0.000938177
0.000942230
0.000981808
0.000932217
0.000941277
0.000964642
0.000933170
0.000983477
0.000940800
0.000938892
0.000938416
0.000949621
0.000946283
0.011623621
0.000991821
0.000961781
0.000966072
0.000958443
0.000962734
0.000947475
0.001008511
0.000951052
0.000950098
0.000990868
0.000952005
0.001047373
0.000954866
0.000954866
0.000998259
0.000973225
0.000949144
0.000967979
0.000976086
0.000963688
0.000955343
0.000962257
0.000966072
0.000956535
0.001091480
0.000960588
0.000952721
0.000955105
0.000960112
0.000947475
0.011510372
0.000937223
0.000986338
0.000942945
0.000935555
0.000941038
0.000937939
0.000912189
0.000941992
0.000938892
0.000929117
0.000933647
0.000946999
0.000931263
0.000927687
0.011536837
0.011317015
0.000953913
0.000935555
0.000939369
0.000724792
0.000942230
0.000951290
0.000936985
0.000933647
0.000958920
0.000947714
0.000965834
0.001003265
0.000967026
0.000959396
0.000991106
0.000969887
0.001187563
0.000998020
0.000959873
0.000967264
0.000938416
0.000966072
0.000938416
0.000962973
0.000939369
0.000942945
0.000962734
0.000942945
0.000940084
0.001060247
