0.000247240
0.000201225
0.000201702
0.000198603
0.000205040
0.000200510
0.000202179
0.000202894
0.000225067
0.000209093
0.000237942
0.000250101
0.000201464
0.000198364
0.000197887
0.000198364
0.000202656
0.000198126
0.000199080
0.000200748
0.000201941
0.000201464
0.000201702
0.000212193
0.000201464
0.000195742
0.000194550
0.000202417
0.000201225
0.000201464
0.000203133
0.000196218
0.000198603
0.000202417
0.000208855
0.000200033
0.000205755
0.000220060
0.000200033
0.000200748
0.000201464
0.000226498
0.000256300
0.000201702
0.000228405
0.000199080
0.000204563
0.000201941
0.000200272
0.000204086
0.000226974
0.000214338
0.000205040
0.000202656
0.000203133
0.000204563
0.000200748
0.000203133
0.000203371
0.000203609
0.000199318
0.000204325
0.000202179
0.000200033
0.000200510
0.000202656
0.000224829
0.000200272
0.000202894
0.000202179
0.000203609
0.000200272
0.000201941
0.000197411
0.000201464
0.000198841
0.000224829
0.000270844
0.000198126
0.000205517
0.000216007
0.000195742
0.000190258
0.000226021
0.000233412
0.000200987
0.000200510
0.000201702
0.000202656
0.000202179
0.000200748
0.000211477
0.000200510
0.000201702
0.000183105
0.000194073
0.000199556
0.000200987
0.000201464
0.000196695
0.000199318
0.000201225
0.000225306
0.000201702
0.000181198
0.000192404
0.000201464
0.000201702
0.000204802
0.000198126
0.000199318
0.000198603
0.000200510
0.000221968
0.000150919
0.000199318
0.000205994
0.000199556
0.000198841
0.000210524
0.000197172
0.000197411
0.000199556
0.000196934
0.000154018
0.000201941
0.000198603
0.000234127
0.000197887
0.000200987
0.000198603
0.000198841
0.000197887
0.000195980
0.000152111
0.000196934
0.000204802
0.000200033
0.000200272
0.000199080
0.000198364
0.000197411
0.000199318
0.000203133
0.000152349
0.000200510
0.000201225
0.000209332
0.000195742
0.000223160
0.000206232
0.000205517
0.000200272
0.000202656
0.000200033
0.000196218
0.000197649
0.000200510
0.000200748
0.000201225
0.000200987
0.000200510
0.000197649
0.000204086
0.000150919
0.000200748
0.000199318
0.000200748
0.000201941
0.000203371
0.000200033
0.000252485
0.000201225
0.000217438
0.000197172
0.000198603
0.000202417
0.000202894
0.000200272
0.000196695
0.000201225
0.000201941
0.000199556
0.000200987
0.000194788
0.000227451
0.000200033
0.000198603
0.000198603
0.000200748
0.000202656
0.000203609
0.000196457
0.000201941
0.000201225
0.000199318
0.000200510
0.000198364
0.000202179
0.000200272
0.000200033
0.000211954
0.000201941
0.000198841
0.000202179
0.000214338
0.000205755
0.000197649
0.000198841
0.000199080
0.000198841
0.000198364
0.000199795
0.000214577
0.000205040
0.000197411
0.000200510
0.000196934
0.000198603
0.000198126
0.000199556
0.000225067
0.000194788
0.000218153
0.000177383
0.000207663
0.000198603
0.000211000
0.000197887
0.000203133
0.000200510
0.000199080
0.000195503
0.000202179
0.000200510
0.000199795
0.000200510
0.000200987
0.000200510
0.000198841
0.000197172
0.000197649
0.000197411
0.000200510
0.000152349
0.000197172
0.000200987
0.000195026
0.000177622
0.000200748
0.000196695
0.000201702
0.000198603
0.000201464
0.000200033
0.000199795
0.000223637
0.000206232
0.000197887
0.000201225
0.000198126
0.000199795
0.000197887
0.000197411
0.000150442
0.000202894
0.000196934
0.000197887
0.000197172
0.000200033
0.000197172
0.000203609
0.000154734
0.000180006
0.000199795
0.000202179
0.000200033
0.000200272
0.000197649
0.000196695
0.000201464
0.000201225
0.000200748
0.000200272
0.000199556
0.000202656
0.000198126
0.000201941
0.000200033
0.000201464
0.000196934
0.000203609
0.000199080
0.000217915
0.000196934
0.000209808
0.000196934
0.000196934
0.000197411
0.000204325
