0.017117262
0.014921665
0.004925013
0.005607605
0.005353212
0.006259918
0.005415201
0.006186485
0.005177259
0.005437374
0.009083748
0.015354156
0.008892536
0.005222082
0.006283998
0.006812572
0.015331268
0.006239414
0.008713722
0.006368637
0.005413771
0.006989956
0.009839296
0.007123232
0.007997274
0.005885124
0.008338451
0.016730070
0.005910158
0.006428003
0.006384850
0.006380081
0.005678415
0.008003473
0.006480932
0.006817341
0.005355597
0.006482124
0.005385160
0.005628824
0.005950928
0.010485888
0.008724213
0.006218672
0.006418705
0.009522200
0.007562876
0.006505966
0.008443832
0.015731335
0.009667158
0.009301424
0.009274006
0.008369207
0.006501913
0.008568287
0.009330750
0.009075165
0.006367445
0.005357742
0.014443874
0.005352497
0.006932259
0.005345106
0.005217552
0.006171227
0.006232738
0.005257368
0.006174564
0.006182671
0.005295038
0.005337238
0.006171227
0.005286455
0.005243301
0.006151676
0.006185293
0.006264448
0.005193472
0.006228685
0.005349874
0.005324841
0.006197214
0.005423546
0.006574392
0.006469011
0.006527424
0.005220175
0.005250216
0.006292343
0.005384684
0.005304575
0.005267859
0.006188869
0.006344080
0.005248785
0.006231070
0.005383015
0.005323648
0.004873037
0.006279230
0.015369654
0.004859209
0.004836798
0.004865170
0.004953384
0.004958630
0.004933834
0.004847765
0.004865646
0.004906178
0.004911900
0.004852533
0.004909754
0.004878044
0.004883528
0.004857063
0.004857302
0.004862785
0.004973173
0.005006313
0.005082607
0.013956785
0.017627239
0.004858732
0.014791965
0.014965057
0.006353378
0.005003691
0.006051540
0.014555931
0.006144285
0.006439686
0.014018774
0.005715847
0.007477760
0.013923883
0.015162706
0.007945776
0.008139372
0.005493641
0.018155575
0.006241560
0.006136656
0.005461931
0.006307125
0.016615391
0.005975485
0.017803192
0.007009745
0.005561590
0.008189201
0.008146763
0.004890680
0.005144119
0.005523920
0.005687475
0.005661964
0.005530119
0.004966497
0.004822493
0.004878283
0.005112410
0.005273342
0.005053043
0.005972147
0.005437374
0.005428076
0.005653620
0.005450964
0.004904509
0.007481813
0.007990360
0.006593943
0.005135536
0.004827738
0.016037941
0.015540838
0.015459776
0.006284952
0.004831076
0.005398035
0.005488157
0.005433321
0.005096436
0.005371809
0.005306244
0.004848480
0.005295038
0.005348444
0.005264759
0.005355597
0.005176067
0.004816055
0.005259991
0.004982471
0.004829884
0.005094767
0.004874945
0.004897594
0.004926682
0.015372992
0.004996061
0.004874468
0.004805565
0.015336990
0.004925013
0.004963636
0.004829168
0.005288601
0.004805803
0.015408516
0.015102863
0.004855871
0.015320301
0.004872322
0.004874945
0.004865408
0.004836559
0.004841089
0.004850388
0.004927397
0.004884481
0.005115747
0.004813910
0.004885674
0.004832506
0.004848242
0.004887581
0.006474495
0.007674456
0.007523775
0.006253481
0.014552355
0.007259130
0.006857157
0.006425858
0.006354332
0.005324602
0.007495880
0.015907288
0.007041693
0.014667749
0.009874344
0.007859230
0.006734848
0.006492615
0.007798910
0.009403706
0.005290508
0.014293909
0.006757021
0.005280495
0.009062290
0.006844521
0.009524822
0.015914917
0.006565332
0.004514456
0.006515980
0.007171392
0.004738808
0.004327297
0.004834175
0.004403114
0.004826307
0.004897118
0.004745245
0.004263639
0.004971743
0.004728556
0.004798651
0.004594803
0.004802704
0.004477739
0.004555225
0.014949560
0.004456043
0.004495621
0.015321970
0.004679203
0.004818916
0.004599333
0.004601717
0.004428625
0.004578829
0.004246712
0.004338503
0.004938602
0.004843712
0.004473925
0.004574299
0.015192270
0.004307032
0.014934540
0.005008698
0.014626026
0.004397392
0.004713535
0.004801273
