0.012094259
0.001657009
0.001691818
0.001549006
0.001698971
0.001718998
0.001707315
0.001498699
0.001848698
0.001636267
0.001742363
0.001836538
0.001299858
0.001804590
0.001417398
0.001589775
0.001623869
0.001391172
0.001604557
0.001285553
0.001427174
0.001497746
0.001499891
0.001612186
0.001492500
0.001516104
0.001300573
0.001593113
0.001279116
0.001523256
0.001394987
0.001535177
0.001320601
0.001494169
0.001521587
0.001715899
0.001518011
0.001263618
0.001686573
0.001499891
0.001734495
0.001521587
0.001830578
0.001705408
0.001511335
0.001536369
0.001680136
0.001698732
0.001550198
0.001509666
0.001525879
0.001533508
0.001761198
0.001506805
0.001715899
0.001693010
0.001514912
0.001846790
0.001549959
0.001510859
0.001824379
0.001670837
0.001511097
0.001712799
0.001688957
0.001512051
0.001503229
0.001522779
0.001564741
0.001603365
0.001544476
0.001517773
0.001751184
0.001548767
0.001338720
0.001682758
0.001285791
0.001727104
0.001617193
0.001698256
0.001713991
0.001683235
0.001573801
0.001554012
0.001234531
0.001613140
0.001729012
0.001376867
0.001701832
0.001721859
0.001482725
0.001835346
0.001399279
0.001560450
0.001511574
0.001482487
0.001510143
0.001317739
0.001728058
0.001631260
0.001320839
0.001446962
0.001448870
0.001662493
0.001389027
0.001445770
0.001465082
0.001468420
0.001420021
0.001483679
0.001526594
0.001445770
0.001558065
0.001436472
0.001472950
0.001616716
0.001484394
0.001446247
0.001456738
0.001447201
0.001434326
0.001444340
0.001471043
0.001223326
0.001434803
0.001426697
0.001434565
0.001445532
0.001500607
0.001447916
0.001441240
0.001461506
0.001444578
0.001437426
0.001427650
0.001442671
0.001442671
0.001437902
0.001461506
0.001437187
0.001442432
0.001503468
0.001448393
0.001443386
0.001438141
0.001441240
0.001470327
0.001432180
0.001431942
0.001447201
0.001440048
0.001472950
0.001446009
0.001465797
0.001442671
0.001435757
0.001430035
0.001448631
0.001435757
0.001465559
0.001434088
0.001454115
0.001450062
0.001455784
0.001495600
0.001448631
0.001451731
0.001442432
0.001445293
0.001446247
0.001450062
0.001454830
0.001526833
0.001443863
0.001449585
0.001431465
0.001446962
0.001450300
0.001441717
0.001439810
0.001452684
0.001451492
0.001432657
0.001425982
0.001444578
0.001467943
0.001434565
0.001464128
0.001443624
0.001441956
0.001507998
0.001440763
0.001421928
0.001434565
0.001446009
0.001482248
0.001437187
0.001431942
0.001443863
0.001440048
0.001425743
0.001430511
0.001510143
0.001535654
0.001448154
0.001440763
0.001487494
0.001438379
0.001266003
0.001446724
0.001683235
0.001510620
0.001454353
0.001441002
0.002025604
0.002014875
0.002078056
0.001379490
0.001443386
0.001294136
0.001230001
0.001266241
0.002164841
0.002006531
0.001319647
0.001612186
0.001591206
0.001243353
0.001694679
0.002043009
0.002417326
0.001578569
0.001719236
0.001487255
0.001304150
0.001249313
0.001332045
0.001578808
0.001244545
0.001305819
0.001587868
0.001277924
0.001249075
0.001287460
0.001271963
0.001570702
0.001254797
0.001229763
0.001286745
0.001226664
0.001271963
0.001260757
0.001502752
0.001222134
0.001326323
0.001240969
0.001248360
0.001323938
0.001274347
0.001271009
0.001276731
0.001245260
0.001240492
0.001231194
0.001477480
0.001475096
0.001482725
0.001393080
0.001528740
0.001654148
0.001488209
0.001898289
0.002376795
0.001717567
0.002103329
0.002297401
0.002406359
0.002307177
0.002359629
0.002578259
0.002551794
0.002383709
0.001525402
0.002491474
0.002328873
0.001581907
0.001782656
0.001632452
0.001404524
0.001604795
0.001563787
0.001702785
0.001868486
0.001408339
0.001836777
0.001757145
0.001456499
0.001624584
0.001601934
0.001432180
