0.000194788
0.000210047
0.000193357
0.000147104
0.000192404
0.000192881
0.000176668
0.000197649
0.000190735
0.000217438
0.000191450
0.000193834
0.000193357
0.000148058
0.000204802
0.000193357
0.000196218
0.000214338
0.000192642
0.000191689
0.000193357
0.000193834
0.000196934
0.000151873
0.000195503
0.000198126
0.000193119
0.000193596
0.000219345
0.000199080
0.000190258
0.000195503
0.000190735
0.000147104
0.000191927
0.000192881
0.000195503
0.000167847
0.000192165
0.000194311
0.000194073
0.000190258
0.000209093
0.000145435
0.000193357
0.000192165
0.000219107
0.000193834
0.000190973
0.000194073
0.000190258
0.000195742
0.000192165
0.000146389
0.000217199
0.000201225
0.000190735
0.000191689
0.000195980
0.000194550
0.000192404
0.000193596
0.000196457
0.000175238
0.000195503
0.000195265
0.000197172
0.000192165
0.000204086
0.000195265
0.000195265
0.000195980
0.000195742
0.000193596
0.000192404
0.000195503
0.000194073
0.000192642
0.000190973
0.000193834
0.000204802
0.000188351
0.000194073
0.000195742
0.000190258
0.000190735
0.000194788
0.000191450
0.000195503
0.000191689
0.000197411
0.000190258
0.000212193
0.000197411
0.000195026
0.000191212
0.000194311
0.000192404
0.000194311
0.000191927
0.000197172
0.000188828
0.000189066
0.000190258
0.000198841
0.000184536
0.000194788
0.000190020
0.000193119
0.000187635
0.000193596
0.000187635
0.000192881
0.000191212
0.000193834
0.000189543
0.000194311
0.000189304
0.000197649
0.000186920
0.000219345
0.000183105
0.000188112
0.000185251
0.000193119
0.000189543
0.000189304
0.000188589
0.000192881
0.000190020
0.000193357
0.000190020
0.000190973
0.000185490
0.000185251
0.000193119
0.000187874
0.000187397
0.000194073
0.000190496
0.000222445
0.000187874
0.000197887
0.000208139
0.000187397
0.000188351
0.000195265
0.000191927
0.000189781
0.000189066
0.000191212
0.000189304
0.000189304
0.000216961
0.000189066
0.000189781
0.000193119
0.000185490
0.000192404
0.000189304
0.000189304
0.000190258
0.000185966
0.000188589
0.000197411
0.000192881
0.000194311
0.000191927
0.000194073
0.000189066
0.000195026
0.000189066
0.000149012
0.000188589
0.000188828
0.000197172
0.000186205
0.000187874
0.000207424
0.000188828
0.000191212
0.000185966
0.000182390
0.000183821
0.000187397
0.000188589
0.000190735
0.000196934
0.000188112
0.000190496
0.000189781
0.000192404
0.000188828
0.000191212
0.000190973
0.000185490
0.000193596
0.000216484
0.000190258
0.000190973
0.000213146
0.000189781
0.000189304
0.000190020
0.000185728
0.000191927
0.000189304
0.000190020
0.000189304
0.000191450
0.000188112
0.000205994
0.000192404
0.000189543
0.000201941
0.000193596
0.000192165
0.000193596
0.000191927
0.000190020
0.000190735
0.000192165
0.000209808
0.000151873
0.000190258
0.000199795
0.000190020
0.000192642
0.000211477
0.000192165
0.000189066
0.000195265
0.000188828
0.000186205
0.000187397
0.000193596
0.000189781
0.000196934
0.000189066
0.000190735
0.000192404
0.000191689
0.000209570
0.000194788
0.000187397
0.000191212
0.000189304
0.000191927
0.000188828
0.000191927
0.000190496
0.000190020
0.000171900
0.000194788
0.000189543
0.000188351
0.000192404
0.000190020
0.000207424
0.000212193
0.000195742
0.000190973
0.000188351
0.000189304
0.000189066
0.000191927
0.000193596
0.000192881
0.000188351
0.000189304
0.000190496
0.000194073
0.000188112
0.000190973
0.000185966
0.000189543
0.000187874
0.000192165
0.000194311
0.000190973
0.000191927
0.000192404
0.000190020
0.000204086
0.000192165
0.000192642
0.000186682
0.000191450
0.000192165
0.000191927
0.000191212
0.000188589
0.000199795
0.000189066
0.000202417
0.000192642
0.000191212
0.000200272
0.000190258
0.000197172
