0.000193834
0.000185013
0.000192404
0.000195742
0.000207186
0.000187635
0.000189781
0.000190735
0.000199795
0.000190258
0.000189066
0.000191212
0.000193357
0.000196934
0.000193596
0.000188351
0.000191450
0.000194550
0.000195742
0.000203133
0.000227213
0.000194788
0.000196934
0.000190973
0.000193119
0.000195265
0.000194073
0.000191689
0.000193119
0.000193119
0.000202417
0.000192642
0.000194311
0.000196695
0.000191689
0.000193119
0.000197649
0.000195503
0.000192881
0.000192165
0.000202179
0.000192165
0.000195026
0.000197887
0.000203609
0.000188351
0.000190496
0.000193596
0.000190735
0.000191689
0.000194311
0.000188589
0.000191450
0.000186682
0.000197649
0.000195265
0.000193834
0.000204563
0.000198126
0.000194788
0.000196457
0.000191212
0.000194550
0.000192642
0.000191212
0.000195026
0.000193834
0.000192642
0.000195265
0.000190735
0.000200748
0.000195503
0.000195265
0.000190258
0.000192165
0.000192404
0.000194788
0.000191927
0.000191927
0.000200272
0.000195026
0.000191927
0.000207901
0.000187635
0.000193357
0.000192881
0.000194550
0.000189066
0.000190258
0.000191212
0.000188112
0.000193357
0.000191927
0.000192642
0.000194311
0.000191212
0.000220060
0.000188828
0.000190258
0.000198603
0.000192642
0.000192881
0.000190973
0.000193357
0.000192642
0.000190496
0.000210524
0.000194550
0.000189781
0.000187397
0.000189781
0.000183821
0.000191927
0.000193119
0.000196218
0.000190496
0.000195742
0.000189543
0.000194073
0.000201941
0.000190496
0.000194073
0.000143051
0.000196218
0.000191689
0.000185966
0.000195026
0.000192165
0.000189781
0.000195742
0.000190973
0.000189781
0.000187397
0.000190973
0.000181913
0.000204325
0.000188589
0.000188828
0.000213385
0.000191927
0.000188351
0.000186920
0.000192404
0.000190258
0.000191212
0.000195742
0.000199795
0.000206947
0.000194073
0.000187397
0.000184774
0.000189066
0.000186443
0.000186682
0.000201464
0.000191927
0.000190020
0.000208616
0.000182867
0.000192404
0.000193357
0.000204325
0.000187635
0.000193119
0.000190496
0.000195026
0.000189543
0.000186920
0.000193119
0.000192404
0.000186682
0.000185251
0.000186205
0.000169039
0.000188828
0.000193357
0.000191450
0.000191450
0.000195026
0.000194073
0.000189781
0.000189304
0.000145674
0.000193596
0.000187874
0.000189543
0.000189304
0.000192404
0.000180960
0.000192881
0.000190735
0.000195265
0.000145197
0.000190020
0.000188351
0.000189066
0.000196934
0.000191927
0.000187874
0.000195503
0.000189781
0.000196695
0.000144958
0.000209093
0.000191927
0.000189543
0.000190496
0.000192165
0.000191689
0.000188351
0.000191689
0.000191450
0.000158787
0.000197887
0.000188828
0.000192642
0.000185490
0.000200033
0.000187874
0.000192404
0.000189304
0.000188828
0.000143766
0.000222921
0.000188828
0.000191450
0.000192642
0.000189066
0.000192881
0.000190735
0.000187635
0.000212669
0.000145674
0.000188589
0.000196934
0.000193119
0.000192165
0.000190020
0.000191212
0.000191450
0.000189304
0.000190735
0.000146389
0.000190496
0.000189781
0.000189781
0.000189543
0.000190020
0.000185966
0.000193357
0.000189066
0.000189066
0.000144958
0.000190973
0.000189781
0.000190496
0.000189543
0.000191689
0.000190496
0.000198126
0.000186920
0.000210524
0.000192404
0.000190020
0.000192642
0.000189781
0.000191212
0.000190496
0.000186920
0.000188828
0.000205517
0.000188351
0.000188589
0.000147820
0.000187159
0.000191927
0.000186682
0.000191927
0.000213385
0.000191927
0.000189781
0.000224829
0.000142097
0.000189781
0.000186920
0.000190020
0.000195742
0.000190258
0.000187397
0.000188828
0.000187397
0.000191689
0.000147104
0.000191212
0.000195503
0.000189781
0.000189543
0.000191689
0.000189304
0.000196934
