0.000527859
0.000483751
0.000401497
0.000401735
0.000416994
0.000404835
0.000489950
0.000401735
0.000410080
0.000370979
0.000496626
0.000412226
0.000483274
0.000406504
0.000410080
0.000497341
0.000409603
0.000412464
0.000380039
0.000426292
0.000407696
0.000406742
0.000482321
0.000393391
0.000407219
0.000404835
0.000406504
0.000407219
0.000486374
0.000412464
0.000505686
0.000410318
0.000409365
0.000403881
0.000406981
0.000438452
0.000480413
0.000405788
0.000410318
0.000405788
0.000444174
0.000483513
0.000410318
0.000407457
0.000488758
0.000400066
0.000405073
0.000408411
0.000488520
0.000401258
0.000493050
0.000406742
0.000405312
0.000405312
0.000486612
0.000405312
0.000352383
0.000402927
0.000407219
0.000425577
0.000400543
0.000484943
0.000396013
0.000404835
0.000408173
0.000408173
0.000279427
0.000473499
0.000406504
0.000454187
0.000406265
0.000412941
0.000481129
0.000398874
0.000410557
0.000487328
0.000275135
0.000412464
0.000413895
0.000482321
0.000410080
0.000473499
0.000366688
0.000475645
0.000406504
0.000406742
0.000313282
0.000410557
0.000401258
0.000401497
0.000436068
0.000402927
0.000393152
0.000409365
0.000485420
0.000398397
0.000250101
0.000404835
0.000399590
0.000473976
0.000368834
0.000398636
0.000407219
0.000405788
0.000429869
0.000398159
0.000275373
0.000403881
0.000405788
0.000425339
0.000405312
0.000422716
0.000404835
0.000404596
0.000401020
0.000339031
0.000254393
0.000399828
0.000397205
0.000391960
0.000389099
0.000386477
0.000384092
0.000397444
0.000397444
0.000415325
0.000395298
0.000402927
0.000403643
0.000411510
0.000461578
0.000406742
0.000406504
0.000428915
0.000396013
0.000399351
0.000402212
0.000397682
0.000410557
0.000425100
0.000410795
0.000398874
0.000397921
0.000397205
0.000398636
0.000402689
0.000398397
0.000399113
0.000400305
0.000400305
0.000344753
0.000411272
0.000405312
0.000410795
0.000401497
0.000404358
0.000237942
0.000391960
0.000396729
0.000331402
0.000388384
0.000390053
0.000344515
0.000399590
0.000392675
0.000392199
0.000304937
0.000397682
0.000395298
0.000394583
0.000362873
0.000391245
0.000384331
0.000410080
0.000392199
0.000389576
0.000394106
0.000394344
0.000396252
0.000400782
0.000387192
0.000406742
0.000400305
0.000395060
0.000394344
0.000415802
0.000400066
0.000401735
0.000401258
0.000406742
0.000394821
0.000401497
0.000398159
0.000402927
0.000390291
0.000385523
0.000407934
0.000387669
0.000394821
0.000402451
0.000401258
0.000402451
0.000404596
0.000403166
0.000383139
0.000393152
0.000379086
0.000358105
0.000284672
0.000355005
0.000397921
0.000397444
0.000390768
0.000406981
0.000394344
0.000402451
0.000399351
0.000402689
0.000396013
0.000395775
0.000374556
0.000399113
0.000253439
0.000373602
0.000397682
0.000395060
0.000359058
0.000396967
0.000399351
0.000401020
0.000402212
0.000402689
0.000431299
0.000396252
0.000394821
0.000390530
0.000395298
0.000403881
0.000396013
0.000400305
0.000401497
0.000407696
0.000405073
0.000344992
0.000396013
0.000391006
0.000404596
0.000393152
0.000287294
0.000405788
0.000403166
0.000389814
0.000404596
0.000410795
0.000348330
0.000406742
0.000402927
0.000403166
0.000399113
0.000398636
0.000398159
0.000399590
0.000396490
0.000395775
0.000409365
0.000396013
0.000365257
0.000406742
0.000428915
0.000399590
0.000401974
0.000403643
0.000393867
0.000295401
0.000396490
0.000394821
0.000395775
0.000403643
0.000313759
0.000389814
0.000393629
0.000387430
0.000386953
0.000389576
0.000400066
0.000400543
0.000390530
0.000366211
0.000398874
0.000396013
0.000395536
0.000390053
0.000426292
0.000398874
0.000397682
0.000400305
0.000392914
0.000398636
0.000389814
0.000353098
