0.000693321
0.000751257
0.000670910
0.000734568
0.000762224
0.000587702
0.000659704
0.000655651
0.000735760
0.000634909
0.000569582
0.000514269
0.000717402
0.000740290
0.000576496
0.000734806
0.000652552
0.000655651
0.000671148
0.000680447
0.000759363
0.000744581
0.000598669
0.000587940
0.000687599
0.000724554
0.000637531
0.000723124
0.000728130
0.000745296
0.000730038
0.000681877
0.000695229
0.000672340
0.000658035
0.000621796
0.000732422
0.000665903
0.000681162
0.000600100
0.000668526
0.000661612
0.000730753
0.000733614
0.000655174
0.000653982
0.000579834
0.000730515
0.000617027
0.000765800
0.000653028
0.000734568
0.000585794
0.000734091
0.000581741
0.000688076
0.000665426
0.000725746
0.000578642
0.000733614
0.000537395
0.000670433
0.000649929
0.000593901
0.000713825
0.000593901
0.000577450
0.000725269
0.000655413
0.000719070
0.000643015
0.000578880
0.000654697
0.000739813
0.000656128
0.000647068
0.000563145
0.000645638
0.000712872
0.000681400
0.000647783
0.000574827
0.000736952
0.000581503
0.000746489
0.000654936
0.000636816
0.000720739
0.000728846
0.000641823
0.000575066
0.000733137
0.000717402
0.000654936
0.000569820
0.000719547
0.000575304
0.000585556
0.000594139
0.000646591
0.000709534
0.000619888
0.000625134
0.000558615
0.000628471
0.000558853
0.000624418
0.000633240
0.000558376
0.000648260
0.000740290
0.000573874
0.000634193
0.000570059
0.000570297
0.000631094
0.000636101
0.000643015
0.000644922
0.000641346
0.000638008
0.000633478
0.000627041
0.000646353
0.000571489
0.000670433
0.000564814
0.000584126
0.000637054
0.000636578
0.000663042
0.000637054
0.000571489
0.000632524
0.000634909
0.000562191
0.000649214
0.011387110
0.000617743
0.000627279
0.000619173
0.000558615
0.000639915
0.000569582
0.000647068
0.000561953
0.000573874
0.000584602
0.000569344
0.000575066
0.000630140
0.000636101
0.000624657
0.000631571
0.000562429
0.000569820
0.000564575
0.000553370
0.000624180
0.000566483
0.000560045
0.000560045
0.000696659
0.000599623
0.000590324
0.000652075
0.000560522
0.000598192
0.000638485
0.000634432
0.000625610
0.000634909
0.000941277
0.000633478
0.000607014
0.000552893
0.000547647
0.000627041
0.000565290
0.000562668
0.000559330
0.000634432
0.000562429
0.000626087
0.000690937
0.000548840
0.000621319
0.000555277
0.000627279
0.000565052
0.000566006
0.000634193
0.000639439
0.000563383
0.000583887
0.000645638
0.000501871
0.000699997
0.000632286
0.000634670
0.000561237
0.000563383
0.000636339
0.000713110
0.000615835
0.000643253
0.000421524
0.000633717
0.000637770
0.000584364
0.000629663
0.000639439
0.000631094
0.000638008
0.000555277
0.000641346
0.000407219
0.000575781
0.000578880
0.000562429
0.000568390
0.000568151
0.000639439
0.000436783
0.000566006
0.000633001
0.000414371
0.000586510
0.000619650
0.000574827
0.000566959
0.000635862
0.000586748
0.000621557
0.000631809
0.000643492
0.000562429
0.000636101
0.000635386
0.000638247
0.000629425
0.000466108
0.000569820
0.000639439
0.000627279
0.000655174
0.000407934
0.000637054
0.000628233
0.000644684
0.000649452
0.000637531
0.000638247
0.000565052
0.000633717
0.000630140
0.000408888
0.000573874
0.000625372
0.000637293
0.000630856
0.000635386
0.000627279
0.000747442
0.000627279
0.000635624
0.000414371
0.000617981
0.000623941
0.000554323
0.000573874
0.000559807
0.000620127
0.000413895
0.000558615
0.000623465
0.000403643
0.000567198
0.000626087
0.000640869
0.000566483
0.000643253
0.000568390
0.000633240
0.000639439
0.000568628
0.000445127
0.000569582
0.000569582
0.000578642
0.000566483
0.000571966
0.000626802
0.000674009
0.000560045
0.000669003
0.000412226
0.000589609
0.000658274
0.000644445
