0.000192404
0.000213146
0.000191212
0.000194073
0.000243187
0.000192881
0.000193119
0.000195265
0.000199556
0.000196457
0.000194788
0.000193834
0.000197887
0.000195980
0.000192642
0.000195026
0.000198126
0.000194550
0.000197649
0.000189781
0.000195265
0.000211239
0.000219107
0.000194311
0.000194311
0.000197172
0.000196695
0.000193357
0.000195026
0.000196695
0.000191689
0.000191450
0.000194073
0.000194073
0.000194073
0.000191212
0.000192642
0.000196457
0.000191212
0.000197887
0.000194311
0.000211716
0.000193357
0.000196457
0.000195742
0.000195026
0.000182629
0.000203133
0.000193834
0.000193119
0.000196934
0.000191212
0.000198364
0.000196218
0.000192404
0.000195980
0.000194788
0.000196695
0.000193596
0.000221014
0.000192165
0.000199795
0.000223875
0.000220776
0.000192642
0.000221491
0.000193119
0.000193596
0.000194311
0.000191450
0.000195742
0.000194073
0.000194550
0.000197411
0.000195980
0.000199556
0.000195265
0.000196457
0.000194311
0.000196457
0.000193119
0.000195503
0.000194073
0.000192404
0.000187397
0.000208139
0.000191450
0.000190973
0.000195980
0.000196934
0.000193834
0.000190258
0.000189066
0.000191212
0.000194073
0.000195503
0.000193596
0.000194550
0.000194311
0.000197411
0.000197172
0.000194311
0.000191689
0.000215054
0.000192881
0.000195026
0.000193596
0.000195026
0.000198603
0.000175238
0.000204325
0.000191212
0.000194788
0.000195265
0.000198364
0.000193596
0.000182390
0.000191212
0.000190496
0.000189304
0.000197411
0.000194788
0.000191450
0.000191927
0.000209332
0.000196457
0.000190973
0.000195026
0.000194311
0.000197649
0.000194311
0.000191689
0.000192642
0.000192165
0.000192881
0.000196218
0.000188351
0.000198126
0.000228882
0.000190258
0.000198126
0.000192404
0.000195742
0.000194311
0.000194788
0.000207663
0.000195503
0.000194550
0.000196218
0.000193357
0.000192404
0.000194311
0.000198126
0.000196695
0.000193834
0.000195026
0.000195503
0.000192642
0.000193834
0.000191450
0.000195026
0.000192404
0.000195026
0.000195026
0.000193357
0.000195503
0.000197649
0.000197887
0.000193834
0.000195742
0.000194788
0.000212669
0.000194073
0.000191689
0.000193119
0.000193119
0.000194550
0.000199556
0.000205994
0.000192404
0.000193834
0.000193119
0.000191927
0.000192881
0.000192404
0.000189781
0.000192642
0.000192165
0.000190258
0.000192642
0.000196934
0.000213385
0.000192404
0.000192881
0.000193834
0.000194073
0.000212193
0.000192642
0.000190735
0.000197172
0.000194788
0.000192881
0.000194550
0.000188589
0.000191450
0.000191689
0.000189543
0.000192165
0.000192165
0.000216007
0.000191689
0.000174761
0.000184298
0.000191689
0.000194550
0.000191450
0.000193834
0.000191927
0.000191927
0.000189781
0.000190973
0.000192404
0.000192881
0.000192404
0.000197172
0.000197411
0.000192881
0.000204802
0.000195742
0.000194311
0.000195265
0.000187159
0.000190735
0.000190735
0.000189781
0.000208139
0.000190020
0.000193357
0.000186920
0.000190496
0.000221014
0.000192881
0.000195026
0.000195503
0.000192881
0.000209570
0.000193834
0.000192642
0.000192165
0.000189781
0.000193119
0.000169992
0.000190735
0.000214577
0.000190973
0.000193119
0.000190020
0.000193834
0.000193834
0.000198603
0.000196457
0.000185013
0.000193119
0.000193357
0.000208139
0.000199080
0.000201464
0.000191450
0.000194788
0.000188351
0.000190496
0.000190735
0.000191450
0.000192165
0.000193357
0.000195742
0.000191212
0.000195980
0.000192404
0.000214577
0.000193834
0.000193119
0.000187635
0.000189543
0.000223398
0.000209808
0.000190020
0.000194073
0.000192404
0.000193596
0.000193119
0.000186205
0.000204086
0.000188112
0.000191689
0.000191927
0.000193596
0.000194073
0.000193357
0.000201464
