0.000249624
0.000329018
0.000252724
0.000236034
0.000255108
0.000257969
0.000253677
0.000316620
0.000251770
0.000323296
0.000312090
0.000310421
0.000324488
0.000275135
0.000312805
0.000312805
0.000310898
0.000311136
0.000379562
0.000311852
0.000313044
0.000312567
0.000312567
0.000387430
0.000275135
0.000325441
0.000310183
0.000279665
0.000314951
0.000315666
0.000382900
0.000313282
0.000313520
0.000309229
0.000306129
0.000313282
0.000251532
0.000321865
0.000320435
0.000308752
0.000309944
0.000370026
0.000310659
0.000321388
0.000316381
0.000313282
0.000318766
0.000383854
0.000312805
0.000292301
0.000315189
0.000310183
0.000355721
0.000308514
0.000309944
0.000312328
0.000312567
0.000313997
0.000313282
0.000380754
0.000314474
0.000320196
0.000264883
0.000316381
0.000311375
0.000403881
0.000331640
0.000311852
0.000312090
0.000377178
0.000313044
0.000313282
0.000323772
0.000307322
0.000310659
0.000339508
0.000376225
0.000307798
0.000315905
0.000311375
0.000337601
0.000311136
0.000313759
0.000390530
0.000311613
0.000311852
0.000313520
0.000307322
0.000312567
0.000382185
0.000315905
0.000313282
0.000310659
0.000309706
0.000318289
0.000309467
0.000315666
0.000288963
0.000307560
0.000305176
0.000311375
0.000301838
0.000304222
0.000332594
0.000283957
0.000306368
0.000306845
0.000250340
0.000316381
0.000308037
0.000309467
0.000306368
0.000307560
0.000307083
0.000308037
0.000307798
0.000309229
0.000307322
0.000314951
0.000313044
0.000312805
0.000312090
0.000294924
0.000309229
0.000309706
0.000309467
0.000307083
0.000309944
0.000308275
0.000308752
0.000306845
0.000310421
0.000313520
0.000329256
0.000308990
0.000307560
0.000303030
0.000308990
0.000310183
0.000309229
0.000307083
0.000308752
0.000338793
0.000319958
0.000306368
0.000315428
0.000310898
0.000290632
0.000312090
0.000312567
0.000311613
0.000310898
0.000309944
0.000306129
0.000309467
0.000273943
0.000306129
0.000305653
0.000307322
0.000303984
0.000278473
0.000272036
0.000308037
0.000311136
0.000313520
0.000274658
0.000316143
0.000310421
0.000308990
0.000322104
0.000311852
0.000305176
0.000309944
0.000310421
0.000313759
0.000256777
0.000310421
0.000307798
0.000251532
0.000315428
0.000326395
0.000311852
0.000330448
0.000311613
0.000312328
0.000310659
0.000259638
0.000308990
0.000310183
0.000311136
0.000308514
0.000307322
0.000249624
0.000309467
0.000313282
0.000309467
0.000311136
0.000307560
0.000310421
0.000311852
0.000324726
0.000312328
0.000308990
0.000330687
0.000325918
0.000308990
0.000306845
0.000313520
0.000310659
0.000311613
0.000306129
0.000308990
0.000305176
0.000308990
0.000313044
0.000306845
0.000262022
0.000265598
0.000305414
0.000310183
0.000313282
0.000307322
0.000308514
0.000310898
0.000308275
0.000308752
0.000306129
0.000250340
0.000250340
0.000313997
0.000310898
0.000309467
0.000307798
0.000304699
0.000308752
0.000302553
0.000310659
0.000315189
0.000304937
0.000317335
0.000309467
0.000306845
0.000304222
0.000309706
0.000312567
0.000255108
0.000308037
0.000312805
0.000306129
0.000306368
0.000308514
0.000255108
0.000306368
0.000304937
0.000282764
0.000246525
0.000282288
0.000308752
0.000308752
0.000246048
0.000308990
0.000304461
0.000311136
0.000248194
0.000317812
0.000307560
0.000305653
0.000247478
0.000308037
0.000303984
0.000249147
0.000311375
0.000272989
0.000306606
0.000310183
0.000317335
0.000308990
0.000260830
0.000307798
0.000316620
0.000307560
0.000283480
0.000314713
0.000265121
0.000313997
0.000318766
0.000310183
0.000310421
0.000308275
0.000311613
0.000322580
0.000308514
0.000307083
0.000306368
0.000309944
0.000311375
0.000293970
0.000308752
0.000305891
0.000258207
