0.000169039
0.000196934
0.000193119
0.000197172
0.000191212
0.000197887
0.000211477
0.000196934
0.000245333
0.000193357
0.000195265
0.000205040
0.000195503
0.000192165
0.000196934
0.000195026
0.000221491
0.000194788
0.000193357
0.000195026
0.000195026
0.000193357
0.000222921
0.000206709
0.000198841
0.000195503
0.000198603
0.000198603
0.000197172
0.000199318
0.000199318
0.000197172
0.000200510
0.000208616
0.000194311
0.000195265
0.000202894
0.000199318
0.000197887
0.000196218
0.000197887
0.000197172
0.000198841
0.000196695
0.000198603
0.000197887
0.000200272
0.000206232
0.000229836
0.000202656
0.000197887
0.000193357
0.000196218
0.000192642
0.000196695
0.000190496
0.000195265
0.000195503
0.000196695
0.000220060
0.000193834
0.000194073
0.000193596
0.000205994
0.000193357
0.000191927
0.000193596
0.000195980
0.000194550
0.000222445
0.000195980
0.000200272
0.000195503
0.000243187
0.000195026
0.000196695
0.000200272
0.000197649
0.000193596
0.000195980
0.000194788
0.000198126
0.000196695
0.000195503
0.000196695
0.000195980
0.000197172
0.000201464
0.000196934
0.000194550
0.000197887
0.000195265
0.000196695
0.000198126
0.000219584
0.000196934
0.000197649
0.000218868
0.000191927
0.000193834
0.000196457
0.000190258
0.000193834
0.000194788
0.000193596
0.000186920
0.000194550
0.000194550
0.000202417
0.000198603
0.000195742
0.000195742
0.000196457
0.000195265
0.000177860
0.000195265
0.000197172
0.000195742
0.000194788
0.000222683
0.000195026
0.000196218
0.000201464
0.000193596
0.000195742
0.000195026
0.000194311
0.000190496
0.000196457
0.000193834
0.000191450
0.000190973
0.000194550
0.000198126
0.000194550
0.000190973
0.000195503
0.000196695
0.000195742
0.000191927
0.000195980
0.000193596
0.000192881
0.000195742
0.000195742
0.000195026
0.000196218
0.000194550
0.000195265
0.000197172
0.000200510
0.000194311
0.000207424
0.000195026
0.000194073
0.000192165
0.000197172
0.000194311
0.000219584
0.000196934
0.000196934
0.000196695
0.000197411
0.000193834
0.000199318
0.000198364
0.000193357
0.000192404
0.000190735
0.000190735
0.000224352
0.000190258
0.000146866
0.000194550
0.000197172
0.000193119
0.000196695
0.000194550
0.000193357
0.000194311
0.000221491
0.000196457
0.000195026
0.000196695
0.000195980
0.000192642
0.000196457
0.000192165
0.000193119
0.000189543
0.000196457
0.000195265
0.000195980
0.000193119
0.000195265
0.000195026
0.000197411
0.000196457
0.000192165
0.000195503
0.000194788
0.000194788
0.000196695
0.000198126
0.000195980
0.000191450
0.000201225
0.000195980
0.000174522
0.000196457
0.000195265
0.000190735
0.000192404
0.000191212
0.000194788
0.000193596
0.000213623
0.000194073
0.000190973
0.000194788
0.000195980
0.000195980
0.000189066
0.000153780
0.000194073
0.000197411
0.000195980
0.000214338
0.000193119
0.000251770
0.000210047
0.000195265
0.000191212
0.000190020
0.000188589
0.000196218
0.000192642
0.000195503
0.000191927
0.000192881
0.000195265
0.000193596
0.000195742
0.000190258
0.000198126
0.000194550
0.000205040
0.000194788
0.000191927
0.000194788
0.000195980
0.000195980
0.000194550
0.000193357
0.000195026
0.000211716
0.000191450
0.000196218
0.000194311
0.000196695
0.000195026
0.000193119
0.000192881
0.000184298
0.000199080
0.000195980
0.000183105
0.000195026
0.000194788
0.000191927
0.000195742
0.000193834
0.000210762
0.000195265
0.000193119
0.000191927
0.000191689
0.000192165
0.000194311
0.000193357
0.000192404
0.000190973
0.000194073
0.000191450
0.000192642
0.000202894
0.000197649
0.000192642
0.000193357
0.000192404
0.000188589
0.000186920
0.000199556
0.000182390
0.000194788
0.000194311
0.000194311
0.000192642
0.000195265
0.000202179
