0.000251055
0.000260115
0.000211239
0.000210285
0.000210047
0.000159740
0.000219107
0.000211477
0.000212669
0.000208378
0.000209808
0.000211239
0.000209808
0.000212908
0.000209570
0.000209570
0.000258684
0.000206947
0.000210047
0.000203609
0.000207424
0.000212669
0.000206470
0.000214815
0.000206232
0.000209093
0.000212193
0.000234365
0.000211954
0.000207901
0.000207901
0.000218868
0.000258684
0.000242710
0.000206232
0.000207663
0.000205755
0.000207663
0.000207424
0.000225306
0.000211716
0.000206232
0.000208616
0.000208378
0.000216722
0.000208855
0.000230789
0.000210047
0.000212669
0.000208855
0.000264406
0.000211239
0.000212193
0.000214100
0.000208855
0.000208616
0.000208139
0.000217915
0.000214100
0.000208378
0.000238895
0.000207901
0.000207901
0.000210047
0.000209332
0.000211239
0.000266552
0.000206709
0.000211954
0.000217438
0.000210285
0.000208855
0.000214100
0.000208139
0.000208378
0.000206947
0.000212669
0.000212669
0.000209570
0.000209093
0.000210762
0.000209332
0.000221491
0.000209808
0.000209332
0.000208378
0.000210285
0.000213385
0.000267506
0.000211239
0.000208139
0.000208139
0.000209808
0.000207901
0.000205517
0.000211477
0.000216484
0.000207186
0.000211239
0.000230551
0.000207424
0.000202179
0.000208855
0.000204086
0.000208139
0.000206709
0.000208855
0.000210285
0.000208378
0.000207901
0.000227451
0.000208378
0.000201225
0.000205994
0.000211954
0.000208378
0.000209093
0.000202656
0.000206470
0.000203609
0.000206709
0.000236273
0.000228167
0.000203848
0.000205994
0.000206232
0.000209332
0.000205755
0.000211954
0.000205994
0.000207186
0.000207186
0.000207663
0.000205517
0.000206709
0.000211477
0.000212908
0.000204086
0.000212193
0.000205278
0.000205755
0.000206232
0.000207663
0.000206947
0.000207663
0.000200272
0.000232220
0.000207901
0.000209332
0.000207663
0.000209570
0.000206470
0.000206232
0.000206709
0.000204563
0.000203848
0.000211000
0.000208855
0.000205755
0.000203609
0.000208855
0.000203609
0.000211000
0.000208139
0.000206232
0.000205755
0.000209332
0.000207663
0.000208378
0.000211000
0.000207901
0.000206709
0.000205755
0.000207424
0.000210047
0.000221729
0.000205994
0.000203133
0.000203848
0.000206470
0.000214577
0.000206709
0.000216722
0.000205755
0.000206947
0.000208855
0.000205278
0.000204563
0.000221729
0.000202179
0.000206709
0.000202894
0.000204325
0.000212431
0.000209332
0.000205755
0.000231266
0.000224590
0.000210524
0.000206470
0.000206709
0.000216722
0.000205278
0.000208855
0.000207901
0.000202179
0.000209332
0.000230074
0.000208855
0.000203609
0.000222921
0.000205040
0.000225306
0.000203371
0.000218868
0.000202179
0.000204563
0.000204086
0.000205994
0.000201702
0.000208378
0.000201941
0.000180006
0.000202894
0.000204563
0.000205755
0.000205994
0.000205755
0.000203848
0.000203609
0.000209570
0.000200748
0.000205994
0.000206709
0.000205755
0.000224590
0.000211239
0.000239611
0.000206470
0.000206232
0.000207663
0.000206709
0.000217676
0.000213623
0.000219107
0.000206709
0.000207186
0.000203371
0.000202417
0.000203609
0.000207186
0.000204563
0.000208855
0.000226259
0.000206232
0.000206470
0.000215769
0.000208855
0.000204325
0.000203848
0.000208616
0.000210524
0.000207186
0.000208616
0.000208139
0.000210524
0.000203609
0.000205278
0.000203609
0.000207663
0.000205278
0.000210285
0.000203609
0.000226259
0.000207186
0.000209332
0.000211716
0.000204325
0.000203609
0.000205278
0.000207663
0.000208616
0.000206947
0.000205278
0.000205755
0.000207663
0.000207663
0.000211239
0.000186205
0.000208378
0.000205755
0.000206947
0.000206709
0.000206947
0.000203609
0.000206232
0.000202179
0.000209093
0.000206947
0.000213861
