0.000274181
0.000218153
0.000218391
0.000221252
0.000231981
0.000221014
0.000277042
0.000220060
0.000219584
0.000237942
0.000221729
0.000221729
0.000224113
0.000225067
0.000224113
0.000218868
0.000276327
0.000216961
0.000230074
0.000219345
0.000222445
0.000219107
0.000218630
0.000216484
0.000223160
0.000219107
0.000223398
0.000283241
0.000226974
0.000217438
0.000219107
0.000215530
0.000244141
0.000222683
0.000231266
0.000282049
0.000226021
0.000220776
0.000223398
0.000224113
0.000223398
0.000220299
0.000223398
0.000226498
0.000222683
0.000222445
0.000290155
0.000217915
0.000226259
0.000224352
0.000229120
0.000229120
0.000232697
0.000219822
0.000269890
0.000221968
0.000224352
0.000225067
0.000227213
0.000222206
0.000222683
0.000233650
0.000217676
0.000225067
0.000220299
0.000285387
0.000221491
0.000220060
0.000231028
0.000227451
0.000225782
0.000221252
0.000243664
0.000206232
0.000223875
0.000222445
0.000283480
0.000222445
0.000223160
0.000247717
0.000223875
0.000224113
0.000248671
0.000220537
0.000276566
0.000222921
0.000222921
0.000218868
0.000221252
0.000218153
0.000223398
0.000220776
0.000249147
0.000244617
0.000288725
0.000224590
0.000226498
0.000257015
0.000220776
0.000221252
0.000222921
0.000221968
0.000221729
0.000219107
0.000222445
0.000219822
0.000221014
0.000223398
0.000222683
0.000224352
0.000223398
0.000223875
0.000223398
0.000222445
0.000221014
0.000223160
0.000222206
0.000220299
0.000240803
0.000220537
0.000218153
0.000221252
0.000222206
0.000230074
0.000221491
0.000216007
0.000219584
0.000215769
0.000219345
0.000221968
0.000220537
0.000223398
0.000224829
0.000250101
0.000219584
0.000254631
0.000220299
0.000218630
0.000225782
0.000225067
0.000220060
0.000218153
0.000221491
0.000244141
0.000224829
0.000167847
0.000224113
0.000219345
0.000220299
0.000228643
0.000221491
0.000221729
0.000221729
0.000221968
0.000221014
0.000118732
0.000219822
0.000217199
0.000220776
0.000216484
0.000218630
0.000215530
0.000238419
0.000216961
0.000218153
0.000192642
0.000218391
0.000214577
0.000228643
0.000218630
0.000218391
0.000216722
0.000220060
0.000214100
0.000219584
0.000169277
0.000242710
0.000222921
0.000217915
0.000216484
0.000219345
0.000219345
0.000219822
0.000218868
0.000216007
0.000163317
0.000221729
0.000212908
0.000229120
0.000216246
0.000220060
0.000213623
0.000215769
0.000252008
0.000206470
0.000168324
0.000222445
0.000221968
0.000217676
0.000219584
0.000223875
0.000218391
0.000221491
0.000218391
0.000216722
0.000166655
0.000219345
0.000242233
0.000220537
0.000217438
0.000221014
0.000218391
0.000220537
0.000218630
0.000221968
0.000215292
0.000219107
0.000216484
0.000250340
0.000216961
0.000216961
0.000217438
0.000216961
0.000223637
0.000221968
0.000198126
0.000219107
0.000216007
0.000217915
0.000213623
0.000218153
0.000218391
0.000252008
0.000222921
0.000199318
0.000198841
0.000218391
0.000220537
0.000220537
0.000229359
0.000222683
0.000218868
0.000218391
0.000220776
0.000221014
0.000217199
0.000220060
0.000246525
0.000219107
0.000219584
0.000219822
0.000218630
0.000226974
0.000220299
0.000222206
0.000215769
0.000216961
0.000244379
0.000219345
0.000216007
0.000215292
0.000216722
0.000216961
0.000218630
0.000231028
0.000215054
0.000218391
0.000217676
0.000215530
0.000217915
0.000217676
0.000216007
0.000213146
0.000218868
0.000218868
0.000212908
0.000218630
0.000228167
0.000219584
0.000221968
0.000218391
0.000221968
0.000226021
0.000226974
0.000218868
0.000217915
0.000223398
0.000226021
0.000219822
0.000233889
0.000217438
0.000226736
0.000216961
0.000217199
0.000217199
0.000198603
0.000279188
0.000216246
0.000217915
0.000223637
