0.047604084
0.021396637
0.019244194
2.729944944
0.034748793
0.018060446
2.721888781
0.022659779
0.019830942
0.021191359
0.033410788
0.018287182
0.021607161
0.033296108
0.019399166
0.017026901
0.017621756
0.020137548
0.024720430
0.017592430
0.033646822
0.016833067
0.019970655
0.018844128
0.020778179
0.021572351
0.040696144
0.029786348
0.021544933
0.020529270
0.022972345
0.022161961
0.017667294
0.018539667
0.016816139
0.017246008
0.019678831
0.016756535
0.018235207
0.018759251
0.017156839
0.021000862
0.025326014
0.024159193
0.025195360
0.017095566
0.019089699
0.021363020
0.022127151
0.017135859
0.016834259
0.025993109
0.028959990
0.020035744
0.019607544
0.034517050
0.024661064
0.024493217
0.019936562
0.028122425
0.017057419
0.023989677
0.021749973
0.019217968
0.030668259
0.025486708
0.023536682
0.023992777
0.033309937
0.025309086
0.018631935
0.022893190
0.022902966
0.019677162
0.020163774
0.018299103
0.016714334
0.030653954
0.019715548
0.021637917
0.023396969
0.022444963
0.022050858
0.018561602
0.018631220
0.019551754
0.018486738
0.019870043
0.017464638
0.018770456
0.018985271
0.021202326
0.024471760
0.025016308
0.016691208
0.021293402
0.020737886
0.028754473
0.020802259
0.017294407
0.020946980
0.017281532
0.020388842
0.018133402
0.025640726
0.024463415
0.018553257
0.018853903
0.023042440
0.028555632
0.029494047
0.028661013
0.029660225
0.023527622
0.025778770
0.029224396
0.023681641
0.025199413
0.024197578
0.022163868
0.021580935
0.024476528
0.018759012
0.020330906
0.031668186
0.025520086
0.024503231
0.029093742
0.016704559
0.024644375
0.024239302
0.024547815
0.016904831
0.021055937
0.024355888
0.016847849
0.020702600
0.026471376
0.020464420
0.019559145
0.022696018
0.034164190
0.024780512
0.024502039
0.020187855
0.025780678
0.032049417
0.020886660
0.024791479
0.021251440
0.029844284
0.023337126
0.039847374
0.021844625
0.025229216
0.022886276
0.021280766
0.024888039
0.017610788
0.019750357
0.019730568
0.017716169
0.017475605
0.020424843
0.021775484
0.018120289
0.035618067
0.023599625
0.024317980
0.017914772
0.019714832
0.019763231
0.020261526
0.019757032
0.020579338
0.043292761
0.026655197
0.021864653
0.024756908
0.024999619
0.018876314
0.017693758
0.017931938
0.016860485
0.016525030
0.017710447
0.016330481
0.016725063
0.017676830
0.021165371
0.024001122
0.025795698
0.019728422
0.018745899
0.022756815
0.019268990
0.030638456
0.020919800
0.025793314
0.024010181
0.021420956
0.025359154
0.022251844
0.025632381
0.022080660
0.018265724
0.021669626
0.022579193
0.023651123
0.024440289
0.020171642
0.020595789
0.024121046
0.019173861
0.020006895
0.034603119
0.024726629
0.021325588
0.023049355
0.027959824
0.032700777
0.022757292
0.022596359
0.019223213
0.027870417
0.017783880
0.019602299
0.023924112
0.025340796
0.023942471
0.024713993
0.036370993
0.020076513
0.031407356
0.024886131
0.023383141
0.025106907
0.018558741
0.019850969
0.023938417
0.023843050
0.022716761
0.026062012
0.018909693
0.017990351
0.033344507
0.018817425
0.017336130
0.024900675
0.024618387
0.039519072
0.026820183
0.027835608
0.038729429
0.024371386
0.023920059
0.025787354
0.024863005
0.027534008
0.024945259
0.036905527
0.030356407
0.024029970
0.026008606
0.024732351
0.017378807
0.024607182
0.021852255
0.022051811
0.019583225
0.034779072
0.016788960
0.017001152
0.026378393
0.031218290
0.019542933
0.028568268
0.022626162
0.019954205
0.025251627
0.024388790
0.019181252
0.027258635
0.030094147
0.017706633
0.021476507
0.019549847
0.017056227
0.018760443
0.021056175
0.019991159
0.023741484
0.024022102
0.018634558
0.017780781
0.016991854
0.024321556
0.024716139
0.018556356
0.016992092
0.025931835
0.019219398
0.017501116
0.022910833
0.024912834
0.026517868
0.023853064
0.017133951
0.020015001
0.017047882
0.025319815
0.024579763
0.019895315
0.020951509
0.018016338
0.022996664
0.025859356
0.024422884
0.020998716
0.017604113
0.029592514
0.019559622
0.029087067
0.020339727
0.029460430
0.020555735
0.019998550
0.022955894
0.024440527
0.022469521
0.034605980
0.017587662
0.025976419
0.019639254
0.019313812
0.017333269
0.023398876
0.040485620
0.018852234
0.020297050
0.030549288
0.025256395
0.020473957
0.018049002
0.018654108
0.018821239
0.024806261
0.016533852
0.020285130
0.019312620
0.021714449
0.020697355
0.022416115
0.023485184
0.020033598
0.017765284
0.018348217
0.019261599
0.024963140
0.038391829
0.020601511
0.020685673
0.020215988
0.025143862
0.024849892
0.023637772
0.018466711
0.022767067
0.018842459
0.024950027
0.037260771
0.019054413
0.019136429
0.025162697
0.031598091
0.017942667
0.023981810
0.025280237
0.018711567
0.023490667
0.021158218
0.018040895
0.020591736
0.017939568
0.016875505
0.023611069
0.025298595
0.018839836
0.024979830
0.023855448
0.024223089
0.023684263
0.022089243
0.018404961
0.018881559
0.029111624
0.021331072
0.018573761
0.016595840
0.019409180
0.019658327
0.025508881
0.024921179
0.020770788
0.019885778
0.022183895
0.016988039
0.018397570
0.021022320
0.033239365
0.024616241
0.018859625
0.022961140
0.030103445
0.024085760
0.022095442
0.018824339
0.021669626
0.035037518
0.018133163
0.022761822
0.031241655
0.032802582
0.018109560
0.017196655
0.024150848
0.026141882
0.018079281
0.020484924
0.024125814
0.020537615
0.022069454
0.023641348
0.022391796
0.018732548
0.018515825
0.033915520
0.024752617
0.029445648
0.020062447
0.017859459
0.021136284
0.025644064
0.019121647
0.019209623
0.024418831
0.018301487
0.021333694
0.028520823
0.024904490
0.031994581
0.028628588
0.021621704
0.035036325
0.020133257
0.031881571
0.018850565
0.025928259
0.021067619
0.021215200
0.031805515
0.022829771
0.025335073
0.024279594
0.024746180
0.019760847
0.028120279
0.018242121
0.030211926
0.020327091
0.024186134
0.022816896
0.021881342
0.020041943
0.020149469
0.045447111
0.024631500
0.019180536
0.022043467
0.018541336
0.026782274
0.017858505
0.017813444
0.023169518
0.019360304
0.020898342
0.021018267
0.039000988
0.025228262
0.018884182
0.024159670
0.031437397
0.024594069
0.020409822
0.024749041
0.025233269
0.026407957
0.018263340
0.027815104
0.026113272
0.024968386
0.018040419
0.017277718
0.022609234
0.021057367
0.018085957
0.021232605
0.022777796
0.019441366
0.017019272
0.020565987
0.024842024
0.022596836
0.019233227
0.026849031
0.025424719
0.018121719
0.018522024
0.020847321
0.016989946
0.021466494
0.025092602
0.017706633
0.025066137
0.024541616
0.022473574
0.018980026
0.021937847
0.028252602
0.017167330
0.033220530
0.017529488
0.022704124
0.022668362
0.034631729
0.029726267
0.036865234
0.024800777
0.017261505
0.029697895
0.024013758
0.018786907
0.021260500
0.024788618
0.025444508
0.018779993
0.018576145
0.019065142
0.024441957
0.025526047
0.026860952
0.029496670
0.022225380
0.022832632
0.020480633
0.021738291
0.018675566
0.021414757
0.017376900
0.016919851
0.031388521
0.025160313
0.030174971
0.024854422
0.022163868
0.024114132
0.018884659
0.031675816
0.022794008
0.016455173
0.027983665
0.018469572
0.027433634
0.020114183
0.024131775
0.023841619
0.041444302
0.023771048
0.022153378
0.031127214
0.021746874
0.023921251
0.027498245
0.025480986
0.023900032
0.023237467
0.025186539
0.021966457
0.021107912
0.019875765
0.018833637
0.021131992
0.018713951
0.022651196
0.024880648
0.018870115
0.021986723
0.021945715
0.031530619
0.024304867
