0.017551422
0.003330469
0.312367916
0.005328894
0.003827572
0.003689766
0.096996069
0.003753662
0.004113197
0.003504515
0.003393173
0.003289700
0.003474951
0.004223585
0.004570246
0.004332304
0.004847050
0.003582239
0.003492832
0.003385782
0.003444672
0.003841877
0.003355980
0.003467560
0.003402948
0.004327774
0.004738092
0.003323555
0.003589153
0.003987074
0.003537655
0.004247665
0.003621101
0.003593683
0.003182888
0.003290653
0.003931284
0.003889322
0.004236460
0.003774881
0.003481388
0.003385067
0.003288507
0.003664017
0.004082918
0.003400564
0.005048037
0.004705191
0.004290819
0.004288197
0.004293442
0.003375053
0.003439426
0.003472567
0.003541231
0.003540277
0.003777266
0.004054308
0.003547907
0.003524542
0.003535748
0.004319191
0.003954887
0.003486395
0.003582478
0.003489971
0.004339695
0.004128218
0.003423691
0.003503323
0.003850698
0.004168272
0.003437519
0.004378080
0.003873825
0.005952358
0.004783869
0.004406452
0.003475428
0.004364252
0.003541946
0.003634214
0.003714561
0.004039526
0.003961802
0.005516768
0.005384207
0.003879547
0.003674507
0.005241871
0.005377293
0.003867388
0.003844261
0.004065990
0.004042149
0.004077673
0.004212141
0.004904747
0.004720211
0.004405975
0.003697157
0.003817081
0.004456997
0.003811121
0.003524303
0.003657341
0.003535986
0.003466129
0.003423691
0.004594088
0.004727364
0.003887892
0.003952265
0.004002571
0.003795624
0.004099607
0.003842115
0.004321098
0.004220963
0.004350185
0.003682852
0.004292965
0.004255056
0.003429890
0.003444195
0.003482103
0.004411221
0.003988266
0.003724098
0.003509045
0.004916906
0.005087852
0.003464222
0.003930092
0.004177332
0.004862070
0.003354311
0.003592014
0.003373623
0.004144907
0.003987074
0.004256964
0.003309011
0.004007816
0.003509045
0.003797531
0.003410339
0.003331661
0.003395796
0.003340960
0.003379107
0.003339767
0.003324747
0.003178835
0.003269434
0.003267765
0.003426552
0.004208565
0.003520966
0.003436565
0.003963947
0.003501177
0.005687952
0.004174471
0.003431082
0.003505230
0.003953218
0.003662348
0.003518581
0.004457474
0.004084587
0.004135609
0.006202936
0.004468203
0.004181862
0.004554987
0.003570318
0.003501177
0.003524780
0.003532410
0.004229784
0.004066944
0.003470898
0.003459692
0.003456831
0.003506899
0.003468752
0.003436327
0.003569126
0.003469467
0.003650188
0.003511429
0.003957748
0.003924847
0.003582954
0.004459143
0.003524780
0.003386974
0.003400564
0.003801107
0.003990889
0.003480911
0.003261566
0.003630161
0.004465818
0.004369020
0.004560709
0.003423452
0.003386736
0.003442764
0.004344702
0.003378868
0.003991365
0.004364252
0.004394531
0.004655361
0.004580021
0.004921913
0.005874872
0.004354715
0.004429340
0.004152060
0.004383326
0.004583597
0.004974365
0.004632950
0.005118608
0.004622221
0.003382206
0.004974365
0.004737616
0.003763437
0.003785849
0.005434990
0.003426075
0.003491640
0.003384352
0.003500462
0.004225731
0.003717422
0.003789663
0.004423857
0.004505396
0.003682613
0.004127026
0.003649712
0.003529072
0.004306793
0.003615618
0.003713369
0.003801823
0.004239559
0.003647804
0.004817009
0.005328655
0.004104853
0.004073620
0.004329443
0.003729343
0.004621983
0.004249334
0.004163980
0.003344059
0.003359795
0.003247738
0.004318476
0.004299879
0.003224850
0.003222466
0.003729105
0.003584862
0.003493547
0.003571510
0.003710032
0.003649950
0.003700018
0.003603220
0.004141331
0.004443407
0.003660202
0.003573418
0.005459309
0.004131317
0.004960775
0.003608704
0.003656387
0.003425837
0.004430532
0.004213810
0.004695654
0.004616499
0.004019499
0.003965855
0.003935814
0.004068375
0.003648043
0.003531456
0.003760099
0.004622459
0.003729105
0.003802299
0.004640818
0.003981829
0.004804134
0.003401756
0.003633261
0.003813267
0.003682852
0.003814220
0.003609419
0.003689289
0.003640413
0.004205704
0.004455328
0.004259825
0.003646374
0.004367590
0.003980160
0.003983021
0.003669977
0.003658056
0.003632307
0.003705740
0.003715277
0.004094839
0.004444599
0.003395796
0.003541708
0.003527880
0.003523350
0.003548622
0.003406763
0.003375292
0.003966570
0.003810406
0.004084587
0.003671885
0.004743576
0.003800392
0.003710747
0.004139423
0.004737377
0.004070520
0.004372597
0.003655195
0.003829479
0.003777504
0.003704309
0.003470898
0.004700184
0.004459858
0.004875660
0.022117376
0.003470659
0.004145384
0.004118204
0.004585981
0.003706217
0.004779816
0.004218102
0.003691912
0.003842831
0.004426956
0.003620148
0.003858328
0.003296614
0.003211975
0.004637718
0.003323078
0.003565788
0.003399611
0.003332853
0.003293753
0.003404379
0.003839254
0.003623724
0.003451347
0.003588438
0.003220320
0.004163980
0.003392458
0.003316641
0.003243923
0.003193617
0.004320621
0.003383160
0.004343987
0.005120039
0.006780386
0.004222631
0.003838778
0.003285408
0.003422976
0.003402233
0.003228426
0.003585100
0.003302097
0.004637241
0.004765034
0.003749132
0.003849506
0.003382921
0.004568815
0.004098177
0.003534555
0.003536701
0.004002333
0.003175735
0.003457546
0.004569292
0.004720688
0.003716469
0.003488779
0.003361225
0.003191233
0.003319740
0.003768921
0.003807545
0.003674030
0.003980875
0.003721952
0.004292727
0.004311085
0.003507853
0.003152847
0.003854036
0.003752470
0.003787756
0.004900932
0.003754854
0.004073858
0.005396366
0.003500700
0.004174232
0.004160643
0.003906965
0.004011154
0.004021168
0.003451109
0.003587246
0.004253387
0.003986359
0.003620148
0.003728151
0.003440857
0.004665852
0.004393101
0.004314661
0.003551006
0.003659964
0.003915787
0.003925800
0.004380703
0.003876686
0.005259991
0.003680468
0.003652096
0.004390717
0.004503250
0.003984928
0.003808498
0.003736734
0.003329992
0.003764153
0.003677368
0.003722906
0.004441023
0.003817558
0.003815413
0.006670475
0.003869772
0.003851414
0.003618717
0.004424095
0.003776312
0.003790855
0.003578901
0.003793001
0.003879786
0.003639698
0.003804207
0.004600286
0.004184008
0.003884315
0.003582239
0.003592253
0.003611088
0.003639221
0.003670454
0.003422737
0.003639936
0.003675699
0.003721237
0.004792929
0.003937006
0.003394842
0.003441095
0.003288507
0.003764868
0.004715681
0.003193617
0.003144741
0.003487349
0.003247738
0.003516912
0.004011869
0.004209518
0.003657341
0.003693342
0.003658295
0.004977942
0.003988266
0.004642725
0.003910303
0.003904581
0.006396770
0.004711151
0.004026413
0.004267931
0.004292488
0.003992558
0.003709793
0.003622055
0.004056215
0.003684282
0.003969431
0.004075766
0.003723383
0.003743649
0.005058765
0.004521370
0.003703356
0.003639221
0.003850222
0.003608704
0.003587246
0.003950596
0.003547192
0.003609657
0.003965378
0.003578424
0.004026890
0.004813671
0.004127502
0.003537655
0.003542185
0.004117966
0.004574299
0.003960371
0.003629923
0.003512383
0.008380651
0.003627539
0.005257368
0.005710840
0.004133940
0.005252361
0.003668308
0.003746748
0.005075932
0.004657269
0.003531218
0.003439903
0.003473997
0.003422499
0.004008532
0.007240295
0.003589153
0.003553629
0.003534317
0.003723860
0.003931046
0.003630877
0.003464222
0.003588676
0.003382444
0.003475428
0.003903151
0.004435539
0.003242731
0.003474951
0.003404617
0.003976345
0.003811359
0.003334284
0.003756046
0.003986120
0.003309727
0.003901243
0.004663467
0.003806591
0.003151655
0.003268957
0.003399611
0.003255367
0.003401995
0.004258394
0.007114649
0.005285025
0.003786802
