0.318971872
0.003075838
0.097605705
0.411491871
0.003687859
0.407745123
0.025834084
0.079967260
0.003234386
0.003138065
0.003269196
0.003182888
0.003133297
0.003291368
0.003621817
0.003361464
0.003406525
0.003727674
0.003625154
0.003204823
0.003299236
0.003365040
0.003306866
0.003371477
0.003098965
0.003005028
0.002945423
0.003149748
0.003032207
0.003156185
0.006135941
0.008104563
0.007026911
0.003323555
0.003352642
0.003391504
0.002995491
0.003392696
0.002953768
0.003367186
0.003170252
0.003164053
0.003083706
0.002696991
0.003385305
0.003301144
0.004208326
0.003296137
0.003905058
0.003624678
0.003984690
0.003402948
0.003189325
0.002828836
0.003186941
0.003214836
0.003143549
0.003133297
0.003410339
0.003421068
0.003643513
0.003200531
0.003091812
0.003329754
0.003167868
0.003001213
0.003304243
0.003504515
0.003360987
0.003337145
0.003437996
0.003628492
0.003511667
0.002876759
0.003370047
0.003651857
0.003223181
0.003405094
0.003351688
0.003078699
0.003205776
0.003150225
0.003168344
0.003569841
0.002894163
0.003342867
0.003574610
0.003524303
0.003103733
0.003120422
0.003458738
0.003411293
0.004545927
0.003350973
0.003573656
0.318553686
0.007660389
0.098293543
0.004107237
0.003155231
0.003553152
0.003154039
0.003414154
0.003627777
0.003339767
0.003248930
0.003528595
0.003914595
0.003882408
0.003342390
0.003374577
0.003714800
0.002986431
0.003507614
0.003890753
0.003810406
0.003521919
0.003304720
0.003322840
0.003216743
0.003201008
0.002899170
0.003189087
0.002895594
0.003024340
0.002914190
0.002985716
0.003487110
0.003390312
0.003074884
0.002942085
0.002913475
0.002939224
0.002920628
0.003131151
0.003064394
0.003106117
0.003440619
0.004087210
0.004131794
0.003603935
0.003121614
0.002858162
0.003069162
0.002978325
0.002830267
0.002810478
0.005382538
0.003179550
0.002981663
0.003288269
0.004395962
0.003463984
0.003174305
0.002879381
0.003107548
0.003192186
0.002971411
0.002984285
0.003405094
0.002988338
0.003163576
0.003311872
0.003324509
0.003515720
0.003094912
0.003029108
0.002916098
0.002997160
0.002959490
0.002923012
0.003489971
0.002923727
0.002944708
0.003297567
0.003554106
0.003353119
0.003094435
0.003027201
0.003093243
0.003414392
0.003153563
0.003184795
0.002937555
0.002987146
0.002992153
0.003044128
0.003193140
0.003278494
0.003204346
0.003135204
0.003012896
0.003104448
0.002955437
0.003032207
0.003174543
0.003260136
0.003042221
0.003017902
0.003218412
0.003773928
0.002920389
0.003007174
0.002978802
0.003060102
0.003042459
0.003547668
0.003169775
0.003016949
0.002987862
0.003109217
0.003485203
0.003169060
0.003497124
0.003112555
0.003369808
0.003126144
0.003156424
0.003124714
0.003103971
0.003288507
0.003456593
0.003652096
0.003934145
0.003821373
0.004144430
0.002954960
0.003404856
0.003291368
0.003281593
0.003163576
0.003093958
0.003083944
0.003639936
0.003482580
0.003998995
0.003869295
0.004008532
0.003576040
0.003890038
0.003809214
0.003478289
0.003179073
0.003556967
0.003057241
0.003478527
0.003437996
0.003617525
0.003214121
0.003572226
0.003109694
0.003272533
0.003321409
0.003408670
0.003141642
0.003140688
0.003153801
0.003059864
0.002927303
0.002798319
0.003667116
0.003391027
0.004036665
0.002973557
0.003146410
0.003128529
0.003217459
0.003731966
0.003482103
0.003164291
0.003636360
0.003160954
0.003559351
0.003806591
0.003113747
0.003162384
0.003343344
0.003573418
0.003519535
0.003268242
0.002994299
0.002848864
0.003029108
0.002926826
0.003207445
0.003335953
0.002941132
0.002932310
0.003068686
0.003464460
0.003242493
0.003407240
0.002914667
0.003664494
0.006515265
0.003483534
0.003649235
0.004001379
0.003343105
0.003862858
0.003155708
0.003096581
0.003264427
0.003394365
0.003173113
0.003163099
0.003189564
0.003203630
0.003803253
0.003683567
0.003936529
0.003181458
0.003145456
0.003870726
0.003553152
0.003454447
0.003125668
0.003297567
0.003122091
0.003219604
0.003769875
0.003473043
0.003197193
0.003492594
0.003701210
0.002897978
0.002883434
0.002909899
0.003002167
0.002960443
0.003198147
0.003140211
0.003207922
0.003153801
0.002835512
0.002900124
0.002840996
0.002855062
0.002889872
0.002947569
0.003423452
0.002768755
0.003008127
0.002942801
0.003142595
0.003088713
0.003039598
0.003079891
0.003234863
0.003219128
0.003041506
0.002917290
0.003978491
0.004038811
0.002831936
0.002813816
0.003096581
0.003127098
0.003246307
0.003118753
0.003082514
0.002992868
0.003622055
0.003365755
0.002806187
0.003054380
0.003095627
0.003278017
0.003214598
0.003263950
0.002899170
0.003043413
0.002778053
0.002958059
0.002891302
0.002984524
0.003208637
0.003099918
0.003162384
0.003083229
0.003278494
0.003374815
0.003011465
0.003360748
0.003095627
0.003362179
0.003196239
0.003269196
0.003210545
0.003265142
0.003632784
0.003356695
0.003262520
0.003412962
0.003169298
0.004163742
0.003162146
0.002877951
0.003204346
0.003054857
0.002975225
0.003812551
0.003163338
0.003198147
0.003587246
0.003125191
0.003133535
0.003302574
0.003438234
0.003175497
0.003676653
0.003307819
0.003652334
0.003013134
0.003268003
0.003262520
0.003794909
0.003609657
0.003318787
0.003320456
0.003565311
0.003402233
0.003282785
0.003336906
0.003248692
0.003367662
0.003259420
0.003781796
0.003771544
0.003302336
0.003257513
0.003449440
0.003216028
0.003270149
0.003277063
0.003258467
0.005293131
0.003172636
0.004075766
0.003512383
0.003350973
0.003451824
0.003329992
0.003218651
0.003148794
0.003142118
0.003274918
0.002858162
0.003708124
0.003453255
0.003324509
0.003374815
0.003511429
0.003363371
0.003141165
0.003269196
0.003073454
0.003014565
0.003443956
0.003121138
0.003228426
0.003398180
0.003002882
0.003003120
0.003026962
0.003088951
0.002907276
0.003063917
0.003339529
0.003365517
0.003097057
0.002774477
0.003419161
0.003230572
0.002892256
0.003061533
0.003340244
0.003950119
0.002950430
0.002910852
0.003971100
0.004241467
0.003159523
0.003254652
0.002904177
0.003432274
0.003246546
0.003277779
0.004100561
0.003416538
0.003252506
0.003257513
0.003402233
0.003445625
0.003461838
0.003357172
0.003399611
0.003556728
0.003357649
0.004494905
0.003280878
0.003464460
0.003089190
0.003170729
0.002958536
0.002962828
0.003058195
0.003192663
0.003132343
0.003205776
0.003059864
0.003046036
0.003642321
0.003198862
0.003292084
0.003125429
0.002933979
0.003371239
0.003851652
0.003143549
0.003185987
0.003526688
0.002927065
0.003617764
0.003761530
0.003388882
0.003449202
0.003475189
0.003793955
0.003400326
0.003260612
0.003435135
0.003435373
0.004341841
0.003711462
0.003497362
0.003330231
0.004487753
0.003477097
0.003472090
0.003592730
0.003194809
0.003664494
0.003381491
0.003308773
0.003259659
0.003448248
0.003324747
0.003552437
0.003459215
0.003400803
0.003382683
0.003303528
0.003535032
0.003493309
0.004153490
0.003376722
0.003454447
0.003504753
0.003444195
0.003773212
0.003649950
0.003464937
0.004240751
0.004032612
0.004108191
0.004331589
0.003513575
0.003757954
0.003396273
0.003810883
0.003550291
0.003246069
0.003799438
0.003420591
0.003549576
0.003501892
0.003202200
0.003285170
0.003301382
0.003268480
0.003348589
0.002869844
0.003254414
0.003369331
0.003441811
0.003353596
0.003288746
0.003721952
0.003503084
0.003236532
0.003551483
0.003164530
0.003304482
0.003294468
0.003179312
0.003316164
0.003820658
0.003319740
0.003390312
