0.044932127
0.075484753
0.048220158
0.045181036
0.048692226
0.044862747
0.036698580
0.044203758
0.047139406
0.043298960
0.048422575
0.035679102
0.049894571
0.066723108
0.065287828
0.060164213
0.058811665
0.056128263
0.055775166
0.057929993
0.064199209
0.063756704
0.060036182
0.064512730
0.063596964
0.061708927
0.069588900
0.056144714
0.066394806
0.059368372
0.053653479
0.047291994
0.048645258
0.046706438
0.053900719
0.051069736
0.041953564
0.057570696
0.038889647
0.035615444
0.055789471
0.070240259
0.077937126
0.065101385
0.041882038
0.042980194
0.052671909
0.042173147
0.040083885
0.043246508
0.040494442
0.042069197
0.043704987
0.050740242
0.070473194
0.060057402
0.058346033
0.047622919
0.044094324
0.055813313
0.045833349
0.076320410
0.061326742
0.055305243
0.046769142
0.044323444
0.050795317
0.051496983
0.051519394
0.054809332
0.042928934
0.050216198
0.044342518
0.038403749
0.042222023
0.052849531
0.035454512
0.043796301
0.040818930
0.047187328
0.046602249
0.062044621
0.038443089
0.032239914
0.041182280
0.045042992
0.036796570
0.043617964
0.033025742
0.033569813
0.037776232
0.042610645
0.040485382
0.075128555
0.084717274
0.041223288
0.038157940
0.041047096
0.043019295
0.036979675
0.043835163
0.049560070
0.037872076
0.041724682
0.037660122
0.057574272
0.070789814
0.063168764
0.067515135
0.060143232
0.049684286
0.045989275
0.043698072
0.057367802
0.038295269
0.046551704
0.049255371
0.042047977
0.051955938
0.060602188
0.056137323
0.042416811
0.037544012
0.040474653
0.041332960
0.036851406
0.046272993
0.060970068
0.042979717
0.048562527
0.042457104
0.067084789
0.055508852
0.047885418
0.046393394
0.046756506
0.050654411
0.041743994
0.033831358
0.042039394
0.041379452
0.035885334
0.032578468
0.049345255
0.055244207
0.059490919
0.086211681
0.043979406
0.036462069
0.036906481
0.038367748
0.045184612
0.046406984
0.041897774
0.038974762
0.042490959
0.036800146
0.053319693
0.070291281
0.060619354
0.044710398
0.052568674
0.062490940
0.066112280
0.036412001
0.031030655
0.041517019
0.040977955
0.039127827
0.042473793
0.056584120
0.068874121
0.071090460
0.041704893
0.042904854
0.032409430
0.047305346
0.046504021
0.039589405
0.060592175
0.060615063
0.045868635
0.038215637
0.034637451
0.054299116
0.078643322
0.055849791
0.060777664
0.059476852
0.064591169
0.054188251
0.054200649
0.064269781
0.055378199
0.051838160
0.069000483
0.064812660
0.054434776
0.071075916
0.055701733
0.067735434
0.051049232
0.041031599
0.054797173
0.060307503
0.049346209
0.050165176
0.040858746
0.039514065
0.040008307
0.042814493
0.045007706
0.058980227
0.061739922
0.044471979
0.059376955
0.037990808
0.036559105
0.047718525
0.060633183
0.063524961
0.047295570
0.033509731
0.036437988
0.054973125
0.059120178
0.066651583
0.039128304
0.041875124
0.038012505
0.035987377
0.053112268
0.036222696
0.044325590
0.044539213
0.041096449
0.080399275
0.055933714
0.072461843
0.053885460
0.074175596
0.081969738
0.070455551
0.053499222
0.052913904
0.061845541
0.074846745
0.057946682
0.069723845
0.056078196
0.066036463
0.067203045
0.059524059
0.079189062
0.071216106
0.065171003
0.063652754
0.069080353
0.076064825
0.070610046
0.067288160
0.078054905
0.052056551
0.042722464
0.044115305
0.062820911
0.053196192
0.050899744
0.032742023
0.071082115
0.063629627
0.039755583
0.041520834
0.037481785
0.039071083
0.044201612
0.049241066
0.043292999
0.045448303
0.040423155
0.041638613
0.055565357
0.060180902
0.063111544
0.040856838
0.037821293
0.042434692
0.055340052
0.053480864
0.064601421
0.037849426
0.039573431
0.039720774
0.045623779
0.098824263
0.069694042
0.056837797
0.043706417
0.034358740
0.040145636
0.045912981
0.053153276
0.043720722
0.056648493
0.046767712
0.042233229
0.035724640
0.074806690
0.058335304
0.052336216
0.036393166
0.035780430
0.039662123
0.041052818
0.035605907
0.038764238
0.036044598
0.046023846
0.043998718
0.043519497
0.073239326
0.073008060
0.055234432
0.040579557
0.045541763
0.043229103
0.035057545
0.042010784
0.049356699
0.048029423
0.034365892
0.049644470
0.046120167
0.065421343
0.071313858
0.048251629
0.039991617
0.041043520
0.036638260
0.034251451
0.040519714
0.036152601
0.045260668
0.038734436
0.037034750
0.038050413
0.051192760
0.058275700
0.077940941
0.045494556
0.037100792
0.042193174
0.041810513
0.040858984
0.043893814
0.041439056
0.043581963
0.052554607
0.034631729
0.074821472
0.079911232
0.061823130
0.071860313
0.058128119
0.055263996
0.038508177
0.048269272
0.038066626
0.043793201
0.036203861
0.043835878
0.044539213
0.050852776
0.050552368
0.055196762
0.068841696
0.061906099
0.059138775
0.041392803
0.042161226
0.046541214
0.042556286
0.039301872
0.042193413
0.036835432
0.042490959
0.044062376
0.065448523
0.053602219
0.066267252
0.053193808
0.043084145
0.053078651
0.045525789
0.037033558
0.037354469
0.043780327
0.038066626
0.047607422
0.043936491
0.057006359
0.074747086
0.070503235
0.063530922
0.042617321
0.043716192
0.045948505
0.041967154
0.051734924
0.052200317
0.053841352
0.055016279
0.048870325
0.056733131
0.049358606
0.073406219
0.061986685
0.053602219
0.038635731
0.051231384
0.039015055
0.042310715
0.054017782
0.046693563
0.040294886
0.045089722
0.051581144
0.067520857
0.057621002
0.046014309
0.045634985
0.039629698
0.048189163
0.046308279
0.036026001
0.037817478
0.049120188
0.038674831
0.045087814
0.047233582
0.058657169
0.071395636
0.052334547
0.055303097
0.051382780
0.050592899
0.050323725
0.040585279
0.049788237
0.040147066
0.050700903
0.043813705
0.041597366
0.065289021
0.059967756
0.050807714
0.055293798
0.053025961
0.047174931
0.042688370
0.053761721
0.038734674
0.066560268
0.052724361
0.043731689
0.053675413
0.056023121
0.063275814
0.044046402
0.044307947
0.042453527
0.050548315
0.058714867
0.047246218
0.042495251
0.042847872
0.041192055
0.057718754
0.058266401
0.070179939
0.071651936
0.054574490
0.039374113
0.042520523
0.045576811
0.039360046
0.041063309
0.041342497
0.039096355
0.039890528
0.048843145
0.056977749
0.060237408
0.062831640
0.058573723
0.043484688
0.040264606
0.046228170
0.044455290
0.058599710
0.054888964
0.048314095
0.039985657
0.047388554
0.065980911
0.047197104
0.052015305
0.056823492
0.038794041
0.064148903
0.045712948
0.037619591
0.045409918
0.045989037
0.039484501
0.055437803
0.050669432
0.060160398
0.066396475
0.053195477
0.056586504
0.044491768
0.040776014
0.044657469
0.042541027
0.038087368
0.042701006
0.044974327
0.037880182
0.040409565
0.057411909
0.050892830
0.064681053
0.041715145
0.046260118
0.037159443
0.038632154
0.037661314
0.042596579
0.039254189
0.042215347
0.055309057
0.059233904
0.057387829
0.066740036
0.055212259
0.045734644
0.045769215
0.054871082
0.041918039
0.046039820
0.040060282
0.044811010
0.045504570
0.038330317
0.039129257
0.077422619
0.064122677
0.055428982
0.049155474
0.049585104
0.036594391
0.043841362
0.039405823
0.043447256
0.046194792
0.041950226
0.042004108
0.036369801
0.061101437
0.072788239
0.055099964
0.053447723
0.045836926
0.068867207
0.043627739
0.040246964
0.049659014
0.045989513
0.047769547
0.037688494
0.045296669
0.056353807
0.061171055
0.067842960
0.040250063
0.058732748
0.053858042
0.053055286
0.044294596
0.033032894
0.040615797
0.046064138
0.040056705
0.041860104
0.070240021
0.064539909
0.061267138
0.047926426
0.038436890
