0.853960037
0.004500389
0.004513025
0.005445957
0.004528284
2.549053907
0.003946543
0.005746126
0.005867958
0.004810333
2.548704624
0.004333735
0.005357742
0.004412889
0.004967451
2.651455641
0.004686117
0.004721642
0.005578279
2.606966972
0.005430937
0.004895449
0.005180359
0.004264593
2.597095251
0.004314661
0.004571199
0.005474329
0.005151033
2.650713921
0.004494905
0.004463911
0.004948854
0.004484415
2.551422596
0.005361080
0.005774736
0.004739523
0.005953789
2.544178247
0.004993200
0.005349398
0.004652500
0.004773617
5.622115612
0.005923748
0.005430937
0.004345655
0.004465818
2.547455788
0.004277945
0.004749060
0.004340887
0.005114555
2.549682140
0.004527569
2.968041658
0.004886866
0.004456520
0.005051136
0.004459143
2.550155878
0.005448341
0.005555153
0.004737139
0.004277706
2.546484947
0.004225969
0.004809856
0.004488707
0.004730940
2.652811050
0.005125046
0.004269123
0.005321503
0.005674839
2.548326254
0.005192995
0.004467964
0.005216599
0.004804134
2.520008326
0.004807472
0.004766226
0.004645348
0.004941463
5.650547981
0.004436255
0.004655123
0.004377842
0.005724430
2.548799992
0.004626989
0.004873037
0.004818916
0.004485369
2.550720692
0.004545212
0.004686117
0.005851746
0.004951715
2.650468111
0.004687071
0.004351616
0.004299402
0.004225969
0.005128860
0.004417896
2.341316938
0.005193710
0.004486084
0.004824400
0.004596949
2.550014496
0.005430460
0.004605770
0.004230022
0.004649639
5.621768713
0.005221605
0.005117178
0.004324913
0.004656553
2.547722340
0.004624128
0.004769564
0.005089998
0.004286766
2.653393269
0.005293846
0.005207300
2.758573532
0.004575253
0.004782915
0.004819393
0.004828215
2.549080610
0.004218340
0.005310297
0.005839348
0.005514860
2.547384262
0.004502773
0.004691601
0.004822254
0.005404711
2.651159286
0.005235195
0.004657507
0.005406141
0.005421400
2.548422575
0.003900290
0.005128384
0.004407406
0.005326748
2.548718929
0.004175663
0.004312277
0.006419897
0.005102158
5.620545626
0.004062176
0.004639149
0.006108999
0.005270720
2.549235821
0.004549742
0.004877090
0.005697489
0.004720688
5.620485306
0.004619360
0.004373789
0.004572868
0.004513264
0.004695177
0.004742384
0.004638195
0.006211281
2.129597187
0.004243135
2.864463806
0.004733801
2.967648506
0.004812479
2.863891602
0.004919291
0.005053520
0.004330397
0.005247593
0.004472494
0.004582882
0.004342079
0.005438566
0.005921364
0.004469872
0.005445242
0.004683971
0.005203724
0.004578114
0.004356861
0.004840612
0.004771948
0.005439043
0.005393028
0.005660057
0.004686356
0.004588127
0.004746437
0.004671335
0.004810572
0.005155802
0.004652977
0.004858971
0.004690170
0.004537821
0.005748749
0.006104946
0.004169941
0.005601883
0.004661322
0.004498005
0.004679441
0.004462719
0.004223824
0.004233360
0.004295111
0.004302502
0.005653620
0.005059004
0.004595280
0.005056858
0.005449295
0.004689693
0.004774809
0.004697561
0.005042553
0.005635023
0.006002903
0.004608631
0.005803823
0.006516218
0.004375696
0.004690409
0.004664898
0.004320145
0.004427195
0.004685879
0.004786730
0.004583120
0.004240036
0.004578114
0.005954981
0.005597830
0.004593849
0.005248070
0.004304171
0.004433393
0.004697561
0.004589081
0.004545212
0.004571676
0.004405737
0.004550457
0.005698919
0.005620956
0.005598783
0.005815506
0.005615473
0.005983591
0.005905390
0.005740404
0.005213976
0.007550001
0.005287886
0.005844831
0.006311178
0.005075693
0.006407022
0.004905224
0.004690886
0.004459858
0.004565239
0.004338026
0.004563093
2.190041542
0.004210949
2.758039713
0.004672050
0.005711079
0.004865885
0.004673243
0.004806280
0.073688269
0.004913092
0.005916357
0.004909039
0.004683733
0.004720926
0.004639387
0.005856991
0.005699635
0.004559994
0.004671574
0.006072044
0.005204916
0.005131245
0.004319191
0.004841805
0.004724741
0.004666328
0.004583120
0.005754471
0.006009579
0.004725218
0.004827499
0.004698038
0.004270077
0.004730463
0.004605770
0.004773855
0.004744768
0.004535913
0.004783869
0.004832506
0.006073475
0.004377604
0.004705906
0.004695654
0.004774094
0.004745245
0.004924536
0.004700661
0.005024195
0.007244349
0.005036592
0.006229401
0.005942106
0.005882263
0.006156921
0.004727364
0.005669594
0.005214214
0.004724741
0.004763842
0.004719734
0.004630566
0.004873514
0.005050421
0.005529404
0.005059719
0.004649162
0.004708529
0.005345345
0.004825115
0.004670143
0.004435539
0.004760027
0.004740953
0.004649162
0.004937172
0.006817579
0.004537821
0.004753351
0.004953623
0.004697084
0.004785061
0.004730463
0.005470037
0.004451990
0.004423857
0.004793882
0.004381895
0.005386114
0.004307032
0.005704165
0.004436731
0.004249573
0.005152464
0.004519463
0.004980564
0.007373571
0.004547119
0.004971027
0.005362034
0.005625010
0.005163193
0.004568577
0.004748344
0.004611015
0.004866600
0.004757404
0.004696846
0.004994154
0.004963875
0.004874706
0.005697966
0.006171703
0.004615307
0.005599022
0.004557133
0.004535913
0.004765749
0.004712343
0.004566431
0.004639626
0.004577160
0.004551649
0.006016493
0.005375147
0.005922079
0.004649401
0.004559040
0.004751921
0.006632090
0.004636288
0.004406691
0.004501104
0.004659176
0.005687952
0.005443096
0.007190704
0.004744768
0.006096125
0.005403996
0.004631519
0.004631519
0.004813433
0.004570723
0.004659414
0.004823208
0.004637718
0.005693913
0.005935907
0.004552364
0.004682779
0.004597425
0.004685640
0.005319357
0.005374193
0.004769802
0.004544735
0.004567385
0.004696131
0.006438494
0.006041527
0.004580021
0.005106688
0.005929708
0.004611015
0.004727840
0.006145239
0.004715919
0.006450653
0.004931927
0.004663229
0.005897045
0.007297277
0.004899025
0.004868984
0.004831791
0.005884409
0.005453587
0.004732370
0.004593372
0.004858971
0.005430460
0.005922079
0.006101608
0.006125450
0.005017996
0.004912853
0.004779339
0.004604101
0.004898787
0.004660368
0.004497051
0.004835367
0.005082130
0.004505873
0.005800962
0.005854845
0.004872561
0.004837990
0.004878044
0.004596710
0.004983187
0.004932880
0.004631996
0.004699945
0.004519939
0.004467010
0.008371830
0.005302906
0.004595041
0.004980087
0.004425049
0.005172968
0.004776001
0.004555464
0.004553795
0.004790545
0.004647732
0.008191109
0.006122828
0.005139828
0.004628658
0.005205631
0.007318258
0.004986763
0.004675388
0.004539013
0.004535437
0.004995823
0.004635096
0.004909754
0.005661249
0.005492210
0.004653692
0.005015850
0.005475283
0.005187511
0.005631208
0.004711390
0.004973412
0.004815817
0.004644394
0.004676819
0.005928278
0.005652905
0.005003691
0.004835606
0.004587173
0.004819632
0.005704641
0.004869461
0.004621267
0.004741430
0.004884005
0.004861832
0.006611586
0.005645752
0.004708052
0.004997253
0.006050587
0.004572868
0.006292582
0.005758762
0.005765676
0.007532358
0.005258560
0.006288528
0.006346464
0.005726576
0.004545927
0.004929304
0.004717827
0.004528284
0.008338690
0.004872561
0.004679203
0.005021811
0.004730940
0.004750729
0.005772114
0.006003857
0.004905939
0.004661560
0.005026817
0.004894972
0.005031347
0.005048752
0.004645586
0.005250454
0.010239363
0.004893541
0.005893707
0.005250931
0.004721165
0.004902601
0.004720449
0.004956484
0.004661322
0.005095005
0.004645109
0.005046129
0.004799128
0.004473925
0.006001234
0.005602598
0.004754066
0.005034685
0.004716396
0.004827499
0.005514383
0.006212473
0.004680872
0.004692793
0.004566431
