0.148822069
0.069480658
0.120118618
0.163438082
0.155241489
0.129407644
0.080163717
0.178451300
0.154499769
0.124900103
0.151463747
0.170729160
0.133206129
0.079471111
0.125296354
0.138196230
0.167128325
0.138733625
0.090201616
0.159374237
0.133514881
0.131312609
0.162229776
0.102211237
0.138020515
0.212778091
0.146629572
0.080408335
0.117486954
0.148521662
0.139858484
0.154540777
0.086810350
0.128328562
0.214940071
0.196809053
0.138447762
0.139102221
0.167539835
0.138237953
0.093464375
0.124530315
0.166842222
0.197045326
0.159409046
0.099994421
0.141058207
0.138539076
0.144477367
0.184938192
0.181444407
0.179862499
0.159932613
0.108932495
0.148433208
0.141739368
0.121678591
0.087944031
0.126885414
0.136567593
0.182800531
0.137878180
0.088668585
0.154483318
0.145138025
0.152626753
0.099367619
0.150440216
0.155260801
0.158283472
0.109771013
0.136563063
0.149269819
0.146597385
0.133519411
0.089549303
0.131762981
0.163542271
0.169065952
0.112832546
0.072704315
0.141703129
0.142520428
0.130204916
0.134494543
0.135299206
0.197360992
0.164255857
0.129748344
0.150079489
0.139401436
0.133941412
0.093885660
0.127617121
0.136840582
0.170506001
0.145024300
0.097757578
0.142109394
0.161383390
0.142999649
0.085760355
0.127854109
0.163289309
0.189987898
0.156665802
0.105527163
0.135208130
0.164276361
0.152705669
0.127064705
0.135635376
0.180644035
0.174092293
0.108897924
0.147941589
0.138017416
0.147706509
0.141969919
0.098949909
0.169191837
0.181273699
0.169815063
0.124050379
0.137421608
0.152971506
0.130433321
0.084976673
0.154457569
0.158353567
0.169683218
0.129213333
0.102755308
0.147847414
0.152537346
0.140506506
0.103293180
0.121551275
0.094471216
0.128151894
0.199317217
0.145043612
0.100265503
0.158329964
0.134168148
0.156613827
0.174727440
0.120593309
0.204267263
0.164107084
0.164546013
0.205683708
0.131925106
0.126071215
0.202212334
0.163304567
0.095837593
0.169040680
0.232097387
0.190887213
0.116806984
0.153671026
0.149095058
0.161993504
0.120443106
0.160795212
0.216139555
0.149637222
0.100084305
0.151308060
0.149535418
0.143305063
0.088000536
0.140571594
0.178248882
0.150635719
0.089680910
0.127470493
0.140773535
0.136320353
0.143807173
0.091328382
0.143834591
0.171493292
0.175658226
0.096020460
0.146406651
0.141492128
0.126342297
0.170430183
0.091644287
0.139695644
0.181416035
0.175290585
0.120365858
0.149824381
0.152602196
0.133333206
0.087881088
0.120934725
0.146479130
0.191267967
0.159253359
0.102172852
0.142909050
0.159514189
0.143457890
0.097556829
0.154322147
0.175047398
0.176067829
0.125444651
0.163649797
0.152764320
0.157760382
0.101445913
0.143684626
0.137153625
0.195790291
0.158180475
0.096195936
0.128214836
0.154109240
0.130715370
0.142752409
0.090232849
0.138998747
0.184307814
0.159338236
0.122237206
0.141577721
0.140274763
0.140146732
0.083802700
0.123310804
0.197139025
0.180028915
0.128318787
0.160124063
0.133681774
0.081931829
0.071836710
0.099682570
0.170743465
0.176159620
0.195417643
0.103484631
0.142840385
0.147291422
0.156342506
0.129813671
0.084044456
0.117892742
0.207141638
0.201875448
0.131473780
0.131747961
0.130989790
0.185336113
0.155330896
0.072647572
0.127874613
0.177988768
0.145580769
0.077082396
0.118942976
0.139206886
0.155941963
0.146014690
0.079035282
0.131174326
0.180367231
0.149212122
0.186869144
0.138273239
0.121462584
0.093706369
0.138847828
0.153335333
0.137991428
0.171144724
0.140273094
0.164033413
0.083297014
0.087127686
0.108283758
0.147916794
0.158158541
0.110402584
0.094217777
0.200058460
0.191656113
0.122121096
0.150720835
0.142450333
0.148656845
0.153866291
0.147287130
0.150662422
0.101524353
0.159617424
0.136053801
0.149500132
0.181386471
0.143539190
0.153029203
0.166692019
0.178895950
0.154465437
0.149726152
0.160068512
0.089443445
0.132745981
0.148036003
0.145898819
0.186353922
0.173415899
0.142688274
0.145910978
0.091212749
0.175192833
0.151700258
0.148999929
0.106917381
0.159141064
0.164566755
0.182171822
0.144582510
0.146678686
0.149888277
0.144477367
0.101177454
0.170816422
0.169233561
0.118874311
0.091784000
0.169972658
0.155806780
0.131998777
0.099703789
0.163442135
0.160884142
0.138246298
0.087281704
0.132997513
0.167562246
0.163604021
0.114350080
0.129367352
0.178142786
0.180097580
0.086148977
0.145808220
0.148614883
0.163216829
0.082571507
0.093859911
0.109291553
0.166686058
0.182231426
0.109230995
0.089222908
0.132095337
0.158827543
0.132955074
0.154850245
0.095363855
0.186702728
0.175804138
0.132837772
0.079412699
0.148342133
0.130164623
0.140139580
0.191785336
0.183150053
0.166014433
0.081500292
0.085769892
0.108311892
0.139291525
0.156014919
0.116054773
0.080829859
0.198069572
0.140567780
0.086888552
0.082821608
0.097957611
0.122785091
0.136021852
0.188842058
0.148758650
0.126118422
0.132691622
0.144701481
0.144434690
0.092401743
0.128699064
0.148366690
0.150655031
0.152755022
0.145740747
0.165919304
0.139891386
0.091417313
0.134090424
0.157063007
0.136702776
0.145052671
0.114390135
0.193432331
0.129859209
0.087301254
0.121132374
0.142504692
0.135462999
0.156971931
0.108367205
0.168154955
0.189797640
0.149423599
0.090594530
0.123548985
0.151718140
0.084426403
0.085677385
0.164724588
0.175662041
0.140223265
0.131541967
0.142756939
0.152735472
0.098505735
0.141958714
0.134993076
0.153251886
0.131034851
0.144768476
0.175203085
0.102873325
0.088335276
0.128560543
0.170191526
0.131220818
0.091166258
0.155948639
0.169734716
0.136655807
0.097997427
0.162827015
0.161685705
0.148318052
0.110531807
0.188282490
0.198482275
0.198894978
0.130101204
0.145051718
0.087294340
0.144479752
0.146631956
0.171320677
0.150832891
0.108469725
0.140266657
0.121490717
0.136319637
0.143335342
0.082708359
0.132798195
0.190826416
0.167340755
0.170913935
0.157634020
0.133424282
0.077672243
0.143109083
0.138711929
0.143467188
0.209028244
0.129135609
0.135335922
0.152570486
0.138185024
0.081984758
0.142448902
0.146183729
0.168787718
0.154358387
0.107850552
0.145911932
0.155608654
0.142440557
0.112565517
0.154111147
0.123854637
0.156029940
0.181892633
0.148982525
0.118840456
0.154332876
0.139633179
0.095513344
0.134955406
0.138497114
0.134395361
0.207752705
0.181120396
0.142887831
0.175733805
0.112449169
0.138425350
0.147958040
0.127985477
0.094195604
0.176401615
0.161222935
0.141348362
0.082157612
0.146712303
0.143108845
0.149933338
0.153963566
0.128942966
0.166806698
0.105608702
0.150685310
0.087738514
0.137140989
0.167048931
0.142707825
0.084466696
0.186503649
0.146754742
0.099468708
0.087245941
0.172605753
0.201416969
0.219143391
0.221143007
0.137552261
0.165389299
0.163129568
0.183187008
0.162015200
0.175361633
0.183659792
0.162778616
0.141093969
0.186404467
0.136289120
0.127206802
0.134429216
0.175302744
0.129792452
0.157837868
0.163097858
0.156363010
0.117974281
0.133665562
0.138797998
0.136719704
0.161743402
0.112731218
0.110776901
0.134884596
0.150120258
0.214515686
0.146027088
0.135262966
0.161210299
0.128814697
0.082301140
0.118692636
0.144123077
0.151490211
0.178923845
0.095726490
0.131174326
0.145164490
0.145488262
0.147381306
0.143713236
0.143769741
0.182325840
0.172995329
0.139010668
0.138324499
0.143255711
0.140565872
0.095995665
0.133980751
0.192642450
0.187887907
0.097870588
0.142369986
0.144353628
0.136719942
0.154270649
