0.002763510
0.002829313
0.002651215
0.002679348
0.003043175
0.003004551
0.003210068
0.003159285
0.002905607
0.003152132
0.003210545
0.002987385
0.003235102
0.003170729
0.002947092
0.002906322
0.002734423
0.002997398
0.003229618
0.003330231
0.003076315
0.003101110
0.003147364
0.002973318
0.002916098
0.003101826
0.003094912
0.002998114
0.003011227
0.003008127
0.003111839
0.003032207
0.003009558
0.003081083
0.003245115
0.003256559
0.003106356
0.002971888
0.003056049
0.002934933
0.003259659
0.003003597
0.003143549
0.003363132
0.003569603
0.004998922
0.003358841
0.002939701
0.002852440
0.002707481
0.004048109
0.002926350
0.002855062
0.003047705
0.003090382
0.003106833
0.003007650
0.002981663
0.003080845
0.002978325
0.003147364
0.003115177
0.002962351
0.003146172
0.002838373
0.002923727
0.003074646
0.002990007
0.003078461
0.003026247
0.002896070
0.002881765
0.002787828
0.002850294
0.002787113
0.002951145
0.002662420
0.002820253
0.003018618
0.002737045
0.002916574
0.002640963
0.002957106
0.003141403
0.003082275
0.002749681
0.003438711
0.002886057
0.003926992
0.002802849
0.002825022
0.002803802
0.002981663
0.002854347
0.002856016
0.002878666
0.002886295
0.003364801
0.028954029
0.002992153
0.003424168
0.003163576
0.003324747
0.002995253
0.002789497
0.002943754
0.003421545
0.002940655
0.002964497
0.003059149
0.003058434
0.002716541
0.003067970
0.002980709
0.002955914
0.002688408
0.002589226
0.002721310
0.002735853
0.002691269
0.002903223
0.003108978
0.002978086
0.003011465
0.002776146
0.003357887
0.003039122
0.003412962
0.002977133
0.003320456
0.002983093
0.003305674
0.003057718
0.002946854
0.003045559
0.002992868
0.003074646
0.003081083
0.003051043
0.003018618
0.003018141
0.003043413
0.003428698
0.003043175
0.003074884
0.003059626
0.002999067
0.002998352
0.003428936
0.003059864
0.003468752
0.003002644
0.003007889
0.003087521
0.002815485
0.003336430
0.003335476
0.003017902
0.004564524
0.003082514
0.003071308
0.003082037
0.003628731
0.003398180
0.003231287
0.003081799
0.003070116
0.003015757
0.003459454
0.003468513
0.003198385
0.003015995
0.002967119
0.004062891
0.002961636
0.003286123
0.002958298
0.002928972
0.002833366
0.003010273
0.002923489
0.002642870
0.002958536
0.002930164
0.003078222
0.002875566
0.003046989
0.003023148
0.002944231
0.003097057
0.003471851
0.003061533
0.003461361
0.002869368
0.002915382
0.003049850
0.003029108
0.003050804
0.003201008
0.003049135
0.003031254
0.002820492
0.003004551
0.003011465
0.003004789
0.002855301
0.003007412
0.003266811
0.002865076
0.017775536
0.003342390
0.003189087
0.003049374
0.003220320
0.003093004
0.003310919
0.004071236
0.003034353
0.003183842
0.003115654
0.003034592
0.003103018
0.003113031
0.003165722
0.003462076
0.003108978
0.003106594
0.003029346
0.003065109
0.003245831
0.003055573
0.002612114
0.002660513
0.003137350
0.002785921
0.002937794
0.002855778
0.002714157
0.003057718
0.002996445
0.002931356
0.002976656
0.003028393
0.003182650
0.002964735
0.003118515
0.002991915
0.002872229
0.002959490
0.002965689
0.002935410
0.002981663
0.003074884
0.003083229
0.002881527
0.003211021
0.003010273
0.003106356
0.003039837
0.002994776
0.002835751
0.002840042
0.003285170
0.002964497
0.003507614
0.002749205
0.002990007
0.002847195
0.002732038
0.002784967
0.003093719
0.002835512
0.002772093
0.003675699
0.002743006
0.003091812
0.003340483
0.002686262
0.003104210
0.002791882
0.002746344
0.002869368
0.003093243
0.003006697
0.002699614
0.002876759
0.003183603
0.005627632
0.002895355
0.002918482
0.003067255
0.002941132
0.003123760
0.003142357
0.003134251
0.003067255
0.003461838
0.003102064
0.003468752
0.003249168
0.004062653
0.003721237
0.003163099
0.003549576
0.003068447
0.003051996
0.002863646
0.003144503
0.003134012
0.003058672
0.002984762
0.002967596
0.002837420
0.002730131
0.002691746
0.002669573
0.002750158
0.003001451
0.003114700
0.003113508
0.002981663
0.002849579
0.003104448
0.003232479
0.002935886
0.003696918
0.003355742
0.003315210
0.003110647
0.003145218
0.003293514
0.003203154
0.003203154
0.003319263
0.003362417
0.003173351
0.003329515
0.003102064
0.003482819
0.003690481
0.003205061
0.003058910
0.003137589
0.003297329
0.004241467
2.463990927
0.307063103
0.306994915
0.307181597
0.306998253
0.307140350
0.307355642
0.307263374
0.306893110
0.107716322
0.111398697
0.405203819
0.306997776
0.107316256
0.311460495
0.307124376
0.272595167
0.036044598
0.003447533
0.002941370
0.002915144
0.002795935
0.002778292
0.002785921
0.002611637
0.002689123
0.002697468
0.002721548
0.003189802
0.002768040
0.002930641
0.003183126
0.003067970
0.002879620
0.002743244
0.002855301
0.002877951
0.002739191
0.002824068
0.003285646
0.003062010
0.003205538
0.003086567
0.003308296
0.002742052
0.002863169
0.003111601
0.002733469
0.002866030
0.003064871
0.002976179
0.002851486
0.002789497
0.002740860
0.003673553
0.003618479
0.002816200
0.002871990
0.002852917
0.003468752
0.002828360
0.003057957
0.002875328
0.002799511
0.002842903
0.003263235
0.003302097
0.002993584
0.002916813
0.002853632
0.003027916
0.003337622
0.003138542
0.003012896
0.003094435
0.003142595
0.002976894
0.002847433
0.002868414
0.002969980
0.003011465
0.002803802
0.002905607
0.002818823
0.002927780
0.002806664
0.003036499
0.002817869
0.002755404
0.003229856
0.003346682
0.003546238
0.002856970
0.003079653
0.002728224
0.002884626
0.003633499
0.002994299
0.003640413
0.003377914
0.003298998
0.004275560
0.003756285
0.003211737
0.002852917
0.003005743
0.003232002
0.003440142
0.002903938
0.002737522
0.003429651
0.003092289
0.002845526
0.002736092
0.002735138
0.003046751
0.002822638
0.002792358
0.002934694
0.003591299
0.004026175
0.002896786
0.002865791
0.002686977
0.002774000
0.002846956
0.002969503
0.002859354
0.002868414
0.002863407
0.002864122
0.002908945
0.002852201
0.003294945
0.002852678
0.002853870
0.002696991
0.002797365
0.002886534
0.003455639
0.002625465
0.002689838
0.003417969
0.002705336
0.002842903
0.002646923
0.002803564
0.002844572
0.003168821
0.003576279
0.002846956
0.003008366
0.002872229
0.002853632
0.002847672
0.002866030
0.003650665
0.005002975
0.003188848
0.002847910
0.003187418
0.002844572
0.002862692
0.003459930
0.002849817
0.002865314
0.002862215
0.002854347
0.002854824
0.002847195
0.002851963
0.002720594
0.002949238
0.002872229
0.002880096
0.003077984
0.002825499
0.002731085
0.002726316
0.003389359
0.002742529
0.002825499
0.003071785
0.002865076
0.003849745
0.003250599
0.003358841
0.003612995
0.002981663
0.002909660
0.002994537
0.002817154
0.002861023
0.003022432
0.002912283
0.002789736
0.002857924
0.002842665
0.003088951
0.003250122
0.002846956
0.002897739
0.002858400
0.003208876
0.002855062
0.003159046
0.002914190
0.003181458
0.002842188
0.002841473
0.003187418
0.002885342
0.002839327
0.002842665
0.002807617
0.002717733
0.002864838
0.003009558
0.002623081
0.002851725
0.002856016
0.002895832
0.003192663
0.003193378
0.002874851
0.002876997
0.003510237
0.002822876
0.003585100
0.003715038
0.002873659
0.002678633
0.002901077
0.003215790
0.003300905
0.002970934
0.002750874
0.002850771
0.002686739
0.002766848
0.003492832
0.002783060
0.002666950
0.003657579
0.002772331
0.002736092
0.003885746
0.005257368
0.004830837
0.003723145
0.005604029
0.002917528
0.002861738
0.002901077
0.002717972
