0.084797859
0.003848076
0.408755541
0.306964874
0.307043076
0.103713751
0.002919436
0.002852917
0.002690792
0.003012419
0.003035069
0.002751112
0.002707243
0.002842903
0.002989769
0.002581120
0.002627850
0.003094912
0.003082752
0.002907991
0.003019810
0.002887726
0.002704144
0.003022671
0.002610207
0.002541780
0.002823353
0.003192663
0.002935171
0.002508879
0.003054380
0.002595186
0.002686977
0.002860546
0.003043890
0.002614737
0.002681255
0.003157854
0.002839088
0.003013372
0.002726555
0.002827644
0.002722025
0.002793789
0.002522945
0.003399372
0.002954245
0.002702236
0.003470898
0.002601385
0.002691031
0.003063440
0.002855301
0.003054142
0.002644300
0.002746582
0.002963781
0.003196716
0.003293514
0.003015518
0.003088236
0.002589703
0.003019571
0.002979755
0.002726078
0.002748013
0.002906322
0.002982616
0.002978802
0.002898932
0.002819538
0.002798557
0.003113747
0.002732754
0.003047705
0.002924442
0.002890110
0.002883434
0.002827168
0.002945185
0.003318071
0.003029108
0.003057480
0.003051758
0.002833128
0.003351450
0.002967119
0.003403664
0.003245831
0.002742767
0.003347635
0.003802538
0.002778530
0.003064394
0.002889633
0.002714872
0.002824306
0.002726793
0.003149748
0.003120899
0.002947330
0.002681017
0.002817631
0.003443003
0.002729893
0.002747536
0.004675388
0.002970695
0.004216433
0.003151417
0.003073692
0.003061771
0.002831221
0.002950668
0.003103733
0.003048420
0.003059387
0.003026962
0.003234625
0.003041983
0.003412485
0.002747774
0.003035069
0.003116846
0.002594948
0.002544403
0.003671408
0.002810717
0.002947330
0.002591133
0.002689838
0.003095388
0.002461195
0.003112316
0.002692938
0.002707958
0.002565145
0.002654076
0.002655506
0.002608538
0.002785206
0.002780437
0.002654076
0.002920151
0.002868414
0.003198862
0.002966881
0.002851486
0.003249168
0.002805471
0.002678156
0.002578020
0.003240824
0.002943039
0.002805710
0.003107786
0.003089190
0.003123522
0.003203630
0.003088236
0.003347397
0.002708435
0.003309250
0.003177881
0.003064632
0.003392220
0.003198147
0.003343821
0.003381014
0.003117800
0.002957344
0.003250837
0.003157139
0.003539324
0.003294706
0.002974749
0.003169060
0.002955437
0.002961159
0.002921820
0.002965927
0.003037453
0.002904892
0.002786875
0.002962112
0.002990484
0.002833128
0.002784491
0.002989531
0.003113031
0.003076077
0.002967596
0.002985477
0.003153324
0.002944708
0.003061771
0.003128052
0.002918243
0.002865791
0.003034353
0.003117800
0.002485752
0.002712727
0.002810478
0.003786564
0.003062487
0.002976656
0.003029585
0.003199339
0.003076553
0.003097296
0.003059864
0.002976179
0.002909899
0.002974272
0.003326893
0.003457069
0.003473520
0.003461599
0.003574371
0.002919912
0.003023624
0.003135204
0.002879858
0.002784252
0.002971172
0.002830982
0.003535509
0.002702713
0.003117561
0.002955437
0.003025055
0.003127575
0.002853632
0.003012180
0.003186703
0.003041267
0.002892494
0.002979279
0.002986431
0.002937317
0.002988338
0.002936602
0.002993584
0.003068209
0.003126144
0.002698660
0.002649546
0.003036261
0.002780437
0.003494978
0.003695726
0.002581596
0.002631903
0.002640247
0.002787590
0.003276348
0.003157139
0.003091812
0.003285408
0.003016710
0.003274679
0.002985239
0.003058195
0.003005028
0.003001928
0.002970695
0.007317066
0.002865076
0.003010511
0.003203154
0.003055811
0.003188848
0.003348827
0.003111124
0.003141165
0.002952576
0.003018618
0.003171921
0.003343105
0.003409147
0.003381014
0.003326416
0.003342390
0.002718925
0.003062248
0.002723455
0.003243208
0.003128767
0.003045321
0.002905846
0.002992868
0.002908707
0.002692938
0.002563238
0.002687931
0.002791166
0.002750635
0.002924919
0.002959490
0.002982855
0.002705574
0.002982378
0.002749920
0.003366232
0.002585173
0.006023169
0.002564192
0.003189802
0.002669334
0.002767086
0.003073215
0.002776384
0.003005981
0.002655268
0.002980471
0.002915859
0.002779245
0.002706766
0.002708435
0.003113508
0.003073931
0.003086090
0.002969742
0.002937555
0.003064632
0.002985716
0.003288507
0.002767563
0.003045797
0.003221750
0.003096104
0.003186226
0.003466129
0.003074169
0.002866268
0.003461838
0.002616644
0.002936363
0.003028154
0.002746582
0.003221512
0.004539490
0.005128384
0.003008127
0.002666950
0.003463984
0.002722263
0.002611637
0.002764702
0.002792358
0.002895117
0.002779245
0.002794266
0.002789497
0.002681732
0.002606869
0.002635479
0.002631664
0.002759695
0.002768517
0.002724409
0.003119230
0.002715588
0.002632380
0.002730131
0.003073454
0.002946615
0.002686977
0.058412552
0.002627373
0.002666473
0.002680779
0.003060102
0.002911568
0.002996683
0.003120899
0.003154039
0.003462553
0.002990484
0.004205465
0.003000975
0.002983332
0.002971172
0.003354073
0.003013134
0.003147364
0.003353119
0.002962112
0.003427029
0.003372908
0.002724886
0.003091812
0.002994537
0.016048670
0.003077984
0.002983570
0.002913475
0.002951384
0.002924442
0.002978802
0.003538370
0.003086329
0.037276745
0.002728701
0.003029346
0.003170967
0.003407955
0.003056049
0.003145456
0.003099203
0.003399372
0.003043890
0.003075600
0.003317833
0.003008366
0.002972364
0.002918482
0.002740383
0.002892971
0.002892256
0.003022194
0.002934456
0.002820253
0.003203392
0.002893448
0.003067255
0.003120422
0.002910376
0.002921104
0.003462553
0.002798080
0.003201485
0.002898693
0.003011703
0.002949476
0.002846718
0.003015757
0.002878666
0.002912760
0.002901316
0.002809525
0.002918243
0.002772570
0.002871037
0.002923965
0.002630711
0.002883911
0.002952814
0.002930164
0.002945185
0.003064632
0.003165245
0.003414869
0.002616405
0.003157377
0.003186464
0.002876759
0.002838612
0.003079653
0.002961159
0.002593279
0.003421068
0.003203154
0.003154755
0.003148317
0.003022671
0.003095627
0.002679825
0.002934217
0.003389597
0.003216743
0.002999306
0.003171921
0.003982306
0.003082514
0.003334284
0.003072977
0.002634764
0.003081322
0.002765656
0.002669573
0.002640009
0.003806353
0.002531290
0.002574921
0.002656221
0.002733231
0.002886057
0.002609015
0.002666712
0.002661705
0.002772331
0.002568245
0.003079891
0.002751112
0.003026485
0.002581835
0.002615929
0.003123522
0.002583742
0.002731800
0.002935648
0.002758503
0.002942801
0.002987623
0.003059387
0.003058434
0.002818584
0.002827644
0.003087521
0.003098965
0.003256559
0.003134727
0.003251553
0.003169775
0.003110886
0.003227472
0.002767801
0.003377199
0.003163576
0.002789736
0.004499912
0.003253222
0.002903461
0.003156900
0.002799988
0.003053188
0.002782822
0.003219366
0.003280878
0.003076315
0.003061771
0.002783298
0.003159523
0.003118992
0.002892971
0.003077745
0.002688169
0.003024578
0.002811193
0.002795458
0.003104210
0.002814054
0.002908945
0.002837896
0.003583193
0.002975702
0.002914190
0.002912521
0.002740622
0.003073454
0.003014326
0.002798080
0.003031492
0.003223658
0.002779484
0.002824068
0.003453493
0.003116131
0.003477573
0.002925158
0.003067017
0.003072262
0.002713919
0.003174067
0.003209829
0.002857447
0.002596617
0.003179789
0.003124475
0.002988577
0.003445864
0.002941608
0.003405571
0.002892256
0.002940893
0.002644300
0.003183365
0.002799273
0.002739429
0.002735138
0.002895355
0.002720118
0.002725601
0.003481627
0.002698660
0.002857685
0.002566814
0.016667843
0.002843142
0.002828121
0.002785444
0.002942324
0.002843618
0.003154278
0.002781630
0.003176451
0.002689362
0.002941608
