0.329554081
0.248052359
0.383387327
0.259129047
0.363974810
0.287677765
0.359064579
0.275966644
0.206224442
0.311535358
0.171514988
0.331111670
0.232655048
0.224422455
0.271459103
0.205717087
0.220820904
0.270096064
0.239557505
0.268017769
0.157502174
0.238819122
0.371989250
0.262854576
0.312013626
0.264456272
0.423035383
0.375148773
0.284314871
0.295953274
0.393744946
0.215268373
0.274261713
0.275862455
0.218193293
0.368727446
0.393909693
0.344562292
0.207049131
0.335976839
0.353425980
0.468098640
0.418776274
0.198566198
0.351918697
0.295701504
0.287404776
0.289661169
0.406692982
0.347352028
0.261406660
0.308835983
0.373915911
0.204112053
0.313497066
0.321494102
0.320679426
0.321273804
0.323379040
0.261044264
0.353507519
0.286782742
0.282459259
0.196794271
0.316303253
0.332453012
0.251370192
0.196422338
0.269259453
0.281779528
0.322046280
0.248007298
0.273755789
0.222279787
0.192744970
0.306631565
0.296056032
0.169980526
0.306106567
0.265106440
0.356804609
0.268585443
0.210379839
0.324779749
0.298934937
0.362376213
0.228427887
0.221219778
0.276187897
0.295853615
0.399659395
0.192722559
0.310820580
0.308797359
0.367372990
0.210121632
0.297326565
0.315646887
0.307764530
0.363435030
0.193856716
0.279359341
0.328272581
0.332282543
0.208981991
0.299045086
0.286954165
0.316142559
0.358552217
0.243263006
0.219015360
0.319481850
0.345728159
0.261044979
0.289869070
0.283362627
0.285005569
0.396966457
0.220987558
0.330983639
0.320466280
0.326230049
0.245020628
0.167143822
0.265951872
0.260426760
0.345885754
0.322232246
0.299855709
0.277935982
0.279905796
0.399246454
0.312191010
0.270060062
0.280762672
0.351109743
0.311304569
0.273378611
0.293884039
0.168859243
0.305168152
0.290949821
0.285423040
0.291421890
0.321371555
0.288197994
0.282095909
0.293659925
0.329183817
0.343381166
0.246800661
0.247927189
0.289964676
0.323780537
0.280446291
0.197630882
0.275953293
0.327757120
0.342422009
0.289603710
0.197936296
0.224466324
0.305530310
0.340192318
0.313430071
0.369223118
0.353414059
0.432889462
0.350349903
0.436995506
0.398773670
0.256053925
0.327507973
0.236030579
0.171991587
0.191066980
0.291049242
0.496361017
0.195879936
0.293387651
0.297380447
0.362577438
0.239959717
0.322259426
0.310037613
0.369507313
0.260139704
0.186407566
0.298425198
0.298249483
0.372583866
0.222790480
0.301387787
0.288349867
0.325407028
0.398542643
0.333921671
0.285658836
0.297044992
0.354555368
0.268214464
0.275798559
0.280330896
0.406982899
0.229421854
0.290001631
0.317349434
0.341631889
0.350014448
0.217903852
0.388346434
0.248010159
0.245703459
0.266692877
0.266503811
0.306403637
0.322653294
0.340341330
0.292094707
0.302297592
0.346658945
0.337889671
0.243906975
0.321062088
0.330897093
0.302311182
0.345611334
0.295778513
0.315016270
0.334356546
0.310740948
0.186616421
0.265451670
0.304501057
0.359003067
0.304930925
0.209744453
0.287193298
0.296003580
0.380126238
0.204244137
0.281541109
0.274774075
0.258548260
0.385581732
0.280297041
0.306582451
0.273250341
0.370145798
0.236770868
0.276589870
0.310886145
0.304785728
0.300719500
0.300982714
0.298961639
0.280004025
0.360119820
0.240029812
0.204650879
0.299533129
0.317855358
0.372729540
0.249043941
0.287418604
0.299853325
0.347658396
0.233456373
0.206911564
0.192816973
0.288136005
0.368858337
0.327313185
0.246674776
0.268419504
0.238075972
0.323545456
0.393789530
0.281143665
0.287361622
0.367692232
0.301631451
0.280237675
0.322432518
0.271876097
0.349165678
0.289446115
0.270556450
0.305110931
0.278093815
0.396836519
0.284913301
0.312698126
0.304672241
0.365264654
0.244654894
0.195180893
0.199515581
0.199691772
0.335393906
0.301538229
0.288432360
0.222958088
0.297796965
0.337293386
0.262999296
0.294222593
0.298382044
0.293683290
0.368817091
0.198819637
0.247365713
0.291841030
0.294196129
0.367389202
0.324713230
0.316616297
0.294249535
0.366149664
0.293368101
0.251091719
0.285671949
0.323778868
0.329005241
0.320341110
0.162893772
0.240155458
0.503782749
0.263498545
0.238780737
0.261827707
0.327772856
0.421402454
0.157604694
0.264019012
0.296604872
0.358705044
0.343330145
0.400718689
0.185909986
0.415961027
0.274180174
0.287230253
0.284016371
0.347237825
0.243397713
0.234436989
0.286511898
0.452946663
0.207838774
0.262254238
0.321004868
0.311728477
0.308043718
0.317337036
0.323425055
0.315881491
0.310464859
0.373907566
0.248674631
0.228051424
0.192732334
0.305715799
0.336637974
0.322748661
0.361246347
0.438338280
0.425239086
0.358422756
0.384143591
0.289619923
0.361236095
0.258115768
0.305283070
0.303972244
0.319650888
0.345540285
0.203544855
0.274596214
0.317433596
0.356256723
0.248142719
0.297055960
0.286749363
0.374491215
0.318105221
0.290311337
0.199072838
0.263275385
0.288784742
0.403588533
0.266504049
0.280583620
0.281715631
0.331514359
0.320898056
0.240466356
0.283070326
0.267879486
0.321460724
0.292238235
0.285763025
0.308648109
0.325776100
0.343591690
0.274020195
0.315683126
0.281982899
0.371613026
0.278859854
0.194010258
0.281704664
0.333577394
0.317329168
0.165152311
0.263574362
0.299247742
0.331930637
0.272810698
0.218836069
0.322337627
0.317614079
0.402649403
0.359295368
0.285625696
0.355084419
0.286620378
0.338048220
0.300344706
0.304863214
0.336987972
0.319350481
0.312119722
0.319587946
0.324604750
0.329995155
0.350415707
0.322545528
0.364502192
0.247481585
0.297930479
0.302961826
0.352477551
0.285436153
0.288233757
0.295588970
0.310564041
0.313990831
0.252652407
0.263595819
0.228225946
0.368731022
0.249141455
0.312637568
0.262344122
0.287097692
0.363034964
0.275815725
0.301152945
0.198394060
0.169885159
0.388712406
0.197464705
0.225578785
0.213797569
0.300471544
0.360024452
0.225310087
0.305242300
0.321332932
0.406313658
0.270676136
0.285119057
0.280471325
0.337810278
0.286105156
0.255713701
0.308775187
0.302694798
0.350216389
0.292156935
0.314804316
0.304267406
0.321601152
0.251205683
0.281811953
0.336319685
0.307487011
0.361838818
0.331545115
0.328836918
0.371137381
0.361789942
0.322682142
0.278548002
0.313400507
0.183822632
0.325973511
0.270149946
0.204727411
0.231919527
0.295153856
0.359447241
0.274581671
0.241282225
0.307725191
0.375030994
0.262375832
0.313763618
0.289957762
0.338731527
0.396842480
0.320765018
0.199567556
0.293585777
0.391313314
0.247342587
0.274837971
0.305980206
0.297905922
0.377757788
0.221755981
0.401034832
0.206933498
0.197451115
0.338062286
0.263462305
0.190819025
0.302066803
0.328320503
0.356815100
0.183652878
0.228573322
0.306412697
0.320701122
0.301492453
0.261012316
0.285896301
0.275964737
0.247551203
0.333462477
0.276087284
0.308820963
0.367814302
0.319843292
0.228065491
0.287659168
0.288099527
0.341312647
0.260006189
0.305652857
0.297209978
0.333506584
0.306795835
0.267917156
0.264978886
0.233524799
0.368688345
0.233328819
0.288437366
0.306358576
0.321029425
0.416052341
0.465564489
0.415114164
0.363021612
0.317988396
0.325110674
0.342740059
0.414647818
0.192592144
0.211736202
0.243636370
0.333566427
0.315134525
0.331595898
0.273477077
0.350730181
0.300481319
0.296932220
0.386819124
0.330950975
0.297636747
0.294857264
0.354213476
0.245890856
0.295999289
0.308105946
0.343907833
0.339197636
0.244392157
0.269733429
0.295029402
0.344311714
0.249272585
0.221507549
0.303273916
0.334437609
0.328382730
0.464401007
