0.973112345
0.012757063
0.006434441
0.006602049
0.006319523
0.007828236
0.006292582
0.006481409
0.006076574
0.008471251
0.008951664
0.008430481
0.006033421
0.006207943
0.006750584
0.006810188
0.006696463
0.006736517
0.006587505
0.006705761
0.006698370
0.007398844
0.007487774
0.007846117
0.006678343
0.006716967
0.006701708
0.006686449
0.006537437
0.006614923
0.008504152
0.007095814
0.007460356
0.006860495
0.007986546
0.007997990
0.006489515
0.006628275
0.006749153
0.006629229
0.006579161
0.008575916
0.007626057
0.006444454
0.006597042
0.006752253
0.007427454
0.007738829
0.008216858
0.006860256
0.006874323
0.006650686
0.008121729
0.006844759
0.006905317
0.006758928
0.006637812
0.006871700
0.006564140
0.008239985
0.008421183
0.007829666
0.006780386
0.008284330
0.006647348
0.006895542
0.006695986
0.006943464
0.006673336
0.006817579
0.006723166
0.006813288
0.007798195
0.007925510
0.006825924
0.006854296
0.006683350
0.006901503
0.006815910
0.006874561
0.006750822
0.006760836
0.006740093
0.006944418
0.007342815
0.007635355
0.007045746
0.006690025
0.006668091
0.006785154
0.006796360
0.006904840
0.006891012
0.007701635
0.006930113
0.006891012
0.008022785
0.008450985
0.006706715
0.006941795
0.006772280
0.006896496
0.006675482
0.006748199
0.006653309
0.006831884
0.006629705
0.006927252
0.007846832
0.007920980
0.008056402
0.006920338
0.006755114
0.007853031
0.006987810
0.006909132
0.006709576
0.006844997
0.006699562
0.007615566
0.007608652
0.007483006
0.006677866
0.006855249
0.006885052
0.006980419
0.006820679
0.006861687
0.006811619
0.006816387
0.006723404
0.006786108
0.008597612
0.007746696
0.006563663
0.007028103
0.006975651
0.007146120
0.006392956
0.006987333
0.006613016
0.006955862
0.006918192
0.006475449
0.007555485
0.007948160
0.006526470
0.006566525
0.006372213
0.006757498
0.006754875
0.006938934
0.006643057
0.006743193
0.006933451
0.006889343
0.008353710
0.008483648
0.006748199
0.006970882
0.006493092
0.006867647
0.006685495
0.006741524
0.006664515
0.006747007
0.006631374
0.006931067
0.008062601
0.007874966
0.006791115
0.006664276
0.006743670
0.006733418
0.013445854
0.006795645
0.007452011
0.007078648
0.007039547
0.006819963
0.010116816
0.008633852
0.007095098
0.006858110
0.006632805
0.007097483
0.006638527
0.006836176
0.007118702
0.006854296
0.006493807
0.006789207
0.008561373
0.008567095
0.006759167
0.007600069
0.006782293
0.007129431
0.007917404
0.006820917
0.008453608
0.008069754
0.007749796
0.007472754
0.007521868
0.008045673
0.007876158
0.007635355
0.007964373
0.007855892
0.007950306
0.008129597
0.007154703
0.006842613
0.006879568
0.006829739
0.006659508
0.006451845
0.006702423
0.012984514
0.007769108
0.008362770
0.007305622
0.006693363
0.007079363
0.006664515
0.008313417
0.006985188
0.008768082
0.006556034
0.006535053
0.007007599
0.008172035
0.008543730
0.006634474
0.006685734
0.006603003
0.008649349
0.006682634
0.006628275
0.006287098
0.006531477
0.006359339
0.006842136
0.007554054
0.007497072
0.007118225
0.006753683
0.006971121
0.006656647
0.006918192
0.006695509
0.006567478
0.006697416
0.006767273
0.006604195
0.008512497
0.007917166
0.006650448
0.006772995
0.009265423
0.006779909
0.007011890
0.007098913
0.008524656
0.007110119
0.006673574
0.007131815
0.008657455
0.007191896
0.006572962
0.006848097
0.006871939
0.006937027
0.006969452
0.010122061
0.006997824
0.007173538
0.007250547
0.008172750
0.007940054
0.008008718
0.006760836
0.006824017
0.006753922
0.006841898
0.006788492
0.006855011
0.006830454
0.007169008
0.006641626
0.006856441
0.007696867
0.008266926
0.006764412
0.006839752
0.006913424
0.007215738
0.006736517
0.007182598
0.006695032
0.008323431
0.006648302
0.008173227
0.007951260
0.008222580
0.007106304
0.006752253
0.007033110
0.007327080
0.007737398
0.006505251
0.006851912
0.006824017
0.006682158
0.006759882
0.007925987
0.008256912
0.006665707
0.006786108
0.006886721
0.008311510
0.008257389
0.006868362
0.006816387
0.006878614
0.007262945
0.006815910
0.008366823
0.008243084
0.006848097
0.006892204
0.006751299
0.006872416
0.006701946
0.006901503
0.006778240
0.006950378
0.006795883
0.006834507
0.007984638
0.007611752
0.006742239
0.006460667
0.006680727
0.006932735
0.006489754
0.008984804
0.006894827
0.008162737
0.006789446
0.006711006
0.008460283
0.007826090
0.006871223
0.006683111
0.006384373
0.006541252
0.008051634
0.006514072
0.006750822
0.007789135
0.006698847
0.006841421
0.007908344
0.008086681
0.006815910
0.006856680
0.006564617
0.006808519
0.006621361
0.006703377
0.006759644
0.006851435
0.006816387
0.006779432
0.007914305
0.007958889
0.006829500
0.006896257
0.007294416
0.008887529
0.007193565
0.006850719
0.007652760
0.006832361
0.006663084
0.006765127
0.007409573
0.007973671
0.007223368
0.006942511
0.007159233
0.007206202
0.006742716
0.007337570
0.006827116
0.006843328
0.006652832
0.006968498
0.006375074
0.008180618
0.008980989
0.010789394
0.006541729
0.006872892
0.006767273
0.006895065
0.008867741
0.007310629
0.006667614
0.006892204
0.008399725
0.007812500
0.006858110
0.006735086
0.006917238
0.007774591
0.006766796
0.006852150
0.006784439
0.006578684
0.007059336
0.006954193
0.008665562
0.007886648
0.006501913
0.006817579
0.006593227
0.006811142
0.008146048
0.006689072
0.007488489
0.007155418
0.007219553
0.007071495
0.008262157
0.008479595
0.007315397
0.008178949
0.006789684
0.006854773
0.006636858
0.006659985
0.006858587
0.008752108
0.006467342
0.006746531
0.009100437
0.007454634
0.006692886
0.006710052
0.006458759
0.007131815
0.006777287
0.007287502
0.006875515
0.008702040
0.006794214
0.006931543
0.006671429
0.007708311
0.006304741
0.006662369
0.006338358
0.006609678
0.007404566
0.007745266
0.006413937
0.007289171
0.006130934
0.006479025
0.006406069
0.007070065
0.006536245
0.007029772
0.006453276
0.006769180
0.006681919
0.007112265
0.007519722
0.006638527
0.006549835
0.006938457
0.007582426
0.010511160
0.006885529
0.007007837
0.007346869
0.006857157
0.006738186
0.006575346
0.006690264
0.006938457
0.007521868
0.007314205
0.007636786
0.008024454
0.006934881
0.006556988
0.006566525
0.006873608
0.006575346
0.006730795
0.007239342
0.006609440
0.006590605
0.006615877
0.007630348
0.007902622
0.006777525
0.006633759
0.006504059
0.006623507
0.006614447
0.007035255
0.007215738
0.006731272
0.006456137
0.007163525
0.007928610
0.007987499
0.007291079
0.011358023
0.006734371
0.007003307
0.006628513
0.006988525
0.008721828
0.007361889
0.006539822
0.007068396
0.007543087
0.007578373
0.007542849
0.008626461
0.006572008
0.006976128
0.006634951
0.006957531
0.007705212
0.006664276
0.007035732
0.006779432
0.010626793
0.007038355
0.007616043
0.007298231
0.006400824
0.006704569
0.006314754
0.007022381
0.006787062
0.006956577
0.006672859
0.006977320
0.006616354
0.008184910
0.007474422
0.007740259
0.006605148
0.006639957
0.007325411
0.007031441
0.008352757
0.007413387
0.007591963
0.007003784
0.006735086
0.007426262
0.008011341
0.007686377
0.006979227
0.007941008
0.006170273
0.007232904
0.006953239
0.006733179
0.005977631
0.006631136
0.006722450
0.007544041
0.007656813
0.007668972
0.006986380
0.006809711
0.006750822
0.006885052
0.006488562
0.007051945
0.006263733
0.007747650
0.007140398
0.007106543
0.008035660
0.007289886
0.006767273
0.006791115
0.006685972
0.006755114
