0.104784012
0.003097773
0.003166437
0.003175974
0.003097534
0.003261805
0.003461123
0.002964735
0.003203630
0.003810406
0.004022837
0.004003525
0.003282070
0.003201008
0.003750563
0.003255129
0.003117085
0.003329515
0.003323317
0.003042698
0.003422260
0.003073931
0.003695726
0.003359556
0.003461838
0.003681421
0.003007174
0.003011703
0.002933502
0.003300190
0.003019094
0.003544569
0.003740549
0.003409624
0.003974915
0.004170895
0.003362179
0.003710032
0.004111528
0.004019737
0.003423214
0.004403353
0.003912687
0.003930092
0.003237009
0.003249645
0.003692627
0.004151583
0.003427029
0.004037142
0.003347158
0.003337383
0.003251076
0.003344536
0.003681898
0.004021406
0.003245592
0.003300190
0.003972530
0.003792763
0.003304243
0.004143953
0.003272057
0.003352880
0.003098965
0.004049063
0.003940105
0.003347874
0.003855944
0.004270792
0.003882408
0.004091978
0.003342152
0.003280640
0.003286362
0.003281593
0.003460407
0.003459454
0.003655910
0.003630638
0.003793001
0.003957033
0.003883839
0.003546715
0.003599405
0.004127502
0.004460335
0.003276587
0.003112793
0.003307581
0.003220320
0.003381968
0.003236771
0.003228903
0.003853559
0.004167080
0.003569841
0.004210234
0.003271103
0.003715038
0.004256964
0.003330708
0.003262520
0.003343821
0.003330231
0.003331900
0.003611088
0.003992319
0.003238678
0.003236055
0.003256321
0.003537178
0.003237724
0.003437996
0.003392935
0.003428698
0.003525019
0.003307581
0.003840685
0.003944635
0.003226995
0.003267765
0.003318548
0.003612518
0.003583908
0.004099369
0.004133940
0.003251076
0.003487110
0.003976345
0.003935814
0.003890514
0.004267931
0.003244400
0.003556490
0.003418922
0.003126383
0.003138781
0.003276348
0.002937078
0.003082991
0.003036976
0.003370762
0.003744841
0.004076958
0.003003597
0.003443480
0.003312111
0.003308773
0.003379345
0.003486156
0.003583193
0.003735065
0.003579617
0.004435062
0.004098654
0.003229380
0.003484964
0.003385544
0.003438711
0.003426552
0.003352165
0.003704309
0.003499985
0.004144192
0.003511190
0.004517555
0.004467726
0.004465103
0.003528357
0.003382683
0.003562212
0.003045321
0.003325224
0.003261089
0.003862619
0.003163815
0.003113747
0.003669024
0.003484488
0.003180504
0.003304482
0.003203392
0.004429817
0.003059149
0.003764868
0.003061056
0.003184557
0.003090858
0.003129005
0.003656864
0.003121138
0.007313490
0.003372908
0.003264904
0.003200054
0.003043413
0.003297329
0.003485441
0.003243923
0.004235506
0.003519058
0.003758430
0.003487587
0.003202677
0.003398180
0.003173351
0.003364563
0.003955603
0.003202915
0.003638983
0.003180981
0.003730297
0.004554510
0.003957987
0.003554106
0.003623486
0.003246784
0.003321886
0.003968954
0.003461123
0.003830671
0.003481865
0.004030228
0.003981829
0.004082918
0.003542423
0.003621101
0.003739834
0.003832579
0.004052639
0.004207134
0.003536463
0.003859043
0.004023790
0.004308939
0.004023075
0.003533602
0.003734112
0.003751040
0.003709793
0.003461123
0.003480911
0.003641605
0.003129005
0.003277302
0.003260851
0.003130674
0.003053904
0.002919674
0.003023386
0.003166199
0.003371000
0.003993750
0.003865719
0.003725767
0.003315449
0.003311157
0.003025532
0.003162384
0.003354311
0.003220081
0.003381968
0.003363132
0.003353357
0.003622055
0.004236460
0.004153728
0.003383160
0.004389286
0.004166603
0.003605843
0.004067659
0.003623724
0.003941774
0.003614902
0.003945589
0.004210949
0.004071951
0.004025459
0.003606081
0.003249645
0.003408670
0.003408194
0.003421545
0.003310680
0.003452539
0.003423929
0.003121614
0.003393173
0.004027128
0.004204988
0.003395081
0.003535032
0.004620314
0.004020452
0.004060507
0.003714323
0.003397703
0.003931046
0.003247976
0.003416300
0.004389048
0.003638983
0.003580570
0.003506184
0.003641367
0.003237009
0.003218889
0.003621340
0.003263474
0.003324747
0.003263950
0.003334045
0.003880024
0.003951073
0.003423691
0.003237009
0.003677368
0.003229141
0.003550529
0.003243446
0.003189325
0.003296375
0.003623724
0.003218174
0.003522635
0.003388166
0.003323555
0.003232956
0.003347635
0.003227234
0.003104210
0.003388405
0.003770590
0.003335714
0.004016876
0.003303528
0.004057169
0.003899097
0.003423929
0.004457474
0.004184961
0.003352165
0.003285885
0.003174305
0.003286123
0.003341198
0.003702402
0.003237963
0.003870249
0.004136801
0.003331184
0.003301144
0.003401518
0.003341913
0.003282785
0.003288269
0.003090382
0.003363132
0.003459454
0.003263474
0.003598928
0.003731966
0.003283739
0.003111124
0.003053665
0.003023863
0.002954721
0.003083229
0.003669739
0.003142118
0.003119230
0.003062248
0.003689766
0.003111839
0.003629208
0.003450632
0.003741026
0.003230095
0.003555775
0.003482580
0.003803968
0.003890514
0.003767014
0.003657103
0.004201889
0.003658772
0.003052711
0.003396511
0.003693104
0.003379822
0.003427744
0.003871918
0.003392935
0.003489971
0.003848791
0.003445625
0.003837347
0.003383160
0.003379345
0.003669500
0.004541874
0.003448248
0.003373384
0.003399611
0.003168583
0.003341436
0.003669977
0.003924370
0.003588200
0.003212214
0.003529310
0.003565550
0.003771544
0.003920078
0.003206730
0.003449440
0.003185034
0.003401041
0.003432751
0.004268885
0.003253222
0.003724813
0.003534794
0.003654242
0.003565550
0.003946304
0.003276825
0.003364563
0.003319025
0.003315687
0.003306627
0.003974915
0.003947735
0.004330397
0.003186464
0.003659725
0.003662109
0.003274441
0.003257036
0.003369570
0.003225327
0.003318310
0.004047155
0.003774881
0.003363132
0.003895283
0.003043175
0.003465652
0.003415108
0.003551722
0.003357649
0.003341913
0.003419638
0.003388405
0.003247023
0.003524303
0.003365278
0.003670216
0.003352642
0.003282547
0.003076315
0.003084421
0.002950191
0.003036261
0.003884792
0.003764868
0.003621578
0.003780127
0.004068851
0.003156900
0.003144979
0.003073931
0.003928900
0.003149271
0.003249407
0.003963470
0.003314018
0.003865480
0.003153563
0.003457069
0.003926516
0.003601789
0.003608704
0.003337622
0.003523588
0.003457069
0.003024817
0.003422976
0.003445864
0.003130436
0.003380060
0.003359079
0.003640175
0.003974676
0.003782272
0.003288746
0.004169464
0.004854202
0.003698349
0.003859043
0.003498793
0.003540516
0.003435135
0.004906416
0.004358292
0.004456043
0.003696918
0.003467560
0.004445314
0.003867388
0.003928185
0.003357410
0.003404856
0.003362417
0.003350496
0.003400087
0.004142046
0.003670931
0.003341675
0.003374100
0.003506899
0.003454924
0.003538370
0.003690958
0.003981590
0.003648996
0.003507853
0.003392696
0.003844976
0.004026651
0.003509998
0.003414392
0.003978491
0.003225088
0.004077911
0.003219843
0.003547430
0.003270626
0.003282070
0.003259182
0.004177809
0.004159689
0.003680468
0.003575563
0.003299952
0.003512859
0.004098177
0.003547668
0.003464460
0.004299164
0.003938437
0.003686905
0.003930330
0.003796577
0.003121138
0.003475189
0.003244400
0.003802061
0.003345490
0.003147840
0.003324986
0.003333330
0.003381252
0.003484964
0.003951550
0.003378630
0.003071070
0.003159046
0.003118038
0.003260612
0.003154755
0.003375769
0.003091097
0.003111362
0.003506899
0.003168583
0.003095627
0.003717184
0.004629374
0.003362656
0.004091501
0.003634214
0.003525257
0.003657341
0.004047155
0.003294945
0.003197432
0.003477097
0.003500938
0.004097223
0.003846407
0.003621340
0.003799915
0.003555298
0.003232241
0.002991915
0.004286051
0.003751516
