0.027798891
0.002997875
0.003264189
0.002981186
0.002965689
0.002921343
0.003075600
0.002986670
0.002754927
0.002922058
0.002952814
0.002735376
0.003040075
0.003059864
0.002910376
0.002865553
0.002746344
0.002990723
0.002964258
0.003077269
0.003129959
0.002712727
0.002942562
0.003218174
0.002833128
0.003047228
0.002984047
0.002623796
0.002768993
0.003236294
0.003099918
0.002922058
0.002972364
0.003314972
0.003299475
0.002873898
0.002830982
0.002742052
0.002563477
0.002616644
0.002595901
0.002815485
0.002590418
0.002772093
0.002555132
0.003057957
0.003084421
0.003181934
0.003118277
0.003179073
0.002892494
0.002980471
0.002778530
0.002964497
0.003175735
0.003324270
0.003263235
0.003048658
0.003074169
0.003100157
0.003219604
0.003211260
0.003154755
0.003035784
0.003136158
0.003250837
0.003145933
0.002946377
0.003226280
0.003075361
0.003312588
0.003440380
0.003178596
0.003119707
0.003330946
0.003385544
0.003639221
0.003161192
0.003304243
0.002971172
0.002857447
0.003183126
0.002954245
0.002974510
0.003276587
0.003036737
0.002874851
0.002855301
0.003087997
0.002776146
0.002908707
0.002932787
0.002794266
0.002925634
0.003017902
0.003011942
0.003167391
0.002840042
0.003124475
0.002859831
0.002808571
0.003232479
0.002774477
0.002838850
0.002570629
0.002678871
0.002954006
0.002920389
0.003340244
0.002870560
0.003346205
0.002990723
0.002828836
0.003277540
0.002905130
0.002908707
0.002995491
0.002986670
0.003775120
0.002870083
0.002814531
0.002549171
0.002587795
0.002532721
0.002671242
0.002648115
0.002566814
0.002691269
0.002641439
0.002794266
0.003045082
0.004052401
0.003113747
0.003149033
0.002604485
0.002753019
0.002740860
0.002912998
0.002892733
0.002992630
0.002811432
0.002872467
0.002933025
0.003141165
0.003214836
0.002567768
0.002995014
0.002908468
0.003012657
0.002893686
0.003207207
0.002721548
0.003091335
0.002928972
0.002844572
0.002763271
0.002694607
0.003216505
0.002542257
0.002767086
0.002755880
0.003350019
0.002918243
0.003332615
0.002973795
0.002985477
0.003020287
0.003331184
0.003099442
0.002972364
0.003070593
0.003044128
0.002875328
0.002605200
0.002907515
0.002987146
0.002962589
0.003031969
0.003018856
0.003063202
0.003184795
0.003065825
0.003280640
0.002936840
0.002972364
0.002788544
0.003233194
0.003321648
0.002959013
0.003177881
0.003014326
0.003149271
0.003087997
0.002907276
0.002921820
0.002939939
0.002941847
0.002959967
0.002953053
0.002949476
0.003230572
0.002921343
0.003241301
0.003730774
0.003658056
0.002887011
0.002965927
0.002954960
0.002847195
0.002771616
0.002858639
0.002861977
0.006606102
0.002962589
0.002954006
0.003127337
0.003200769
0.003095865
0.003111601
0.002857447
0.002742290
0.002981186
0.002731323
0.002947569
0.002457142
0.002959728
0.003305674
0.003074169
0.002896309
0.002913713
0.002927542
0.002964020
0.002961159
0.002891541
0.002918482
0.003082037
0.003052235
0.002956152
0.002894163
0.002852917
0.003063679
0.003333569
0.002789021
0.002985001
0.002889395
0.002903223
0.003380537
0.003276587
0.003205061
0.003072262
0.003275633
0.003329277
0.002976418
0.002997160
0.002699614
0.003077745
0.003206015
0.003085375
0.003011942
0.003012419
0.002934933
0.003185987
0.003299236
0.002802372
0.002884150
0.003102064
0.002699852
0.002740145
0.002747297
0.002972126
0.002473831
0.002668381
0.002846003
0.002581596
0.002889633
0.002890825
0.002778769
0.003535748
0.002627134
0.002650023
0.002687216
0.003157377
0.004071951
0.002719879
0.002829313
0.003353357
0.003223419
0.003201723
0.002846241
0.003369331
0.003208160
0.003300190
0.002734900
0.002986431
0.003029346
0.003167152
0.002880573
0.003227949
0.003185034
0.003079653
0.002787352
0.002945662
0.002734900
0.003401756
0.002707243
0.002887964
0.002760887
0.003084660
0.002769947
0.002985239
0.003033161
0.003007889
0.002748013
0.002718449
0.002912283
0.002809763
0.003193140
0.002863169
0.002860069
0.002975464
0.002928495
0.002883196
0.003019571
0.002940178
0.002627134
0.003236532
0.003050804
0.002961159
0.003332138
0.010772467
0.003098249
0.003219128
0.002940893
0.002899170
0.003016472
0.002964973
0.002868891
0.002804756
0.002589464
0.002960920
0.003310680
0.002786636
0.003705025
0.002866268
0.003046513
0.002680779
0.002955675
0.002901554
0.002953768
0.003085613
0.003216267
0.003058672
0.003317833
0.003024101
0.002959967
0.003337860
0.002804279
0.003068924
0.002760410
0.003144264
0.003077030
0.003107071
0.002849340
0.003145695
0.002725363
0.002914190
0.002710581
0.002807140
0.003057241
0.003365755
0.002711535
0.002745152
0.003192186
0.002477169
0.003234863
0.002525091
0.002647400
0.002918005
0.002618551
0.002693415
0.002665520
0.002559185
0.002631664
0.002840996
0.002619743
0.002676725
0.002818823
0.002540588
0.002741098
0.002659321
0.002876997
0.003332138
0.003038645
0.003074408
0.002727985
0.003260136
0.003148079
0.002889633
0.002815485
0.002897263
0.002739191
0.002898455
0.003038883
0.002908468
0.002643824
0.002892971
0.002803802
0.003255367
0.003300428
0.002863169
0.003326178
0.002812624
0.003188372
0.003038168
0.002810717
0.003330469
0.002910137
0.003329992
0.002837658
0.003183842
0.003312111
0.002834082
0.002918720
0.002969980
0.003179073
0.002774000
0.003056765
0.002757549
0.002713680
0.003042221
0.003342152
0.003311396
0.003210783
0.003016233
0.003144741
0.002788782
0.003249168
0.002646685
0.002743959
0.002807856
0.002871275
0.002885580
0.002847910
0.002991676
0.002897263
0.002734423
0.002942085
0.002784014
0.002881289
0.002914429
0.002854586
0.002792358
0.002824783
0.002845526
0.002878904
0.003062963
0.003327847
0.002857208
0.002783060
0.003674984
0.002656221
0.002552032
0.003059864
0.002953053
0.003045321
0.002623558
0.003057241
0.002797365
0.008309364
0.003025055
0.002591848
0.002872229
0.003490925
0.002902031
0.002651453
0.002861023
0.002995253
0.002563953
0.002629280
0.002819538
0.002823830
0.002955198
0.002645016
0.002742529
0.003175259
0.003234386
0.002955914
0.002590179
0.003319263
0.002849817
0.002920866
0.003409147
0.003475428
0.002859116
0.003209591
0.002463818
0.003278017
0.003711700
0.003300428
0.002921104
0.003382683
0.002680540
0.003195524
0.002977610
0.003042459
0.003407001
0.003224850
0.003328562
0.003299236
0.003208876
0.003328800
0.002879381
0.002874136
0.002890110
0.003212452
0.002982140
0.002953768
0.002885818
0.002937317
0.002959013
0.002890587
0.003344774
0.002923012
0.003073931
0.002926111
0.002899885
0.003324032
0.002968788
0.002914906
0.003034830
0.002897978
0.003280878
0.002871275
0.002812147
0.003325462
0.002925158
0.002590418
0.003250599
0.002921581
0.003015995
0.003313303
0.003104687
0.002904654
0.003333330
0.003291607
0.003658772
0.003008366
0.002674818
0.002934933
0.002955675
0.002955675
0.003013134
0.002876043
0.002929688
0.003083229
0.002928734
0.002795219
0.003004074
0.003677130
0.003427505
0.003855944
0.002990723
0.002916813
0.002982616
0.002838850
0.002930403
0.002921343
0.002993107
0.003095865
0.002627373
0.002883434
0.003166914
0.003256083
0.002885342
0.003026962
0.002967119
0.002902031
0.002894640
0.002973318
0.002933264
0.003321648
0.003334284
0.003021240
0.002902985
0.003103733
0.002908945
0.002958775
0.003670216
0.004413843
0.002876520
0.003339529
0.002902985
0.002611399
0.002650261
0.002825975
0.003015757
0.002550840
0.002777338
0.002966881
0.002896070
