0.052219391
0.003175259
0.103819132
0.002978563
0.002466917
0.002654552
0.002690554
0.002958298
0.002892017
0.003069162
0.002834558
0.003021955
0.002862930
0.003591299
0.002993584
0.003237486
0.003146648
0.003379107
0.003164053
0.003185749
0.003509521
0.003513813
0.003584862
0.003190517
0.003118753
0.002996683
0.002881050
0.003044844
0.002942801
0.002971411
0.002909184
0.003288746
0.003153086
0.002935886
0.003176689
0.003003120
0.002688169
0.003089190
0.003214836
0.002696514
0.003199100
0.002871275
0.002961159
0.002844095
0.003283501
0.003300428
0.003434420
0.002909899
0.003327847
0.003084660
0.003327131
0.003023863
0.003408909
0.002987385
0.002842665
0.002893925
0.611618042
0.002517223
0.089264393
0.002770901
0.002974510
0.306517601
0.005321264
0.068513155
0.034257412
0.002793074
0.002815247
0.002915144
0.002715111
0.002833128
0.002820492
0.003662348
0.002815008
0.003216982
0.002824783
0.004008770
0.002851725
0.002676725
0.002955437
0.003137589
0.003738165
0.002697706
0.003152609
0.003038883
0.002802849
0.003631830
0.002784014
0.002931356
0.002914667
0.002790213
0.002816916
0.002699852
0.002810717
0.002820253
0.002762794
0.003051281
0.003133297
0.002796173
0.002620459
0.002861261
0.002930403
0.003182888
0.003542423
0.003054142
0.002773762
0.003601789
0.002782345
0.002813339
0.002903461
0.002761126
0.002903461
0.003011942
0.002836943
0.002500772
0.002688169
0.002714872
0.002583027
0.002589464
0.002663851
0.002842903
0.002986193
0.002915382
0.002653360
0.003007889
0.003543854
0.002974510
0.002661467
0.002569199
0.002577066
0.002849102
0.002902269
0.002754211
0.002584934
0.002953768
0.002648354
0.002704144
0.003277063
0.002685785
0.003266096
0.003094196
0.003374100
0.002698183
0.003584385
0.003696203
0.003433943
0.003056049
0.003170013
0.003587723
0.004284382
0.002707481
0.003607750
0.003042221
0.002710104
0.002703905
0.002967119
0.002705336
0.002801180
0.002702475
0.003206253
0.003065348
0.002851486
0.003227949
0.003228903
0.002941847
0.003834963
0.003018856
0.003037691
0.002821684
0.003027678
0.005517721
0.002794743
0.002930403
0.002787113
0.002800226
0.002758741
0.002639055
0.002805233
0.002985239
0.003298283
0.002576828
0.002865314
0.002656698
0.002703190
0.002945423
0.002764463
0.002863646
0.003286839
0.003731728
0.004026175
0.003159046
0.002956152
0.004444838
0.003300428
0.003497124
0.003118277
0.003187656
0.002931833
0.002995014
0.002736807
0.002710342
0.002810478
0.002699375
0.002660751
0.003175735
0.002855778
0.002805471
0.002757549
0.003577232
0.002881289
0.002714396
0.003407240
0.002826691
0.002884388
0.002782106
0.003525496
0.002893925
0.002831936
0.002818584
0.002894163
0.003227949
0.003767729
0.003058910
0.002990723
0.003467798
0.002829552
0.002865791
0.002796650
0.002787828
0.002743244
0.003229141
0.002828121
0.002909184
0.002836227
0.003539324
0.002818823
0.003022909
0.003170729
0.002820492
0.002821684
0.002949476
0.002826929
0.003538847
0.003294230
0.003282547
0.003455877
0.002584219
0.002979517
0.002609015
0.002872467
0.002496481
0.002688408
0.002959728
0.002513647
0.002764225
0.003262520
0.002800226
0.003082037
0.002821684
0.002826214
0.002866507
0.002722263
0.002822876
0.002866983
0.002829313
0.002827168
0.002888441
0.002942562
0.003210783
0.003182173
0.002825737
0.003498316
0.002716541
0.003071308
0.002815962
0.002832174
0.003159761
0.004353046
0.002827406
0.002827406
0.003296137
0.003199816
0.002822876
0.002996922
0.003003836
0.002946377
0.002829552
0.002836704
0.002672911
0.003472805
0.003105164
0.002827883
0.003000498
0.002760410
0.002947092
0.003154278
0.004376650
0.002836704
0.002824783
0.002830267
0.002844810
0.002752781
0.002734423
0.002858400
0.003078461
0.002833843
0.003268480
0.002818108
0.002837420
0.002730370
0.002730370
0.002812624
0.002903700
0.002810717
0.003350973
0.003018141
0.002825022
0.003431797
0.002800465
0.003215551
0.002820253
0.003149986
0.004477739
0.002822161
0.002725124
0.002813816
0.002958298
0.003039360
0.003171921
0.003200293
0.002834082
0.002828121
0.003518105
0.002837420
0.002807617
0.002833128
0.002831936
0.002807617
0.002832174
0.003257036
0.003312826
0.003476381
0.002905607
0.003028870
0.003665209
0.002905846
0.002803326
0.003277063
0.003149509
0.003590345
0.003051043
0.003599405
0.002782583
0.003145456
0.003379822
0.002991676
0.003159523
0.003010035
0.003116846
0.002857685
0.002964020
0.002822161
0.003278017
0.002882242
0.002583504
0.002883196
0.002780914
0.002693176
0.002587557
0.002721071
0.002493143
0.002532959
0.002508163
0.002492905
0.002530098
0.002612829
0.002897501
0.003461599
0.002896786
0.002982140
0.003516197
0.002739429
0.002936602
0.003257751
0.003458500
0.003003836
0.002741337
0.002698421
0.002642632
0.003012419
0.002873182
0.002728462
0.002724171
0.003051758
0.002876759
0.002840042
0.003241777
0.002820492
0.002852678
0.002836227
0.004610777
0.004941225
0.002885103
0.003240824
0.004093409
0.004034519
0.002913952
0.003432989
0.002893209
0.002889156
0.003204346
0.003080130
0.002819538
0.003080606
0.002848864
0.002752542
0.002824783
0.003661394
0.003006458
0.003276587
0.002819061
0.002840519
0.002833128
0.003237963
0.002825499
0.003210306
0.003235579
0.002817869
0.002856016
0.003108025
0.002716541
0.002800703
0.002860308
0.002995014
0.002936363
0.002817869
0.002842426
0.003484249
0.003454685
0.002848625
0.002860308
0.002786636
0.003304005
0.002972126
0.002845287
0.003126621
0.003697634
0.003011942
0.002845287
0.003272772
0.003190756
0.002840519
0.002851963
0.002737045
0.002986908
0.002831221
0.002939701
0.002833366
0.002802610
0.003287077
0.002801657
0.002901793
0.002841234
0.002835989
0.003742933
0.002837658
0.002949476
0.003169298
0.002864599
0.002965689
0.002825499
0.002838850
0.002833843
0.003054857
0.003331661
0.002813339
0.002612591
0.003117323
0.002786398
0.002829790
0.002818823
0.002928972
0.002660275
0.002785683
0.002802134
0.002741337
0.002523422
0.002838850
0.003061771
0.002634048
0.002998829
0.002857924
0.002579212
0.002624273
0.002529860
0.002732754
0.002923965
0.002481222
0.002486706
0.002967596
0.002812624
0.002718925
0.002676725
0.002789259
0.002653122
0.002571821
0.002826929
0.002817869
0.002814531
0.002711535
0.002863646
0.002717018
0.003342152
0.002718687
0.002820015
0.003175259
0.002708912
0.002806664
0.002845526
0.002708197
0.002649069
0.003417969
0.003155470
0.003012896
0.002718449
0.002664328
0.002558947
0.002653599
0.002610683
0.003300428
0.002680063
0.002669573
0.003341675
0.003937721
0.002694130
0.003217459
0.002829075
0.003115654
0.002634048
0.002696514
0.002730131
0.002624035
0.003197193
0.002567291
0.002910852
0.003344297
0.002967834
0.003098488
0.002727985
0.003122568
0.003244400
0.003274441
0.003060579
0.002841473
0.002956390
0.002632618
0.002897978
0.002809763
0.002897739
0.003028154
0.002888918
0.002498388
0.002873898
0.002839327
0.002567530
0.003005028
0.002452135
0.003045082
0.002589464
0.002948761
0.002930403
0.003180027
0.003784657
0.003290415
0.003606558
0.003185272
0.003234625
0.003027439
0.002760887
0.002542973
0.002732515
0.002593517
0.002878189
0.003246307
0.002698660
0.003000498
0.002652645
0.003380060
0.002830744
0.002955198
0.002634287
0.002914429
0.003053188
0.002671480
0.002652168
0.003111601
0.002649784
0.002859116
0.002488852
0.003381014
0.002669811
