0.084033251
0.003411293
0.003122807
0.114257097
0.002729177
0.003308296
0.003561735
0.003413677
0.003690958
0.004041672
0.003183126
0.003163338
0.003026962
0.003390312
0.003210306
0.003148556
0.002716303
0.003288746
0.003319025
0.003107548
0.003127337
0.003087044
0.003253460
0.003184080
0.003232479
0.003085852
0.002830744
0.003323793
0.003152132
0.003278017
0.003334045
0.003318548
0.003083944
0.003015995
0.003064394
0.003297806
0.002737522
0.002985001
0.003167868
0.003137589
0.003092766
0.003312826
0.003026009
0.002970219
0.003190279
0.002777815
0.004487753
0.003294468
0.003221035
0.003159285
0.003185749
0.003286600
0.002995253
0.002908468
0.003283024
0.003201962
0.002732515
0.002793550
0.002913952
0.002971888
0.002914667
0.002770901
0.003126860
0.003320932
0.002822399
0.002995491
0.003076553
0.003058910
0.002846241
0.003094435
0.002857924
0.002847672
0.002848625
0.003151894
0.002922773
0.003064632
0.002929688
0.003054142
0.003185511
0.003052235
0.003401279
0.002977848
0.003123760
0.003218651
0.003339291
0.003234386
0.002766609
0.002754688
0.003013611
0.002780914
0.003928661
0.003607273
0.002972364
0.002853155
0.003479242
0.003150702
0.002999544
0.002715349
0.002714634
0.002966166
0.003021955
0.002858400
0.003110170
0.002691984
0.003023863
0.003500462
0.003161669
0.002763748
0.002921820
0.002728939
0.002926826
0.003077745
0.002955437
0.003247023
0.003379107
0.003006458
0.003274441
0.003168583
0.003175259
0.002944469
0.003010750
0.003014565
0.003010511
0.003008842
0.003653049
0.003019333
0.003377676
0.002974749
0.002945185
0.002919197
0.003138065
0.003720999
0.002912760
0.003443241
0.003436327
0.003445864
0.003442526
0.003776312
0.003443003
0.003320217
0.003435373
0.002946854
0.003415108
0.003338337
0.002993107
0.002933502
0.002878666
0.003060579
0.003171921
0.003336430
0.003436804
0.003162622
0.002946615
0.003212929
0.003159523
0.002923727
0.003181934
0.004165888
0.002985954
0.002929449
0.002974272
0.003387928
0.003214121
0.002988338
0.002990246
0.003153324
0.003081322
0.003905296
0.003446102
0.003020763
0.003089905
0.003094196
0.002999067
0.003140926
0.003434658
0.003061771
0.002987146
0.003183365
0.003440857
0.003382921
0.003092051
0.002974749
0.003087282
0.003001690
0.003188610
0.003160477
0.003212452
0.005725861
0.024837732
0.003015995
0.002988100
0.003691196
0.003003359
0.003127337
0.003306627
0.003132582
0.003444433
0.003150940
0.003199577
0.003056765
0.003012180
0.003019810
0.003017426
0.003017187
0.002918720
0.003075361
0.003445625
0.003619194
0.003347397
0.003059149
0.003298283
0.003441572
0.003033638
0.002967596
0.002804041
0.003041029
0.003019810
0.003383398
0.003756523
0.003083944
0.003462553
0.003252268
0.003538132
0.002662897
0.002913952
0.002951622
0.002829313
0.002676487
0.002995014
0.003008842
0.003155470
0.002947330
0.002890348
0.003291845
0.003167152
0.002971172
0.002873182
0.002815008
0.002785444
0.002976656
0.002727032
0.002750874
0.002840519
0.002811670
0.003057003
0.003131151
0.003096342
0.002776146
0.002732992
0.002851248
0.002853394
0.002951384
0.002808571
0.003432989
0.003080368
0.003004074
0.003263235
0.003424406
0.003149271
0.003320694
0.003560305
0.003321886
0.003443480
0.003430843
0.003676891
0.003929138
0.003193378
0.003268957
0.003484964
0.003153801
0.003202677
0.003126383
0.003051519
0.003509283
0.003061771
0.003031254
0.003039598
0.003074408
0.003164291
0.002978086
0.002923489
0.003576279
0.003227949
0.003513575
0.002970934
0.003024340
0.002778530
0.003067493
0.003049612
0.002918482
0.002999306
0.003278971
0.002937794
0.003067493
0.003297806
0.002994061
0.002867460
0.002600670
0.002592087
0.002923250
0.002672672
0.002718449
0.002981186
0.002654552
0.002753735
0.002808571
0.003432512
0.003536463
0.003017426
0.003162861
0.003326654
0.002999783
0.003015757
0.003015280
0.003167152
0.002899170
0.002784014
0.002669096
0.003463030
0.002876520
0.002860546
0.003072500
0.002882242
0.003009319
0.002805710
0.002931595
0.003103733
0.002809763
0.002823591
0.002951145
0.003405333
0.002911568
0.002828598
0.003175497
0.003059149
0.002719402
0.002941847
0.002982616
0.002831697
0.003020763
0.002741337
0.002676725
0.003372669
0.003141403
0.003103971
0.004044294
0.003148317
0.003147840
0.003198385
0.003156662
0.003443718
0.003247738
0.004764318
0.003545046
0.003441095
0.003150225
0.002752304
0.002969742
0.003091097
0.003379345
0.003029108
0.003133059
0.003423452
0.003048182
0.003178120
0.003353596
0.003358126
0.003180027
0.003128529
0.003351927
0.003355026
0.003083706
0.003046274
0.003062010
0.003100872
0.002962828
0.003035545
0.003127337
0.003118753
0.002981424
0.003020763
0.003052473
0.003189087
0.002944708
0.002917290
0.003004313
0.003139496
0.002981901
0.003080130
0.003431082
0.003384113
0.003387690
0.003673315
0.003915787
0.002969503
0.002989769
0.003289700
0.003070354
0.002970219
0.003039122
0.003208637
0.003307343
0.003143072
0.003058910
0.003314257
0.003109455
0.003187895
0.003019094
0.002924681
0.002975464
0.002887487
0.002996206
0.003081560
0.003261566
0.003215313
0.003042936
0.003063440
0.002965927
0.002942801
0.003139496
0.003042936
0.002956390
0.002892017
0.002905130
0.002743483
0.003152609
0.003007412
0.002869844
0.002915144
0.002952814
0.003169298
0.002845526
0.002820253
0.003668547
0.003483295
0.003147840
0.002921343
0.002922297
0.002962351
0.002908945
0.002954721
0.002916098
0.003027201
0.003147602
0.002930641
0.003134251
0.002809048
0.003305197
0.002947807
0.002824306
0.003122330
0.002730131
0.002648115
0.002676725
0.002770185
0.002960443
0.002800941
0.003448963
0.003128290
0.003176212
0.003127575
0.003191471
0.003345490
0.003145218
0.003126383
0.003263712
0.003225088
0.003138542
0.003118753
0.003153086
0.003105879
0.003082514
0.003284931
0.003289461
0.003095865
0.003135920
0.003439426
0.003365517
0.003438950
0.003094912
0.002851725
0.003227711
0.003129959
0.003134012
0.003130913
0.003071070
0.003340721
0.003223658
0.003402472
0.003336906
0.003418922
0.003124475
0.003061056
0.003352165
0.003095627
0.003092289
0.003094196
0.003415823
0.003263950
0.003163815
0.003094196
0.003185511
0.003090382
0.003210545
0.002908468
0.003170252
0.003189564
0.002923727
0.003185987
0.003366232
0.003427267
0.002964020
0.002979755
0.003054142
0.002987385
0.002920866
0.002922773
0.003441334
0.003350973
0.002954960
0.003574848
0.004522562
0.003176928
0.003028393
0.002939463
0.003079653
0.003100634
0.003266811
0.003019094
0.003072739
0.003060818
0.003366947
0.003377199
0.003346682
0.003342390
0.003201246
0.003221512
0.003353596
0.003203392
0.003124237
0.003338575
0.003156424
0.003127813
0.003181696
0.003184557
0.003358603
0.003325701
0.002754211
0.003111839
0.002977610
0.002738476
0.002897263
0.002757072
0.002893209
0.002768040
0.002854347
0.003072500
0.003012419
0.003428221
0.002958775
0.002999067
0.002961874
0.002999067
0.003505468
0.003069401
0.003307104
0.003387928
0.002734661
0.002814531
0.003387690
0.002919436
0.002755642
0.002639532
0.002735853
0.002843618
0.002848387
0.003100157
0.003191710
0.003270864
0.003097296
0.003315210
0.003428221
0.003154516
0.003868103
0.003734589
0.002962828
0.002966404
0.002951860
0.003016233
0.003048420
0.003264189
0.003082991
0.003112078
0.003119946
0.003349543
0.003202677
0.003056288
0.003668785
0.002943993
0.003332615
