3.091450691
0.017798662
2.848864794
0.013136387
0.073201180
5.757214069
0.011767626
0.010350227
2.744624138
0.009526253
2.857731104
0.011254311
0.011204004
2.850079536
0.008962393
2.858905792
0.010563612
2.858062983
0.010541439
2.960716486
0.010084867
2.859795809
0.015304804
2.853333950
0.013199329
0.013885975
0.010631800
5.705682039
0.009907722
2.858557224
0.014332294
2.853342533
0.013800859
2.958102703
0.011472464
0.009976864
0.014418125
0.014215231
0.010012388
0.009778500
0.025257826
0.123763323
0.009976387
0.016320944
0.012191296
0.010569572
0.010791302
0.010002613
0.013974667
0.012993336
0.010928392
0.009981155
0.010128736
0.010756254
0.010841608
0.010313749
0.016134262
0.010302305
0.015008211
0.012506962
0.018405676
0.010246992
0.010097265
0.013767004
0.012296915
0.010299921
0.010244131
0.010723352
0.009687662
0.009860992
0.009556293
0.009860039
0.013285875
0.014277935
0.010851145
0.010279655
0.010178328
0.014691353
0.010468245
0.010325670
0.010546923
0.013307333
0.009819984
0.012434483
0.013350725
0.013691902
0.011306524
0.017814636
0.010332346
0.010681152
0.010238647
0.015139103
0.010228634
0.010843039
0.011379719
0.010027170
0.014302015
0.014327049
0.010029078
0.011720419
0.010282516
0.012331486
0.009992361
0.011423349
0.011365414
0.011331558
0.011798620
0.011173010
0.014118195
0.013173580
0.009989738
0.009838820
0.011424065
0.011418819
0.012464046
0.012217999
0.010084391
0.010073900
0.012315035
0.010282040
0.014225006
0.014290333
0.010941982
0.010546923
0.010916233
0.013845921
0.010875225
0.009859085
0.014114141
0.011384010
0.012585640
0.011919022
0.013647079
0.012856007
0.012968063
0.012248516
0.013311386
0.013288736
0.012574673
0.010266542
0.009844065
0.010385036
0.010430574
0.010398149
0.013318777
0.010434628
0.014305830
0.013470888
0.010243654
0.010317087
0.009929180
0.009968281
0.010068655
0.009924173
0.010878563
0.010514259
0.011207581
0.011204004
0.014163256
0.013031483
0.013149500
0.010368824
0.012021780
0.010283947
0.010219097
0.011458874
0.011398554
0.012027025
0.013087034
0.014756918
0.010468245
0.019474745
0.013070345
0.011507511
0.013886452
0.012178898
0.012313128
0.013344765
0.009831667
0.011846542
0.010057688
0.010868788
0.013875723
0.012750864
0.012441397
0.012814999
0.012385130
0.013134718
0.011800051
0.010945320
0.010031223
0.010241747
0.012639284
0.010092974
0.010255337
0.013547659
0.011029482
0.010754347
0.010138512
0.013391018
0.010312796
0.012416601
0.010341883
0.012235880
0.010147333
0.011590958
0.010152817
0.012446165
0.012976885
0.015445709
0.009432554
0.013957977
0.010071039
0.010193825
0.015104294
0.010158539
0.015498400
0.014517307
0.009942293
0.013453484
0.017328262
0.013631344
0.010964632
0.013463020
0.010609150
0.010576010
0.011650324
0.013592243
0.012844801
0.012529373
0.015338898
0.013784170
0.012889147
0.014115810
0.012974024
0.012707949
0.014188528
0.011922598
0.009757519
0.013191223
0.012027264
0.013877392
0.011948586
0.019323111
0.012076616
0.014367104
0.015493870
0.014571428
0.010668993
0.009705067
0.011450768
0.010563374
0.010541439
0.014605045
0.016612768
0.012376785
0.011523724
0.015029669
0.014132500
0.010565758
0.013443232
0.009805918
0.010030270
0.010834694
0.010815859
0.012639761
0.010424852
0.010281563
0.012245893
0.010068417
0.013639450
0.013112545
0.012953281
0.009484768
0.010695934
0.011024237
0.009551287
0.009954453
0.009860277
0.009577990
0.009457588
0.010084629
0.013323545
0.009570837
0.010311365
0.013633251
0.010116339
0.009996891
0.010829687
0.011201620
0.010321140
0.010409832
0.017691851
0.010417700
0.013313532
0.010654926
0.011435986
0.013708115
0.011717319
0.012396574
0.013700008
0.010796785
0.010533810
0.010085583
0.014125109
0.011196136
0.014088392
0.012969732
0.010619402
0.010344267
0.010306835
0.010384560
0.010311842
0.013420105
0.011537552
0.013385773
0.014282703
0.012813330
0.013680935
0.012485504
0.014392376
0.013717413
0.014057875
0.012849808
0.014094114
0.013299227
0.011566162
0.010027409
0.010354757
0.009776592
0.012156010
0.014363050
0.013687134
0.010766983
0.011442900
0.010426521
0.010679483
0.013307810
0.010283470
0.010545731
0.015670776
0.010666370
0.017288923
0.014518976
0.013718605
0.011067152
0.012775421
0.010793209
0.011443138
0.010236502
0.010814905
0.012049675
0.011922359
0.013362408
0.013198376
0.014314175
0.014706612
0.011553049
0.011552334
0.011276722
0.010305166
0.012409210
0.010790586
0.012078285
0.010681391
0.010719776
0.010774612
0.010796785
0.013805389
0.011362553
0.010703087
0.010434389
0.009826183
0.010404348
0.012013197
0.011545897
0.010655642
0.012340546
0.010993242
0.015822172
0.012980223
0.014562130
0.013504028
0.011865854
0.015809536
0.012432575
0.010395527
0.010892630
0.011768341
0.010293961
0.009651423
0.010564804
0.013731003
0.010670185
0.009790659
0.013769865
0.009920359
0.010598421
0.010214806
0.010845661
0.010694742
0.009906769
0.009693146
0.014530420
0.012287855
0.013617516
0.010348082
0.013297796
0.010148525
0.009977102
0.010459661
0.012255430
0.009894848
0.011660099
0.012510777
0.014294147
0.014580011
0.014350891
0.010146618
0.011238575
0.012084484
0.009761572
0.013191938
0.014155149
0.010964155
0.012873411
0.012935162
0.015603304
0.013722658
0.012944221
0.009894848
0.013449907
0.010717392
0.016881466
0.009948015
0.011720419
0.014474869
0.010332823
0.011836290
0.010554552
0.010843992
0.013530731
0.012461662
0.010341883
0.010300398
0.011605978
0.010376453
0.009268761
0.010371208
0.012865305
0.010033131
0.010947943
0.013919592
0.013322115
0.010482788
0.010453224
0.009910822
0.011034489
0.009873629
0.009903431
0.010324478
0.013839722
0.011516809
0.009984493
0.010042191
0.013471603
0.010913610
0.013666868
0.011400223
0.009997606
0.010314465
0.010836840
0.011646509
0.012333393
0.010007858
0.010063648
0.010308981
0.013191938
0.010010242
0.012392521
0.009897709
0.009848118
0.009890556
0.010022163
0.010355234
0.009944201
0.012438774
0.009951830
0.010767698
0.012459993
0.010524988
0.014908552
0.010962248
0.010539055
0.010248184
0.010129929
0.009961128
0.009947062
0.009926319
0.010303974
0.009380579
0.012686253
0.009967804
0.012896776
0.009991646
0.013287306
0.009824276
0.012393713
0.013740063
0.012461662
0.010584593
0.013538122
0.010626316
0.013346434
0.012354136
0.010518551
0.011551142
0.010087490
0.011519909
0.017035246
0.018258572
0.013194561
0.012256384
0.010155439
0.010590076
0.014124155
0.013239384
0.011212826
0.009823322
0.010224819
0.010832310
0.009995222
0.012096167
0.013178349
0.010646105
0.009886742
0.010734081
0.013030529
0.013507843
0.010509253
0.010721922
0.010587692
0.009562254
0.012758970
0.010797262
0.015057564
0.011612415
0.012074232
0.011111259
0.012704611
0.014696121
0.012493849
0.011060476
0.010486364
0.011027336
0.017466545
0.010911465
0.012446404
0.013113737
0.014051199
0.010773897
0.014889002
0.012577057
0.012953997
0.012238741
0.009716511
0.014882803
0.009879589
0.009733677
0.010575771
0.009996414
0.011629343
0.011724710
0.013334751
0.012232304
0.010701656
0.010181189
0.011558771
0.009865761
0.010110855
0.010100365
0.013979912
0.011104345
0.013918638
0.010255098
0.013901711
0.013932705
0.011398792
0.009685278
0.009872198
0.011216879
0.010916233
0.011120081
0.015196085
0.009899616
0.013712168
0.015512943
0.014685392
0.013472080
0.012389898
