0.199277639
0.088979959
0.094466686
0.077428818
0.062031507
0.068742990
0.051461220
0.060921907
0.075482607
0.082630396
0.084696770
0.060822487
0.074406385
0.099149942
0.117670059
0.154551029
0.106831551
0.078578949
0.092117786
0.094973564
0.102817297
0.097660542
0.085855961
0.127676725
0.086348772
0.082649946
0.089473724
0.085320234
0.107698679
0.087447643
0.096674919
0.080729485
0.122251749
0.138200760
0.092731476
0.094627619
0.046140432
0.159404755
0.099577665
0.076748610
0.091345549
0.113018990
0.097192287
0.117744207
0.073042393
0.129565954
0.093567848
0.103756428
0.094071150
0.101003170
0.110010147
0.096718788
0.085741043
0.103159904
0.082420588
0.115293026
0.092004061
0.092570066
0.073583126
0.062755585
0.056964874
0.068892717
0.055445671
0.056083441
10.074234724
0.066994905
0.069394112
0.084146738
0.082455873
0.169709444
0.070098162
0.081825972
0.087559938
0.100481272
0.081710577
0.077481747
0.115459204
0.066391230
0.111290932
0.127551556
0.107024670
0.069662571
0.075023174
0.072938919
0.076446056
0.070068121
0.103932858
0.087512016
0.141147852
0.101812840
0.108524084
0.119992733
0.201974869
0.059859753
0.071972847
0.062844276
0.068593025
0.075829983
0.055718422
14.674800396
0.058745384
0.056677818
1.780861139
0.071911573
0.040083170
0.042798281
0.083160162
0.116069555
0.106107473
0.080303192
13.481172562
0.094417334
0.068586826
0.078238964
0.065967560
0.052192211
0.067819357
9.541052341
4.102002144
0.060543537
0.052150011
0.044869423
0.055837154
0.049430847
0.065270901
0.062207699
1.228024960
0.069026232
1.920054197
0.124306679
0.052997351
0.074499607
0.076565027
0.062047005
0.074586153
0.074763298
0.085652351
0.069036245
0.061094999
13.236256123
0.142428160
0.101511717
0.099976540
0.145764351
0.079394817
7.588752747
0.080126047
0.114050150
0.124082804
0.087689877
0.099066019
0.181440592
5.373037338
0.129647255
0.151999712
3.723137856
0.140586138
0.056934834
9.861618280
12.336549282
0.067616224
0.073992252
0.082729101
0.066617727
0.043435574
0.062134027
0.067231894
0.076179504
0.084864378
0.140979767
0.072096825
0.142594099
2.690940380
0.057827473
0.082010508
0.130806446
0.119520903
0.098042488
0.080996513
0.110666513
3.277008772
8.209313869
16.398534060
0.081156492
0.092386246
0.092955112
0.050229073
0.084515333
0.158558607
3.323574066
0.115262747
0.067217112
0.089618683
0.083170891
0.092204094
0.085995674
0.108410358
1.247992754
0.112188339
0.076644421
0.070576191
0.106411934
0.087880611
13.745177269
0.108090639
0.063318253
0.079789162
0.056448221
11.777202606
0.206343651
0.056659937
0.054443359
0.055014372
0.049517632
0.055506468
0.067841768
0.090685606
0.083246231
0.062702894
0.060061455
0.073975801
0.097713470
0.098706722
0.068519831
0.074547052
0.067901134
0.080554008
2.211938620
0.065458298
0.069411755
0.062436342
0.058322191
0.067173243
0.132084131
0.115467310
0.086194038
0.133875608
0.091800451
0.071041822
0.106298685
0.106426954
0.083957911
0.104699612
0.085278988
0.073997974
0.065814734
0.132746696
0.132253885
0.120493650
0.095811367
0.160338640
0.119180441
0.055721760
0.108754635
25.688333511
0.118421316
0.058758736
0.064019203
0.064130545
0.060280800
0.049410105
0.071390867
0.067933083
0.087272882
0.115774870
0.119080544
2.852829218
2.093620300
0.120105743
0.107365847
0.096483707
0.131060839
0.079342365
0.057836771
3.329290867
4.171921253
18.352455139
0.042047739
0.085973501
0.066503286
0.140899420
0.089916945
0.088664532
0.073667765
5.354931355
0.056656837
0.110274315
0.063408613
0.083274364
0.054793596
0.069547653
0.065246105
0.057407141
0.047234774
0.099340439
0.091288567
0.076201439
0.057521343
0.062574625
0.085612774
0.066640615
0.055582047
0.266062737
4.125095367
18.391968966
0.064233541
1.865757942
0.056091070
0.046251059
0.077090025
0.066181421
0.057214022
0.058304548
0.058741331
0.057167053
0.049877644
5.183127880
0.123916626
0.112324953
0.123070717
0.087770939
0.107604265
0.090551615
0.063239098
0.094058990
0.096557856
0.149861813
0.082592487
0.130411625
0.059390068
0.101092339
0.153224707
2.384749174
0.082120419
14.202445030
0.101021051
3.896818638
4.086216211
0.118413448
0.091718912
0.138720036
0.137954950
0.109032631
5.442115307
0.058261395
0.098845005
0.068080187
0.058660269
0.052998066
0.060218096
0.094836473
0.085709095
0.110170126
0.115145683
0.130424976
0.118554115
0.141059637
0.081221581
0.370592833
14.300733566
0.119077444
10.031752825
0.080981016
0.073271275
0.063489199
0.063482046
5.655137300
0.053421021
0.071141243
0.084481001
0.064779520
0.066184521
0.050285578
0.095989466
0.066781759
0.077996731
0.077260971
0.057322264
0.112436533
0.120090008
0.072152615
0.070974827
0.124248981
0.099898815
0.112033129
0.083016396
0.100820065
0.136698246
0.069537878
0.087043524
0.112189293
0.093599558
0.092478514
0.110738039
0.122231007
0.123891115
0.117795706
0.089726925
0.083938122
0.083376408
0.094046354
0.111878872
0.087007523
0.061670542
0.090536356
0.101327181
0.131628513
0.128523111
0.085027695
0.109032154
0.138622999
0.115731716
0.096212387
0.073791504
0.081940413
0.110965014
0.106768131
0.097716331
0.077383995
0.156614065
0.140105486
0.109698772
0.165951490
0.068049192
0.060817003
0.057214022
0.101031542
0.079734802
0.064152718
0.099481583
0.070677519
0.064971924
0.070261478
0.098516226
0.099458218
0.094636202
0.064873457
0.070787430
0.064290524
0.104217052
0.158456326
0.142342567
0.089825153
0.076816559
0.065541744
0.054983854
0.056827307
0.048660755
0.087131023
5.401679277
0.069028616
3.975499153
6.156679869
0.092780828
12.033153296
4.079838514
0.087799311
0.051586628
0.071530581
0.093246222
0.130267620
0.106526136
0.154253960
0.089448690
0.069979668
13.325368166
12.279979944
0.085828781
0.056714773
5.842180967
0.092259645
0.097026587
0.088142633
1.664395332
0.078679800
1.869666338
8.154544592
18.446403503
0.097791195
0.068504572
0.088068724
0.115131140
0.063162327
0.063287497
0.058810949
0.082959175
0.091253519
0.075603724
0.080443382
0.080535889
0.069717169
0.063652039
0.117117643
0.105168819
0.094527721
0.082811594
0.073144436
0.056117296
0.119646788
0.082545280
0.086273432
0.056145430
0.089128971
0.089429855
0.077363253
0.071771860
0.055510521
0.061805248
0.043223143
0.052677631
0.067188263
4.934689999
0.128782272
3.725382566
0.088357687
0.054911852
0.050406218
0.079221487
0.075249672
0.073173285
0.107520580
0.071793318
0.143612385
0.102015018
11.144480467
0.064150095
10.085445642
0.075349569
0.069114447
0.068737030
0.083306789
0.079958916
0.074332952
0.115333319
0.086613655
0.100028515
0.061664343
0.073620558
0.062717199
0.061621428
0.080070972
0.126817942
2.477199554
28.651504755
0.071077585
0.053426743
0.041552305
0.117152691
0.083451986
0.100095749
0.133601904
0.109573603
0.145949602
0.118860006
0.103075504
0.089318752
0.112360001
0.109210014
0.077246666
0.109598160
0.076184511
0.099981546
0.097849846
0.086647272
0.069704533
0.082024097
0.085003614
0.084995985
0.088359833
0.098889828
0.073642015
0.070667982
0.099992990
0.108180046
0.136019468
0.133360863
0.092568874
0.151715755
0.079535484
0.066539526
0.072913885
0.073459864
0.102979898
0.060017824
0.072928667
0.073643923
0.063606739
0.046580553
3.274384975
0.047173023
0.053024769
0.050951242
0.067599773
0.079005718
0.135865450
0.136685371
0.060295582
0.093503952
9.194977045
0.054511786
