0.028686285
0.002625227
0.002407312
0.097049952
0.002298355
0.002196789
0.002320051
0.002271652
0.002269268
0.004415512
0.002065897
0.050559282
0.002290726
0.002393723
0.002385616
0.002330065
0.007332087
0.007920027
0.010025978
0.009389639
0.002822399
0.002625704
0.002146959
0.002662897
0.002407074
0.085662603
0.002141237
0.002372980
0.002337694
0.094162703
0.002247334
0.008856297
0.002415180
0.003240347
0.003219366
0.002146482
0.002271414
0.002218008
0.012191057
0.002237082
0.002313137
0.024200678
0.002382755
0.002338648
0.002259254
0.002336979
0.002236843
0.034807682
0.002096653
0.039490461
0.008340836
0.002244711
0.001971006
0.002372265
0.005631685
0.002298117
0.002257109
0.002881289
0.060971260
0.002180338
0.065635443
0.002393007
0.002135515
0.002397537
0.002156019
0.005100250
0.004371405
0.002524376
0.002426147
0.010299683
0.012725353
0.002325296
0.002426386
0.002433062
0.002514362
0.002662659
0.002450466
0.003317118
0.002156973
0.002223253
0.002233028
0.002105713
0.001938820
0.019937515
0.002496719
0.002126217
0.002127409
0.029299498
0.002109528
0.002079964
0.042349339
0.002422094
0.003582954
0.003571510
0.002670765
0.002247810
0.002554655
0.002447128
0.009911060
0.002121925
0.059659243
0.001835108
0.001847744
0.008133888
0.001827002
0.002237797
0.002101898
0.004877806
0.080426693
0.010635853
0.003941774
0.003847361
0.004971743
0.002210379
0.002484798
0.002137661
0.098133802
0.003413677
0.002404928
0.003059149
0.002904654
0.002399206
0.002220869
0.013091564
0.002449036
0.002198458
0.002470016
0.002632141
0.031574011
0.002147675
0.002479315
0.002208948
0.002182484
0.012317419
0.002166271
0.017893553
0.004507065
0.002474785
0.002432823
0.002428293
0.003511429
0.002421141
0.002756119
0.002586842
0.002089024
0.002520800
0.002984285
0.071568489
0.002253294
0.010301828
0.010509253
0.002428532
0.002159834
0.002593279
0.002246141
0.002393484
0.002283812
0.002306461
0.014222145
0.002212048
0.002779484
0.002314329
0.003372908
0.002133369
0.002157211
0.012478352
0.002160788
0.002184629
0.002422094
0.002214670
0.002134800
0.006660223
0.008818865
0.005868196
0.002777815
0.038084507
0.002184629
0.002137423
0.042054415
0.002175808
0.002212524
0.002228022
0.003303051
0.062088490
0.011364460
0.002162933
0.002410412
0.009613037
0.002411604
0.010171175
0.003054142
0.076074839
0.008095264
0.002403259
0.002423048
0.002482414
0.002449751
0.087470055
0.002379656
0.002389669
0.094410896
0.004118443
0.005603313
0.003726721
0.002285480
0.003622770
0.002449036
0.002065182
0.002424717
0.002413988
0.002320766
0.001705408
0.002014637
0.002063990
0.002036095
0.002202034
0.037350893
0.002555370
0.002150774
0.002296925
0.002278328
0.002234697
0.002257824
0.002240896
0.002333879
0.002026558
0.158381701
0.204669952
0.211152792
0.095062256
0.002177715
0.018028021
0.003586292
0.020004511
0.002176523
0.002265453
0.002135515
0.002705812
0.026876926
0.009090185
0.002811432
0.002434492
0.002297640
0.002368450
0.002612591
0.002362013
0.004624367
0.011468649
0.012045860
0.009382725
0.016321659
0.002150536
0.002236605
0.002297640
0.064628839
0.002427101
0.068279505
0.006798267
0.002196789
0.002212524
0.002246618
0.002241373
0.002283812
0.002246857
0.003085136
0.294680834
0.102594137
0.002260208
0.010741711
0.002104998
0.001986027
0.015134335
0.002418995
0.005020857
0.009706259
0.002171516
0.002083778
0.002158880
0.002053738
0.002153397
0.002309799
0.009663582
0.002366066
0.043167591
0.002512693
0.002326727
0.002153873
0.002336025
0.002321720
0.017492533
0.002857447
0.002098322
0.065160751
0.006270170
0.002367735
0.002765417
0.002824783
0.002420425
0.002167940
0.016066313
0.002361298
0.002370596
0.002427578
0.002375841
0.002361298
0.002322435
0.002112389
0.002384663
0.002305031
0.003168106
0.006343603
0.003864765
0.002422810
0.002274036
0.002385378
0.002339125
0.002285719
0.010219336
0.010295868
0.020821810
0.011261463
0.001901388
0.136725903
0.176415443
0.002729654
0.002383232
0.028973103
0.002770424
0.002023935
0.205018044
0.068360567
0.002165794
0.002500772
0.002493143
0.002386808
0.002401590
0.058922052
0.002478123
0.014900923
0.002427816
0.002416611
0.002324343
0.002431631
0.002360106
0.002407789
0.002452612
0.088041306
0.007197380
0.002142429
0.002174616
0.092865944
0.002418995
0.010117054
0.002279758
0.002321720
0.002522230
0.002158403
0.002492905
0.018090725
0.015805721
0.002370834
0.002138853
0.002145767
0.028404713
0.006697655
0.007428408
0.002098799
0.002235174
0.013534069
0.002198219
0.002496481
0.002391815
0.002181768
0.046078205
0.014972210
0.002683878
0.004379511
0.009543180
0.002393723
0.002382517
0.012838364
0.011477470
0.002156019
0.002405405
0.002118587
0.002620459
0.002142668
0.002221346
0.001946688
0.002181292
0.012997866
0.001975298
0.005975962
0.002176046
0.002194405
0.002173901
0.002331972
0.002886057
0.002716541
0.001888514
0.002074003
0.002118111
0.002047300
0.002121687
0.024597168
0.002446413
0.011620760
0.015057564
0.002409458
0.002484798
0.018202305
0.008998871
0.017181158
0.006543159
0.002481461
0.002013445
0.002553463
0.002561331
0.011935949
0.002477884
0.002456665
0.002480507
0.002485514
0.002489090
0.066262722
0.005515337
0.002501249
0.002274513
0.002487659
0.002494574
0.002216816
0.002477646
0.091405630
0.006454706
0.009421110
0.007822752
0.003072977
0.002499580
0.002457619
0.002578497
0.010167122
0.002512217
0.006734133
0.002542019
0.002059460
0.002130508
0.002074242
0.018435717
0.002475023
0.002390146
0.002165079
0.002415657
0.002301931
0.002415657
0.036984444
0.002406836
0.002472162
0.002767086
0.002598286
0.002458096
0.002429247
0.002438545
0.056507111
0.013213634
0.009796381
0.002457380
0.002097845
0.066507339
0.002486467
0.002485991
0.003601313
0.010043859
0.013648033
0.002635479
0.084217072
0.002222776
0.002483845
0.002386093
0.002332211
0.002491951
0.002278566
0.005146027
0.005919695
0.005846739
0.002380371
0.002522945
0.002390385
0.002098799
0.002176046
0.022711515
0.018225431
0.002596378
0.127345324
0.101253510
0.002463341
0.002162218
0.002287149
0.002322912
0.002292633
0.002474785
0.007055521
0.017604828
0.012650251
0.002343893
0.002170563
0.002344370
0.002513885
0.002367020
0.002249002
0.002441406
0.002281189
0.013896942
0.002905846
0.074387312
0.001849890
0.002263546
0.003610134
0.002191067
0.002584219
0.016216755
0.002382755
0.002120972
0.103314400
0.013242960
0.002568960
0.002437592
0.207312346
0.208334684
0.100953579
0.002232075
0.002598047
0.004669189
0.002587080
0.002593994
0.002516985
0.002537489
0.002676487
0.002517700
0.002521515
0.002723455
0.034847498
0.020569324
0.002635956
0.002586126
0.002564430
0.002618790
0.002531767
0.005547285
0.002404928
0.002481699
0.009975910
0.004986763
0.002537012
0.002516985
0.068498135
0.002464056
0.076311350
0.004974604
0.002658367
0.002640963
0.002540350
0.002701759
0.002307177
0.002489328
0.002169371
0.002552748
0.002820015
0.002396822
0.002442837
0.002878428
0.012205362
0.005132198
0.002584219
0.002342463
0.002480030
0.002338409
0.002458572
0.021707535
0.002255440
0.002365828
0.030295610
0.002518654
0.002538681
0.039107800
0.002455711
0.002306461
0.002496004
0.002908230
0.018977642
0.002456188
0.002571583
0.002290964
0.004742146
0.002676964
0.007793427
0.009578705
0.002609968
0.002227545
0.070890427
0.002663136
