0.924286127
0.006782293
0.006611586
0.008178234
0.009562969
2.524294376
0.013337374
0.012768030
0.010142803
0.007087708
0.022071600
0.018857956
0.011800528
0.008273125
0.011578321
0.007166386
0.006758451
0.007621527
0.006680250
0.008824825
0.007266045
0.007205963
0.006392956
0.007550478
0.007408857
0.006188154
0.006708384
0.008951902
0.019455671
0.006787777
0.008295298
0.008210421
0.008632660
0.006343842
0.007905006
0.023313284
0.025307894
0.009083986
0.020554781
0.006784916
0.015590906
0.009999514
0.008306742
0.006569624
0.006122112
0.007938147
0.010681629
0.006408215
0.008597612
0.006350279
0.007276535
0.008881330
0.011100769
0.006809235
0.007347107
0.008685112
0.015606880
0.006667852
0.006796122
0.007599592
0.008282900
0.006672144
0.019211769
0.014791012
0.016081333
0.007948875
0.010651588
0.010316133
0.012640476
0.006545544
0.006243706
0.006794691
0.007697821
0.006507635
0.006330490
0.016901970
0.007506609
0.006728411
0.006323099
0.008871317
0.006853580
0.006433010
0.008418083
0.007269144
0.006407976
0.006767750
0.010137081
0.006419897
0.018776655
0.007724285
0.007462025
0.007003307
0.006439686
0.007526636
0.006515503
0.010124922
0.008929253
0.012056351
0.013056278
0.007915497
0.016009569
0.036126137
0.011814833
0.009274006
0.008434057
0.007556200
0.017280817
0.007529020
0.008394718
0.007538557
0.007040024
0.006458998
0.006465197
0.007574320
0.006632805
0.016296148
0.006624937
0.008461237
0.006744862
0.007517576
0.006798029
0.006840706
0.010959864
0.008578539
0.015379429
0.006600142
0.006587744
0.006584644
0.036879539
0.023370981
0.008322001
0.010097265
0.008455753
0.007794380
0.011896610
0.009057283
0.006768227
0.012039423
0.009459257
0.010689974
0.008421898
0.008323669
0.021035433
0.010509491
0.007516384
0.009709835
0.011242390
0.012490511
0.018385410
0.024308681
0.029374838
0.009015083
0.008397341
0.008803129
0.007404804
0.008477926
0.017333984
0.009703159
0.013469219
0.013461828
0.008370161
0.008376122
0.013315439
0.006933212
0.006505966
0.006756544
0.006764174
0.008099318
0.006790161
0.006759644
0.007286072
0.006536245
0.007999182
0.007268190
0.008183718
0.007448196
0.009053469
0.013109922
0.012276411
0.007845163
0.034136534
0.008273602
0.006364584
0.006412268
0.007259369
0.007587433
0.030588150
0.008310318
0.013250113
0.015832663
0.007551908
0.007007837
0.006000757
0.007112026
0.006619930
0.009082317
0.006822586
0.007136583
0.011870384
0.015614510
0.006851435
0.006886482
0.010207891
0.008940220
0.007059336
0.006592751
0.007430077
0.007017612
0.006043196
0.006967545
0.041233063
0.020279884
0.006435156
0.006522655
0.006536484
0.007303953
0.011021852
0.011020422
0.010798931
0.017098904
0.008538723
0.010770798
0.006932735
0.006199121
0.007073164
0.006244659
0.006381750
0.006565571
0.007802010
0.210211039
0.009550571
0.007072449
0.006786108
0.009508133
0.014029264
0.008913994
0.007078886
0.006718874
0.006514788
0.009721518
0.007504940
0.008293390
0.006191254
0.005947113
0.007826805
0.007668495
0.026018381
0.015607119
0.010831356
0.010937452
0.006248474
0.015700817
0.018233299
0.007778645
0.006435394
0.008013725
0.036773920
0.008212090
0.007513046
0.008656502
0.006182671
0.006705761
0.006625652
0.007274389
0.008024931
0.006615400
0.018252134
0.009763479
0.007166862
0.006361246
0.006631613
0.008044004
0.007800341
0.009291172
0.009325981
0.008501053
0.011551857
0.021236897
0.008607388
0.009369850
0.009199142
0.006669760
0.006914854
0.011272907
0.010655880
0.006796360
0.006852865
0.008862495
0.006354094
0.007336855
0.007271767
0.006497145
0.008181334
0.010809660
0.008044481
0.009218216
0.007973194
0.007857323
0.006640673
0.006367922
0.009531260
0.006776810
0.008536339
0.007277966
0.006640673
0.006651163
0.006363153
0.006629229
0.006505013
0.006792068
0.010236740
0.006519556
0.007380962
0.007882357
0.011550903
0.007850647
0.008885622
0.006356955
0.011101246
0.008162260
0.012389421
0.006846428
0.007415056
0.006384373
0.006653309
0.006656170
0.007630587
0.010318995
0.008520365
0.009871721
0.006523848
0.009649515
0.006344795
0.006763935
0.008840084
0.014231205
0.009182453
0.010276079
0.006679535
0.007317305
0.013868570
0.017620802
0.008074045
0.006559610
0.007421732
0.008518457
0.006566763
0.006348848
0.013710260
0.006785154
0.014805794
0.006918430
0.010158300
0.006251097
0.007039309
0.006625414
0.102840662
0.006979465
0.010370731
0.010497093
0.011849642
0.006407261
0.008751869
0.007766962
0.010301352
0.014422894
0.008293390
0.015542030
0.008208036
0.009038210
0.006629944
0.043489695
0.021593571
0.008387804
0.013053179
0.013644695
0.007435799
0.008597851
0.010336399
0.008352757
0.006417990
0.007994413
0.009088993
0.009879589
0.011254787
0.012916088
0.019795895
0.013238192
0.008617163
0.009496450
0.007985592
0.007508993
0.009353876
0.008848190
0.007799387
0.007774353
0.009796381
0.014970541
0.016514063
0.011371851
0.012857437
0.007392168
0.006631613
0.010664701
0.011854887
0.006634474
0.006015778
0.006673098
0.006321430
0.006335974
0.006516218
0.006876945
0.006649733
0.006644964
0.006543875
0.006401539
0.006309986
0.006530523
0.017451286
0.013703823
0.009579659
0.008964777
0.018655539
0.006210327
0.006269932
0.006344557
0.007352591
0.024592400
0.010565042
0.012098551
0.006057739
0.007947922
0.006248474
0.010756016
0.006904364
0.007856369
0.009398699
0.009399176
0.006911278
0.195376158
0.007686615
0.007177114
0.008502722
0.008245468
0.012105703
0.009493351
0.009548903
0.012192011
0.007870674
0.006896257
0.009649277
0.018640757
0.006402731
0.006587744
0.013329506
0.008927584
0.018483877
0.010532141
0.006643534
0.010750532
0.014206171
0.007864714
0.006763220
0.006587744
0.006350040
0.016226053
0.021613836
0.006373644
0.006517887
0.009458303
0.006512880
0.006138086
0.006672144
0.006487131
0.007215738
0.006869555
0.007337809
0.008152246
0.006635189
0.006561518
0.030690432
0.009012222
0.007525206
0.006650448
0.006547451
0.010653019
0.016686678
0.009097338
0.007184267
0.006648064
0.010794640
0.006523132
0.008776665
0.008216619
0.009652138
0.013598442
0.008294582
0.006635904
0.009703875
0.007930756
0.009540796
0.010126591
0.006139278
0.008412600
0.008345127
0.006662607
0.009716749
0.009153843
0.016051292
0.028352737
0.008646727
0.006606817
0.006492615
0.019873142
0.008106232
0.006638527
0.008098841
0.008605957
0.008418322
0.009168863
0.007683516
0.006784678
0.006629467
0.007710934
0.006955624
0.016314030
0.017030001
0.008295774
0.007101059
0.006651402
0.014756441
0.015068769
0.006432056
0.007749319
0.007171631
0.006419897
0.006523848
0.006561518
0.007373333
0.007421732
0.006477833
0.008817911
0.008613348
0.010995626
0.006644011
0.012714863
0.007076502
0.007781982
0.006645918
0.013783216
0.008530855
0.007407665
0.006609201
0.006642818
0.006420135
0.006647587
0.016398191
0.009910822
0.006406307
0.006794214
0.007154942
0.083095074
0.009982347
0.008315325
0.006540298
0.006756306
0.006747007
0.006556988
0.006743193
0.006797791
0.006564140
0.006732225
0.009678364
0.024694681
0.007102013
0.006687880
0.006723404
0.006579161
0.008300543
0.006293058
0.006295919
0.025545359
0.006250858
0.006484747
0.006270885
0.038987875
0.008860350
0.007598639
0.006531954
0.007338762
0.013745070
0.011827230
0.014750004
0.011260986
0.011640072
0.011750937
0.010643482
0.008508444
0.009802580
0.014182329
