0.054301739
0.007235050
0.001331329
0.068958998
0.006277323
0.001267910
0.171342850
0.203522444
0.102874994
0.002038956
0.001469851
0.001484871
0.001513243
0.001501560
0.006245375
0.001499891
0.001496792
0.001357555
0.001498461
0.001497984
0.001680374
0.001542330
0.001527786
0.001367092
0.001385450
0.001414537
0.001311064
0.002501249
0.001551151
0.052378178
0.001765013
0.005082369
0.062551260
0.001286507
0.066461086
0.001289606
0.001939058
0.001382351
0.001377821
0.077978849
0.001298904
0.001402140
0.001541853
0.001535892
0.088347435
0.001300335
0.001529932
0.001237154
0.001242399
0.001282930
0.001349449
0.001815796
0.001905680
0.001424551
0.001264095
0.014090061
0.012693882
0.009292126
0.001276255
0.001285553
0.033295870
0.001230717
0.030134439
0.002550364
0.001206636
0.001245975
0.001216412
0.001230478
0.001544952
0.001161098
0.001255751
0.051096201
0.001179457
0.055339575
0.001342535
0.001356840
0.001412153
0.001508236
0.002353191
0.003330469
0.001538515
0.001413584
0.001506567
0.001515627
0.001702070
0.002406597
0.086932659
0.001668453
0.091460466
0.001192808
0.006958723
0.001200914
0.001254320
0.205722570
0.206160784
0.101092339
0.001515865
0.001350164
0.013059139
0.001365423
0.014719725
0.001830816
0.001360416
0.001376152
0.001567125
0.001371145
0.008358717
0.001310825
0.037335873
0.001354218
0.001526117
0.001343966
0.001251698
0.001263142
0.001183271
0.053908110
0.001260519
0.001276493
0.060685635
0.014861345
0.006951571
0.001275063
0.001327991
0.001359224
0.001386404
0.001388073
0.001365662
0.001392603
0.001395464
0.089847565
0.016231298
0.002156019
0.001405478
0.001340389
0.001457453
0.001412392
0.001409054
0.004597425
0.001467943
0.212934017
0.204061985
0.206676006
0.203757524
0.204993248
0.014006138
0.089675903
0.001412153
0.001789331
0.001270056
0.001214743
0.001373529
0.001280546
0.001337528
0.001493454
0.002486467
0.001310825
0.037946224
0.001448154
0.001464605
0.001469135
0.001393080
0.044441700
0.001418829
0.001463890
0.001411200
0.001407385
0.001419783
0.001413822
0.065847158
0.001422882
0.001481533
0.001469851
0.077143908
0.016133785
0.012387276
0.009469748
0.001946211
0.001413107
0.001444101
0.001308918
0.001472473
0.001346111
0.001476049
0.001636744
0.001491785
0.007673979
0.011212111
0.002119303
0.001522064
0.001500607
0.001498222
0.001472235
0.015865326
0.001474857
0.001470566
0.001576185
0.001199484
0.001237392
0.001168013
0.001181602
0.001194239
0.001405716
0.001439095
0.002389193
0.008320808
0.004300117
0.001483202
0.001638889
0.001486301
0.001435757
0.001523495
0.001539707
0.001528740
0.011345148
0.006091833
0.001995802
0.001496792
0.001512766
0.077654600
0.001466036
0.001537323
0.001550198
0.001456976
0.001545668
0.001472473
0.001505613
0.202153444
0.103938103
0.008037090
0.207146645
0.002368212
0.206469297
0.203484058
0.102753878
0.006694317
0.013073683
0.001723766
0.001535654
0.001478195
0.001326799
0.019584179
0.001329184
0.001921892
0.001485348
0.001677275
0.001900673
0.001777887
0.001504183
0.001325846
0.001222610
0.044503927
0.008830547
0.002708912
0.051079750
0.017909527
0.004825115
0.003580809
0.001512766
0.001472712
0.001249075
0.001233101
0.001234293
0.001486778
0.001358271
0.001688242
0.078995705
0.003324986
0.001340151
0.002004147
0.001235247
0.090898037
0.001277447
0.001231432
0.001240969
0.001717329
0.001326799
0.001954079
0.001325607
0.001325846
0.001233339
0.001329660
0.019872189
0.001329184
0.021237612
0.005820990
0.001772404
0.001988649
0.005936623
0.006895781
0.001334429
0.001339674
0.001332760
0.001343012
0.001241922
0.048455238
0.001141787
0.001327515
0.001335621
0.001226902
0.009775162
0.001227379
0.001219034
0.001217842
0.001457691
0.001179218
0.001453400
0.001462221
0.001440763
0.089121342
0.014960766
0.006448269
0.086799145
0.001197338
0.001266956
0.001364708
0.103959560
0.006668806
0.004043818
0.001916170
0.001359463
0.001340866
0.001333714
0.001222610
0.012273073
0.001443624
0.001347065
0.001447439
0.008563280
0.001213074
0.001114845
0.001190424
0.001101971
0.001494408
0.001305580
0.039525986
0.001142502
0.003150463
0.001229286
0.002707243
0.051911831
0.001233339
0.001841545
0.001236916
0.061101675
0.001478910
0.001558304
0.001229048
0.071516275
0.001332283
0.075822115
0.001188517
0.001236200
0.001228094
0.001204491
0.001507998
0.001327753
0.092482805
0.001191616
0.001393795
0.006899595
0.001466274
0.001815319
0.001522779
0.001682520
0.001220703
0.001503468
0.001419306
0.007106781
0.001424074
0.001418829
0.001324415
0.001220703
0.007074118
0.001426220
0.001378775
0.240038872
0.205365419
0.002634048
0.001163244
0.001232147
0.001246691
0.011576891
0.001491070
0.028083563
0.001784563
0.005821705
0.001484871
0.001479626
0.001444578
0.001513481
0.001503706
0.001772881
0.041810036
0.001541138
0.046692371
0.001639605
0.001541138
0.001659632
0.055375338
0.001726389
0.060129881
0.001755238
0.001498699
0.001543522
0.003328800
0.001493931
0.001487494
0.001525164
0.001493216
0.081539392
0.001399517
0.010769606
0.001802444
0.001443624
0.001481771
0.001526356
0.001741409
0.001540422
0.001630306
0.001451492
0.001476049
0.004832268
0.005548000
0.001397610
0.001328468
0.026268244
0.001308680
0.022792816
0.001381159
0.001690865
0.001349688
0.038605213
0.001346827
0.041623592
0.001321077
0.001278877
0.001556635
0.011274338
0.001336336
0.001486301
0.001465321
0.001494408
0.008373022
0.001523018
0.001544476
0.001496792
0.001332283
0.001522779
0.001503229
0.001487970
0.018037319
0.012684345
0.001499176
0.001515388
0.001466036
0.001522779
0.008513689
0.001630545
0.096669674
0.001214981
0.001163960
0.001603603
0.001312733
0.001469374
0.213830233
0.206253052
0.100755692
0.001536131
0.003790617
0.001469851
0.001453161
0.001442671
0.001489162
0.001420975
0.001367569
0.001942635
0.001415730
0.040561676
0.015733242
0.001453876
0.001466274
0.001456976
0.001443624
0.047606230
0.011807442
0.001460791
0.001449585
0.001463175
0.001485348
0.001394033
0.001477718
0.001456499
0.003136635
0.001502037
0.001346827
0.001180172
0.001204014
0.001194239
0.082991362
0.004347324
0.001121998
0.088440180
0.001088619
0.004650593
0.001451731
0.001524210
0.001528740
0.104348898
0.016263723
0.001453638
0.001491547
0.001510620
0.001464605
0.022740602
0.005498886
0.001365423
0.001325130
0.001394987
0.001415491
0.001367807
0.038436890
0.001194954
0.001432896
0.001249552
0.001429796
0.001412392
0.001428604
0.001485586
0.054567099
0.005009890
0.055933237
0.001396418
0.001442671
0.001434803
0.001651287
0.067547321
0.001371622
0.072289467
0.001304865
0.077068090
0.001311064
0.001382113
0.084658861
0.001289129
0.089118481
0.001309156
0.001802921
0.001336813
0.001417875
0.001345873
0.001348257
0.001382589
0.001317263
0.001501560
0.010925055
0.001506805
0.015326500
0.001491308
0.001473427
0.001399755
0.001409769
0.001401901
0.001515865
0.005657673
0.001349211
0.001345634
0.040468693
0.001354694
0.001302481
0.001751661
0.001356363
0.058511257
0.011067390
0.001378775
0.001894712
0.001568079
0.001514196
0.001522303
0.001535654
0.076535940
0.008250237
0.007415771
0.001472712
0.001501560
0.001515865
0.001639605
0.001654148
0.090950489
0.001624823
0.001890421
0.001769543
0.001263857
0.102318525
0.001300573
0.001125813
0.001150608
0.001274347
0.001469612
0.001269102
0.018855810
