0.087066174
0.002161741
0.095526695
0.014024973
0.001961708
0.001859188
0.001975536
0.001809597
0.002019405
0.001745462
0.002119064
0.003979206
0.001423120
0.002138376
0.001813889
0.008203983
0.009427309
0.013429403
0.003478765
0.002283335
0.001533508
0.002122164
0.001849413
0.002017975
0.002350330
0.002135277
0.007701397
0.001783371
0.001955986
0.001833439
0.001724958
0.054486036
0.005704641
0.002054691
0.002024174
0.002430677
0.002031326
0.002037525
0.069308281
0.002118826
0.002150297
0.002100229
0.002084017
0.084666967
0.009126425
0.010516405
0.002136946
0.002021790
0.002042770
0.002153873
0.002057552
0.002099752
0.002120256
0.002823114
0.107632399
0.001777411
0.002075672
0.013415575
0.002997875
0.017441750
0.016907454
0.002133131
0.002028465
0.002022028
0.002905607
0.002076149
0.002160788
0.002172470
0.007643700
0.004808187
0.002163410
0.045710325
0.003117085
0.012953758
0.002063036
0.001967669
0.006854773
0.001953840
0.001931667
0.001995802
0.001935482
0.002049685
0.001881123
0.002002954
0.077248096
0.001950264
0.001977205
0.002115488
0.001673222
0.001950026
0.001874924
0.002382517
0.001941681
0.099094629
0.002149820
0.002577782
0.002766609
0.002080441
0.003702402
0.002139330
0.002192736
0.017305851
0.002600670
0.009954453
0.008331299
0.005026579
0.002225161
0.002352715
0.002091408
0.002104044
0.002105236
0.002134562
0.002517223
0.002091885
0.002137423
0.002155542
0.001803398
0.002048254
0.002087116
0.002100706
0.012576103
0.002205372
0.002100229
0.001876354
0.002092600
0.007094145
0.002103329
0.002092838
0.002285242
0.002066612
0.088859558
0.010040522
0.015663624
0.010964632
0.004653692
0.003345251
0.002145290
0.001890898
0.002394915
0.208667755
0.002013922
0.010028362
0.094942093
0.003385544
0.002014875
0.001787901
0.017194271
0.002155781
0.001794338
0.002048731
0.001862764
0.031001568
0.001950026
0.001777649
0.002101898
0.001783371
0.001809597
0.002135277
0.002120733
0.060546160
0.010553598
0.006932735
0.007433176
0.002467871
0.002246141
0.002337694
0.002115965
0.067377329
0.002338886
0.003153563
0.002116680
0.003975391
0.002475023
0.002361774
0.002388477
0.002300501
0.002143383
0.002109766
0.002107620
0.002168179
0.002170801
0.006039619
0.002258062
0.002499819
0.002082586
0.003451586
0.002127647
0.001961946
0.002028465
0.002351999
0.031941414
0.012465000
0.010251522
0.005272865
0.002286196
0.001787663
0.001996994
0.001981974
0.002057791
0.001966953
0.011935472
0.002117634
0.050402403
0.002020359
0.001932859
0.001972198
0.001890421
0.001940966
0.009489536
0.019971132
0.002094984
0.002513170
0.002410650
0.002497435
0.002102852
0.002142668
0.002552271
0.009294271
0.008787394
0.003706455
0.010252237
0.002104282
0.002130985
0.002052546
0.002035379
0.002288580
0.001832008
0.207038641
0.002243996
0.193606853
0.002185822
0.001671076
0.004633665
0.002147913
0.011060715
0.008535862
0.006185055
0.002189398
0.002778053
0.002099037
0.002090216
0.002093554
0.002541780
0.002062559
0.008283854
0.015739202
0.002265692
0.052326441
0.001989841
0.002094507
0.007082701
0.002147675
0.002107620
0.002370119
0.002085209
0.080790997
0.007127523
0.002120256
0.012551785
0.002002716
0.002254725
0.002095938
0.001955748
0.002052784
0.093694210
0.009168148
0.002096891
0.002238989
0.001899242
0.002628088
0.002022266
0.001814604
0.215001345
0.045763254
0.060084105
0.003474951
0.002458334
0.001781702
0.001778841
0.001888514
0.002665520
0.001815081
0.006390572
0.001718283
0.002052784
0.001846313
0.001708031
0.001596689
0.001971006
0.001663685
0.001833677
0.001856565
0.049449921
0.002025127
0.009452343
0.001854897
0.002096653
0.002140999
0.061798573
0.006299257
0.002107382
0.002003670
0.073754072
0.011931658
0.010466576
0.082964659
0.007074833
0.005163908
0.002084970
0.002093792
0.002103567
0.001715422
0.002214670
0.002876520
0.100282192
0.001825809
0.002707958
0.002081156
0.001776457
0.002049208
0.002120256
0.002043486
0.002115011
0.001783133
0.001895666
0.002023220
0.028614759
0.001479864
0.001894712
0.002076626
0.002078533
0.002463102
0.245336294
0.002546072
0.215132713
0.092159033
0.001630783
0.001774073
0.015162230
0.001725435
0.002055883
0.003425598
0.002163887
0.001918793
0.031415462
0.002073526
0.002161026
0.002099514
0.002333641
0.003029585
0.002998829
0.018683910
0.001873493
0.002124310
0.002026081
0.001900196
0.002130270
0.002027035
0.002219439
0.002315998
0.006218910
0.016485453
0.007521868
0.002751112
0.002190351
0.001870871
0.001785755
0.002268076
0.002168894
0.089543819
0.002582073
0.002379179
0.002142429
0.002381563
0.002309561
0.002675056
0.003314257
0.006044388
0.002034903
0.002267122
0.002175808
0.027375221
0.001897812
0.001913786
0.001946211
0.011582136
0.017497778
0.001996517
0.002861023
0.015749693
0.020598888
0.011501551
0.002000093
0.002105951
0.002104998
0.002016068
0.002084494
0.010733366
0.004449368
0.009476185
0.002136946
0.002056599
0.001709461
0.002147198
0.002100706
0.002013206
0.001935482
0.001851559
0.010524273
0.001878023
0.002222776
0.002500534
0.002073526
0.001858473
0.001787663
0.002217293
0.009110212
0.001979589
0.001715183
0.003195047
0.013597488
0.002077103
0.001988649
0.018980503
0.003558159
0.004190445
0.002979755
0.002034187
0.002009153
0.002725124
0.002714634
0.035087347
0.002003431
0.002546310
0.008087873
0.002017021
0.002259731
0.001972437
0.002014637
0.002026320
0.055416346
0.001889229
0.001995802
0.001896143
0.001825571
0.001584768
0.001772881
0.001843452
0.001677036
0.002242088
0.002007008
0.002140999
0.001768351
0.001900673
0.005667448
0.002171040
0.002071619
0.012495995
0.002154589
0.007720947
0.015555143
0.002688408
0.001773596
0.211808681
0.001602888
0.001746416
0.103988886
0.001561880
0.013041019
0.003280401
0.004992962
0.001934767
0.002009153
0.002062559
0.002319813
0.001989603
0.033471346
0.007641315
0.001999140
0.038920879
0.002265692
0.051150322
0.016804695
0.001957893
0.002257347
0.001953125
0.056166649
0.002037764
0.004038095
0.005194426
0.002424240
0.014089823
0.001975536
0.001968622
0.002213001
0.002048969
0.003366709
0.002050877
0.002047777
0.002644062
0.001996279
0.001981258
0.094248295
0.001992226
0.098633528
0.002454996
0.001938105
0.002530575
0.004658699
0.001933098
0.002085447
0.001753807
0.002185822
0.002176523
0.002160549
0.011702061
0.010121346
0.002017498
0.001856565
0.002003431
0.001860380
0.001956463
0.001947165
0.041749477
0.001819372
0.055585861
0.001838207
0.002369642
0.001932621
0.002467871
0.002117395
0.002065420
0.002053022
0.002285719
0.008795500
0.002779245
0.002099991
0.002282381
0.002032280
0.002314329
0.008088350
0.017494917
0.001823902
0.002520323
0.002189159
0.003648758
0.098054171
0.006686211
0.008095264
0.001807690
0.106880188
0.006273270
0.001785994
0.001785517
0.008577347
0.001871109
0.001887321
0.002910614
0.001602650
0.003526449
0.002022505
0.001892090
0.001964092
0.001955509
0.002001286
0.001982689
0.001872301
0.001961708
0.002673149
0.058791399
0.013934612
0.004306555
0.001897097
0.001466513
0.001749516
0.002323389
0.001399994
0.074816704
0.001785994
0.002046108
0.002491713
0.002376556
0.002338171
0.002612829
0.001868486
0.001902103
0.001716852
0.002130032
0.001807213
0.011251450
0.002695084
0.102713108
0.002077341
0.002345800
0.001819611
0.002175331
0.001825333
0.016237497
0.002434254
0.020416975
