0.100643396
0.005307674
0.017150640
0.004860640
0.008047819
0.008433342
0.005197525
0.004183054
0.015721321
0.006143093
0.006027460
0.006473064
0.006832123
0.005027771
0.008596420
0.008898258
0.005121946
0.004647493
0.005724430
0.006481647
0.006489992
0.005343199
0.005299330
0.010256767
0.004604816
0.003867388
0.004786253
0.003958702
0.004217625
0.004464626
0.005368233
0.010676622
0.017492294
0.006439686
0.021643639
0.023206949
0.038622379
0.012670994
0.004441738
0.004518270
0.004316330
0.004896879
0.004455090
0.019194126
0.010573387
0.005470991
0.004291296
0.007911921
0.005146503
0.004393101
0.020041704
0.004961729
0.004358292
0.009119987
0.007960796
0.005675554
0.005041838
0.007459164
0.004459858
0.005019426
0.007923365
0.006181717
0.006970167
0.009544134
0.009695053
0.004070997
0.004355192
0.010724306
0.003988743
0.005187273
0.004453421
0.004094124
0.004195213
0.007592678
0.005694389
0.009476423
0.007401466
0.004871607
0.004469156
0.007091999
0.004456043
0.009459257
0.009093761
0.004779100
0.004801989
0.004198074
0.006247759
0.006471634
0.005281925
0.004213095
0.067854404
0.006162882
0.004007339
0.005503416
0.005690098
0.010717630
0.005370855
0.009568691
0.009103775
0.006029606
0.004781961
0.007408381
0.007072687
0.005204916
0.004504681
0.005203247
0.004654169
0.004582882
0.004515409
0.005721807
0.005738258
0.005231857
0.008193970
0.004781008
0.011339188
0.004718542
0.004655123
0.004157782
0.004801035
0.004710913
0.004872322
0.004637718
0.004094601
0.005095005
0.003846884
0.004329443
0.014642000
0.004175901
0.003812075
0.004817009
0.004659653
0.004789352
0.003822803
0.007267237
0.009359360
0.008457899
0.222940207
0.003828287
0.006333113
0.098351002
0.007216454
0.009031296
0.004645824
0.005522490
0.010657072
0.007643223
0.007748365
0.010857821
0.010551691
0.004611015
0.003887415
0.004316807
0.004118919
0.006162643
0.010835886
0.051905394
0.003795862
0.012375593
0.006219387
0.007037878
0.008839369
0.004568815
0.004121065
0.004309893
0.069251060
0.004544497
0.005081177
0.078326225
0.007104158
0.007227898
0.007306814
0.003713846
0.008362770
0.006022215
0.006987810
0.006670475
0.005020380
0.027325392
0.005651712
0.004519701
0.006063223
0.006253242
0.005528688
0.010052204
0.012254000
0.006973028
0.006675720
0.006313801
0.005932093
0.008827925
0.019688129
0.004922867
0.004903793
0.004894972
0.007706165
0.005943775
0.006531715
0.014413834
0.004725218
0.004930019
0.004578114
0.004163980
0.004162550
0.007700920
0.006504774
0.004350424
0.008349895
0.006559849
0.004191637
0.004146814
0.019424915
0.005216122
0.004045486
0.086278677
0.004705429
0.005751848
0.005263090
0.011551380
0.011693478
0.005333662
0.009755850
0.004063845
0.005317688
0.004837513
0.004298449
0.008142948
0.005003214
0.004296780
0.004449606
0.004589796
0.006407261
0.004343033
0.004089594
0.009806871
0.015831709
0.004111767
0.005979300
0.021357536
0.015462875
0.004407167
0.004586697
0.003741026
0.003722191
0.006301165
0.011831999
0.008858919
0.010903597
0.008898258
0.003939629
0.004519939
0.004044056
0.003694773
0.004812002
0.007385731
0.015851498
0.004282236
0.012434483
0.004410505
0.004554987
0.004037380
0.003802776
0.003960371
0.003911257
0.006241083
0.003492832
0.012526512
0.016295195
0.004525900
0.006476879
0.007852793
0.005252361
0.003651142
0.004620314
0.004007578
0.004321814
0.003914118
0.005937338
0.005459070
0.004108667
0.004746199
0.006136417
0.011300087
0.007190943
0.005589962
0.004349709
0.005275726
0.015669107
0.004195213
0.011601925
0.004340887
0.005579472
0.004320621
0.005754471
0.004312277
0.004447937
0.007518530
0.008308172
0.020943880
0.008797407
0.005399466
0.003994703
0.004219294
0.005122900
0.004540205
0.013696909
0.005583048
0.004187822
0.004394293
0.005286932
0.003953457
0.007627010
0.004316330
0.004229307
0.004427195
0.017664909
0.008464813
0.226967335
0.004649401
0.006008387
0.098555088
0.116777420
0.003563404
0.006376982
0.026984692
0.016918421
0.008629322
0.007648230
0.004564047
0.004165649
0.004188299
0.004565954
0.005562067
0.012591124
0.004504681
0.004636765
0.005217791
0.004244804
0.014225721
0.004693747
0.004654169
0.004721642
0.004161119
0.006057024
0.004703045
0.005033731
0.004617929
0.004298925
0.004337788
0.004155636
0.005652428
0.013188839
0.048054695
0.015227318
0.024687290
0.004609346
0.004246235
0.004171610
0.005092382
0.012005568
0.004049778
0.010130882
0.005109072
0.005044937
0.004815102
0.004921436
0.009914875
0.009663820
0.003969193
0.004564524
0.031884909
0.004380703
0.005026817
0.004131556
0.004158258
0.005397558
0.005102634
0.007479668
0.004638910
0.004694462
0.004554749
0.017515659
0.011698246
0.005388737
0.012512684
0.004922390
0.004145622
0.004924059
0.005034208
0.005685806
0.004492044
0.004833460
0.079444885
0.004681826
0.007627010
0.004519224
0.004959822
0.004715919
0.004924536
0.004812479
0.004434824
0.005904675
0.012079000
0.004944324
0.210721970
0.102090836
0.004755974
0.005085707
0.011235714
0.012014151
0.009148359
0.003661871
0.013534307
0.004561901
0.007280588
0.004205942
0.004969120
0.004776001
0.003811359
0.005071878
0.035590172
0.004091024
0.004380941
0.004646063
0.004284382
0.003685951
0.006778479
0.004779100
0.004252672
0.007514000
0.004061937
0.006295919
0.004868984
0.006127596
0.007109165
0.005600214
0.005744934
0.016439438
0.007146120
0.005419493
0.005727530
0.005819082
0.008384466
0.099653721
0.004845381
0.010947466
0.016858339
0.005768299
0.004884958
0.007497549
0.009203434
0.005372286
0.018140793
0.007176638
0.005803108
0.005698681
0.006836176
0.009487867
0.005257130
0.007114410
0.006016254
0.006882429
0.039539576
0.011794806
0.010728836
0.006861925
0.004512310
0.011643648
0.007254839
0.004478693
0.005462885
0.004248857
0.004451513
0.005357504
0.005139828
0.005669355
0.004060268
0.004502535
0.008884668
0.004315376
0.004271269
0.004382133
0.004935265
0.004251003
0.005641222
0.004845619
0.004997253
0.005322695
0.109322548
0.010468483
0.008177757
0.005096436
0.005883455
0.004932642
0.005268574
0.004873753
0.005369425
0.005283833
0.006431818
0.005424500
0.004932642
0.004805803
0.006789446
0.016147137
0.006639481
0.004933119
0.006547928
0.006958485
0.008922338
0.005559921
0.013217449
0.023761034
0.005270004
0.004584789
0.004572392
0.005357504
0.007236958
0.005721331
0.005909443
0.005494595
0.004885197
0.004629850
0.006058216
0.005343676
0.004469156
0.010018587
0.027882099
0.005673409
0.004969597
0.004926920
0.006911278
0.005355835
0.003856421
0.004394293
0.006916761
0.005724192
0.004781961
0.004095554
0.004591703
0.004940510
0.004393339
0.006034613
0.010016203
0.005922318
0.004767656
0.004596472
0.004106760
0.008067846
0.005206823
0.004998207
0.004021645
0.005062342
0.006708622
0.004585266
0.065115213
0.008041620
0.032972097
0.005384922
0.004864693
0.005262136
0.004521132
0.004911184
0.003992319
0.010869503
0.004644394
0.004057169
0.005538940
0.008880377
0.006895065
0.013604164
0.019834518
0.005961895
0.005014181
0.004042625
0.004905939
0.004585981
0.007874012
0.004824162
0.005985498
0.003873587
0.008065224
0.005019903
0.005935669
0.005748749
0.004948378
0.005975485
0.005201101
0.006417274
0.007428408
0.006656408
0.004956484
0.006069183
0.004314423
0.004866362
0.004455805
0.014150858
0.004089355
0.004101276
0.006794453
0.004487991
0.010504723
