0.017143726
0.018182755
0.014075041
0.019890308
0.012176275
0.017585278
0.021375895
0.016582251
0.018938065
0.012083530
0.017777443
0.021117449
0.016270876
0.024036646
0.013227224
0.018151760
0.018172264
0.016595602
0.015917301
0.017049789
0.020633698
0.017660618
0.011327982
0.013438702
0.051966190
0.018084526
0.024401665
0.016126871
0.026869059
0.017393351
0.014739275
0.020153284
0.013557673
0.014527559
0.013250351
0.012203693
0.011090517
0.032598495
0.014686108
0.012986660
0.012076139
0.012274265
0.017519474
0.012294054
0.027418375
0.011604548
0.011934996
0.017925262
0.011949539
0.016131163
0.011834860
0.031294107
0.011458635
0.012166739
0.012329817
0.014584064
0.012066364
0.013299942
0.012364388
0.012580872
0.013533354
0.019983292
0.014659882
0.011895418
0.012445450
0.021758318
0.018145323
0.013009310
0.011281490
0.011547804
0.012669563
0.095027685
0.024374962
0.011372328
0.011983871
0.011502266
0.014676094
0.013638496
0.020153046
0.014212847
0.018040180
0.015497684
0.013640642
0.012299538
0.017795563
0.015403748
0.021534443
0.040860415
0.023350000
0.017738342
0.013336420
0.011770487
0.023848534
0.016981125
0.011341810
0.013601542
0.014108896
0.012798786
0.013844967
0.023861170
0.012494087
0.013646603
0.012054920
0.011680603
0.013733149
0.013673782
0.014522552
0.012836933
0.011322975
0.029197931
0.049293756
0.045201778
0.030303478
0.018297195
0.012628555
0.011871815
0.021444321
0.025535345
0.014059067
0.015249491
0.012704611
0.014158487
0.011515379
0.015100479
0.014957666
0.018155098
0.012607574
0.030224800
0.023277521
0.016507149
0.014018297
0.011129141
0.014170885
0.016879559
0.013574362
0.014796257
0.013083220
0.019298077
0.016274214
0.026808977
0.013152599
0.015532970
0.014407635
0.015291452
0.011265039
0.014940739
0.012148380
0.012106180
0.012898207
0.019093513
0.012386322
0.016817093
0.013330460
0.013136864
0.015480757
0.012028217
0.020833015
0.023321390
0.037932396
0.011883974
0.011426210
0.012842894
0.011556625
0.015282631
0.021366358
0.013835907
0.026282549
0.017083883
0.012581110
0.025673389
0.019793987
0.016435146
0.012242794
0.017941475
0.015820503
0.018208981
0.014572144
0.014016390
0.014744043
0.014559031
0.016387224
0.014759541
0.014223099
0.013361216
0.012090683
0.015090466
0.014686108
0.012118816
0.011366606
0.010860443
0.013582945
0.012599468
0.011359453
0.011430740
0.011437416
0.015189886
0.014335871
0.030024529
0.017654181
0.019716263
0.016747713
0.015945435
0.011642933
0.013958693
0.020225286
0.021666527
0.014394760
0.011857033
0.012765646
0.012247562
0.014620781
0.011375427
0.012306929
0.012520790
0.031116724
0.015293360
0.014659643
0.012748003
0.015295029
0.068796635
0.012592554
0.015341043
0.011453629
0.012299538
0.013596058
0.015422821
0.014242887
0.020500183
0.013869524
0.015993595
0.016460180
0.013525963
0.017603874
0.015176535
0.013709307
0.017940044
0.040546894
0.014925718
0.022243023
0.028298616
0.024185896
0.016360760
0.011131048
0.013926029
0.016845703
0.013764620
0.018371582
0.016036034
0.017282963
0.016410351
0.015873194
0.018757582
0.014961720
0.014309168
0.011806726
0.013839722
0.014823914
0.013441563
0.011714458
0.014561892
0.011704922
0.013743877
0.016859770
0.012105227
0.011683464
0.013961077
0.011226177
0.207595825
0.011546612
0.013089895
0.012454748
0.089738131
0.016656160
0.016752720
0.020099640
0.030516386
0.011163950
0.013367891
0.013078690
0.013368368
0.042464495
0.036852360
0.017427444
0.059698582
0.012080193
0.017719746
0.017055273
0.014632463
0.011891127
0.017669201
0.014860392
0.017544746
0.018018723
0.016094923
0.016618729
0.022402287
0.012616396
0.011684895
0.021036148
0.012153864
0.018100739
0.014174461
0.015109777
0.016209364
0.014819860
0.016211748
0.015769243
0.014518976
0.026033163
0.012270689
0.014614105
0.022789717
0.017582178
0.015822172
0.013518333
0.012216330
0.028323412
0.019745350
0.014786959
0.022163391
0.026173115
0.035719395
0.020732641
0.015275955
0.016521215
0.015876055
0.015264988
0.023400784
0.012702465
0.013500690
0.014024019
0.012123346
0.012602568
0.013304234
0.016636372
0.016050816
0.012037992
0.011439085
0.014505386
0.017466784
0.028034687
0.015128374
0.013627291
0.013768673
0.018015623
0.011230707
0.019380569
0.015228987
0.014069319
0.014052629
0.012711763
0.015003443
0.011605978
0.016402721
0.011843681
0.047103405
0.012877464
0.014081240
0.019376993
0.017987967
0.026854992
0.035064936
0.040544271
0.020195723
0.017548800
0.012574434
0.033510923
0.013769388
0.016194820
0.020078182
0.011659384
0.036666155
0.021673679
0.014754295
0.034876347
0.014293671
0.012104034
0.011451960
0.011336088
0.014986992
0.014752865
0.014642954
0.017182350
0.017279863
0.015409231
0.011495829
0.015257120
0.025317669
0.015012503
0.016244173
0.012969971
0.011349440
0.014092445
0.017172575
0.012059212
0.015508175
0.015804052
0.018902063
0.017663717
0.016167879
0.012159824
0.014742136
0.015953064
0.022062778
0.017989159
0.027135849
0.025957823
0.013477564
0.011957407
0.015018702
0.014567614
0.027475357
0.025243998
0.014870882
0.014175892
0.030446053
0.012619972
0.012866974
0.012129545
0.012923479
0.011977434
0.014212608
0.014770985
0.016077042
0.013791084
0.015345812
0.015296698
0.015602827
0.020972490
0.013114929
0.011229992
0.014076948
0.013286829
0.012893438
0.011540651
0.012396574
0.012075424
0.013013601
0.016314745
0.013824224
0.015039206
0.021429300
0.015527725
0.044455051
0.012583017
0.022828579
0.020293951
0.013023615
0.013260841
0.011949539
0.013371706
0.013216496
0.012947321
0.013504267
0.017655611
0.011815071
0.011194468
0.025790453
0.012283325
0.032153368
0.018686056
0.015717745
0.013043165
0.014822006
0.016124964
0.014954805
0.014474630
0.030423641
0.031232357
0.018770218
0.029354095
0.023044586
0.023582697
0.017521858
0.016836882
0.017509937
0.015907764
0.035450459
0.034662008
0.025475025
0.026071072
0.022106886
0.013969898
0.011464357
0.038139343
0.015528202
0.011633635
0.011987686
0.012067318
0.027359962
0.031195641
0.015732527
0.011252403
0.011601925
0.011401653
0.011642456
0.011770964
0.012015581
0.011409998
0.012336016
0.013279200
0.018636465
0.015376329
0.014070034
0.012616873
0.019083977
0.011895418
0.012786150
0.013029099
0.012971640
0.012926817
0.013440847
0.017296314
0.013557911
0.019300938
0.014271975
0.012614965
0.023114204
0.016945362
0.022491932
0.013703823
0.015835524
0.014374018
0.027669668
0.018915892
0.014044046
0.015483141
0.016112804
0.016046286
0.014654398
0.017975092
0.013099670
0.015148401
0.023516655
0.013205290
0.024302006
0.013304710
0.011479616
0.011471033
0.011997700
0.011940002
0.011578560
0.011330366
0.082342386
0.021408081
0.012556314
0.011821508
0.020832777
0.020580053
0.016646862
0.021106482
0.016674280
0.018613577
0.038743973
0.011555672
0.013199091
0.012121201
0.011745930
0.013041735
0.011643171
0.011713028
0.012146711
0.011100531
0.017142534
0.014898777
0.013953209
0.023236752
0.029481888
0.013538361
0.014855385
0.018188477
0.015082121
0.012785196
0.011217833
0.016836166
0.014964342
0.028059959
0.017113924
0.011376143
0.030320883
0.011620045
0.013587952
0.018703699
0.018132210
0.017371893
0.011522770
0.014807224
0.016314983
0.015383005
0.014556885
0.010886431
0.014567137
0.023047447
0.014113188
0.013151407
0.013796568
0.031028271
0.037580252
0.016237020
0.012412071
