0.232581854
0.062311172
0.065966129
0.023669243
0.048826694
0.030030966
0.028685331
0.039517164
0.078387260
0.036669254
0.069840670
0.029156923
0.031650066
0.031531811
0.029260635
0.028496265
0.045165062
0.037177563
0.025235176
0.038231134
0.026531696
0.035035372
0.028491020
0.037614584
0.036342621
0.035457373
0.025220394
0.032331705
0.055987358
0.042593956
0.024580956
0.032528877
0.035927773
0.026153803
0.023474455
0.024503708
0.030960321
0.027014971
0.026981115
0.025215387
0.029915810
0.029558420
0.029544592
0.035230160
0.022192955
0.023664951
0.023166656
0.041121006
0.030830860
0.026357651
0.027769566
0.032197952
0.059922695
0.040958643
0.048120499
0.044337273
0.028538942
0.036952019
0.025863647
0.045880079
0.025175095
0.026017666
0.023119450
0.022700310
0.025293350
0.050741196
0.065360546
0.052345753
0.024588346
0.021988392
0.026485920
0.024932146
0.025393248
0.022093534
0.040278912
0.058253765
0.037477493
0.028139353
0.042908669
0.022513390
0.035430908
0.034554958
0.040956736
0.022512436
0.033070803
0.031804323
0.040486097
0.078714609
0.035063505
0.029570341
0.041326523
0.025408506
0.028048038
0.021453857
0.024917364
0.026019096
0.045204878
0.026147127
0.043400526
0.040267467
0.036731243
0.039005518
0.026474714
0.050009727
0.059583426
0.022876978
0.042260647
0.029943228
0.033239841
0.031079769
0.049190283
0.026585340
0.040200949
0.025906563
0.033163548
0.033954144
0.062667608
0.030728102
0.067534685
0.081731558
0.070569515
0.034252167
0.030732632
0.052948952
0.044010401
0.045812368
0.055591583
0.056173563
0.042541265
0.021871567
0.033798218
0.046574831
0.038993120
0.043504715
0.039303064
0.047069788
0.038111448
0.055447102
0.030478477
0.038536072
0.031153202
0.023758173
0.032331944
0.053239584
0.032939911
0.031932354
0.041510582
0.021787405
0.021820307
0.025236845
0.028220654
0.032188416
0.054512501
0.032763004
0.033133268
0.024766445
0.030457020
0.030786276
0.059344053
0.027661324
0.027293921
0.024367332
0.049241781
0.023468733
0.023524523
0.032571793
0.035669565
0.050219774
0.051625729
0.058080196
0.058016539
0.027803898
0.026020527
0.024777651
0.044405222
0.030082464
0.047280073
0.035760403
0.035300493
0.022380352
0.055425644
0.040237904
0.029234171
0.032662153
0.039808989
0.023712397
0.039378881
0.035205841
0.039132357
0.023492098
0.035852194
0.064467669
0.030697584
0.022789955
0.024518251
0.030331612
0.038427353
0.022275925
0.023113728
0.061914682
0.033598185
0.033109665
0.023338318
0.038989067
0.035177469
0.032862186
0.059596300
0.045915127
0.043060541
0.038072109
0.028305769
0.032394886
0.041176796
0.024173975
0.077664852
0.028679609
0.039393902
0.035087109
0.023991346
0.043550253
0.047503233
0.027605772
0.047871590
0.025005341
0.029191017
0.046061039
0.046257496
0.051619530
0.041459560
0.047266006
0.052767992
0.040706158
0.039738894
0.028663635
0.031909704
0.039212465
0.025005817
0.035593987
0.035622835
0.027940035
0.030451298
0.026646137
0.029395342
0.030252934
0.025909185
0.036529303
0.029799700
0.069970846
0.034877777
0.053320885
0.025865793
0.025207520
0.051243782
0.047736406
0.024460793
0.021516800
0.022189617
0.021413565
0.026937246
0.063133717
0.038963079
0.039748907
0.047497749
0.025852680
0.024774313
0.044966698
0.041975260
0.021922112
0.035255432
0.023959875
0.033981323
0.037861586
0.023621798
0.025905848
0.021698475
0.024590969
0.034303665
0.022576094
0.039720058
0.033787966
0.029862642
0.040558338
0.036769867
0.041039467
0.056556463
0.024869442
0.042213917
0.027861357
0.050289631
0.026463747
0.040087461
0.024364471
0.050126076
0.022771358
0.025187254
0.034039259
0.028301477
0.044777155
0.032216072
0.030787706
0.021526337
0.025354624
0.054959536
0.038983583
0.045168638
0.043770790
0.043720484
0.029066324
0.034237385
0.059455872
0.059777737
0.067858458
0.053215981
0.040006638
0.062193871
0.029878139
0.026694536
0.026734591
0.045901299
0.026721716
0.038232565
0.021928072
0.031904697
0.080228090
0.045407295
0.040344477
0.032684088
0.038767099
0.027146101
0.059775591
0.024541140
0.042876482
0.069881678
0.032001019
0.039636135
0.026728630
0.022828817
0.024344683
0.032368898
0.070660353
0.045837879
0.024557829
0.034049988
0.029143333
0.043624878
0.079465866
0.046388865
0.028101206
0.055097818
0.038850307
0.033991098
0.024846792
0.027771950
0.036852598
0.046381235
0.037109852
0.024736166
0.041337967
0.021829128
0.027025461
0.037796736
0.025937796
0.031705141
0.026777983
0.023119211
0.031690121
0.022575140
0.029867172
0.042215824
0.023964405
0.045714140
0.093854904
0.041127443
0.033128500
0.022904396
0.027487516
0.034560680
0.077453613
0.034009457
0.028663397
0.055896759
0.027300358
0.047991514
0.025403023
0.032127619
0.022685766
0.024045229
0.023291588
0.024687529
0.031838655
0.022883177
0.041174412
0.025710344
0.029232025
0.042792559
0.023442507
0.040606499
0.036786079
0.044389248
0.034539461
0.046663523
0.062660456
0.042576790
0.040178776
0.034549952
0.039798498
0.075705290
0.060835123
0.038699865
0.099696636
0.057526588
0.063153028
0.065009356
0.068197012
0.022886992
0.023232937
0.033670187
0.040425539
0.045014143
0.042888880
0.056724787
0.031517982
0.036236048
0.027271986
0.037042856
0.028113842
0.022772789
0.031073570
0.024235010
0.022743464
0.047980309
0.026528835
0.033193350
0.034860373
0.034278154
0.022394419
0.030294418
0.041617393
0.091630220
0.095278025
0.061406136
0.048614979
0.021915197
0.022957563
0.031967878
0.030334949
0.028148890
0.027462959
0.066830635
0.034243107
0.023072243
0.049092054
0.050982475
0.022369623
0.024471998
0.023465872
0.047070742
0.060354471
0.060821772
0.062776566
0.079028368
0.028976679
0.021597385
0.043157578
0.031589031
0.024625778
0.033102751
0.045722008
0.056518555
0.096322775
0.123039722
0.069527626
0.029901981
0.031892538
0.026468039
0.034938097
0.024115801
0.040710926
0.030395985
0.039774179
0.031736135
0.030622721
0.063881397
0.023189068
0.039743900
0.027282953
0.027472019
0.021862984
0.026754141
0.039226055
0.042847633
0.052119493
0.029009819
0.027384758
0.039646387
0.027019501
0.046904802
0.055781126
0.046784163
0.038585663
0.039214849
0.064162731
0.031223536
0.024677038
0.043827057
0.026517153
0.040189266
0.023007393
0.021686316
0.022015810
0.027387619
0.040090322
0.022202253
0.025233746
0.021645546
0.039238691
0.023024797
0.025908947
0.023865461
0.043418169
0.049037218
0.034276009
0.022344589
0.032840729
0.029139280
0.034153700
0.044317245
0.022127628
0.058876038
0.042305708
0.066522837
0.046942234
0.061450720
0.044272661
0.034377337
0.030057907
0.028989077
0.045179605
0.025040865
0.032827854
0.023914576
0.027453423
0.033678770
0.022780180
0.035011530
0.022444248
0.038302898
0.026409388
0.023160458
0.036938190
0.040999413
0.023448467
0.034943342
0.033660650
0.040436745
0.036425352
0.050487995
0.035979986
0.051905155
0.054837704
0.071933031
0.082801580
0.037531137
0.039382935
0.039078474
0.031458616
0.022706747
0.022922039
0.039238691
0.052269220
0.037163734
0.028384686
0.022124052
0.027420521
0.036621571
0.035963535
0.032377005
0.033520937
0.055575132
0.052082062
0.052172184
0.058377504
0.026980877
0.032190084
0.036095381
0.032200575
0.022474766
0.062656403
0.038835049
0.039621115
0.040437937
0.070376158
0.039443731
0.035743713
0.050194025
0.036200285
0.023033142
0.021434307
0.025498390
0.023156643
