0.054702520
0.001848936
0.207588673
0.102079630
0.001366615
0.001176596
0.001382828
0.001981497
0.001238585
0.001268864
0.001394272
0.001866579
0.001379967
0.011880398
0.001392841
0.001386881
0.001224995
0.001456022
0.006553173
0.012270451
0.003031254
0.001454592
0.001274109
0.001247883
0.002370834
0.001472235
0.016894579
0.001677752
0.001212835
0.002125740
0.001257420
0.016231298
0.001155138
0.001281500
0.001208067
0.001202822
0.001241684
0.001251459
0.001215935
0.001183033
0.002584457
0.001229286
0.001406670
0.001336098
0.001562834
0.003368855
0.006312847
0.013334036
0.005151272
0.001382828
0.002192974
0.001599073
0.001538038
0.082049608
0.007515669
0.005782604
0.089755058
0.004644394
0.001250982
0.001478910
0.001295567
0.001519203
0.001529932
0.130519390
0.002107620
0.001513004
0.001379251
0.001581907
0.001328945
0.025906801
0.001518965
0.001274824
0.001511097
0.027936220
0.001518011
0.001598358
0.035895824
0.002463102
0.040534973
0.001264334
0.001539230
0.001560450
0.001552343
0.001584768
0.003883362
0.001366854
0.001395941
0.062027931
0.001155138
0.001393795
0.001366138
0.001268148
0.001392365
0.001466513
0.001422167
0.001375914
0.001389742
0.001423597
0.001281977
0.001387596
0.026870489
0.001181126
0.001387835
0.001394033
0.001242876
0.001387835
0.208503962
0.204592943
0.206462622
0.204824209
0.001726389
0.008733273
0.007920504
0.003344774
0.002014875
0.001467228
0.001388788
0.001253843
0.001397610
0.001874447
0.001382589
0.001436234
0.001484871
0.001394987
0.001412153
0.039304018
0.001206160
0.001241207
0.001473904
0.001293898
0.001460075
0.058740139
0.005352736
0.004263878
0.001262903
0.001238346
0.001219988
0.002713919
0.002159357
0.003798008
0.009384871
0.001265049
0.080706358
0.004925251
0.001514435
0.087829113
0.001145601
0.001405954
0.001547813
0.001244068
0.001261711
0.001208782
0.001201630
0.001253843
0.001211643
0.100795746
0.001387596
0.001254559
0.001631737
0.001283407
0.001301050
0.001547813
0.003055811
0.036658764
0.001261234
0.001502752
0.001181602
0.001436472
0.042483330
0.002477884
0.053349733
0.001196861
0.001200438
0.001197577
0.054316998
0.001391172
0.001272202
0.001373529
0.001269102
0.001731396
0.001381159
0.001403332
0.001639128
0.001403093
0.078334570
0.001376867
0.001688242
0.001575947
0.001535416
0.001812220
0.092855453
0.001204491
0.098387241
0.004858971
0.001459599
0.006821871
0.001521111
0.003371477
0.002168894
0.021921635
0.009436607
0.011217117
0.001582146
0.001616001
0.024387598
0.001457930
0.001594782
0.001472712
0.001383781
0.001558542
0.001514673
0.001697302
0.001387835
0.051868200
0.001452923
0.001382828
0.001188517
0.001299858
0.001397133
0.001236677
0.001239061
0.006571770
0.001801729
0.001279593
0.001910686
0.001270533
0.001252174
0.004797220
0.001351118
0.001423836
0.018740416
0.001310825
0.094351768
0.001127005
0.096134663
0.001140118
0.001863241
0.001288414
0.001307249
0.001469135
0.001492977
0.006220818
0.001228571
0.001413345
0.001409769
0.001235247
0.017776966
0.001435041
0.001422644
0.006537199
0.005161047
0.001205206
0.001262426
0.001287460
0.042493820
0.001391649
0.004601955
0.007678986
0.004544020
0.004705191
0.001476049
0.001403809
0.001395702
0.001387119
0.001389027
0.001386642
0.001395464
0.001388550
0.075986862
0.001225710
0.001283646
0.001797438
0.001219988
0.001312256
0.001473665
0.003847361
0.001147985
0.001478195
0.001492739
0.007224560
0.007810116
0.001219034
0.001178503
0.001193285
0.001205206
0.018860579
0.001246214
0.001390219
0.030086517
0.010334730
0.001623631
0.001384497
0.001381636
0.001397133
0.001386166
0.001421928
0.001383066
0.001460791
0.001389027
0.047381401
0.001471996
0.001649141
0.001385450
0.001509666
0.066258430
0.016938210
0.001390457
0.001658440
0.001701355
0.001684189
0.074822903
0.006872892
0.001463175
0.001606941
0.001740932
0.001433372
0.088670492
0.001527786
0.001556396
0.001685143
0.006068945
0.008117914
0.001510620
0.002134800
0.001399279
0.001244783
0.001884699
0.001344442
0.001731157
0.018809319
0.001393318
0.001526833
0.001235008
0.001221895
0.001587629
0.001542330
0.019083023
0.001415491
0.001419544
0.001253605
0.001411676
0.047226429
0.001412868
0.001255751
0.001437426
0.001252413
0.001404047
0.059803247
0.001216888
0.001460791
0.011774063
0.007450104
0.005061626
0.001389027
0.001382351
0.001394272
0.001561165
0.011611700
0.001386881
0.001387119
0.001388073
0.001381159
0.001244068
0.098941088
0.001255989
0.001395226
0.001235247
0.003525734
0.007325649
0.001396418
0.001383781
0.001385689
0.001329899
0.001328468
0.023090363
0.001286983
0.001329184
0.234766960
0.205968380
0.204506636
0.203997135
0.112207413
0.017638683
0.001452684
0.001415253
0.001754761
0.001503944
0.001732826
0.001399994
0.009607553
0.001456738
0.001423836
0.001384258
0.003421545
0.004431486
0.001340866
0.001390457
0.001502037
0.001409531
0.011163473
0.001424789
0.001359701
0.060198069
0.001458168
0.001875162
0.001589775
0.001594782
0.001514912
0.001569271
0.070459604
0.001692057
0.002572536
0.001515150
0.001541138
0.082946062
0.001510620
0.001555204
0.001569510
0.001582861
0.001593351
0.096908569
0.001171589
0.001305103
0.001711130
0.001301289
0.001314640
0.013398886
0.001340151
0.001333475
0.017398119
0.001242638
0.001386404
0.002361536
0.001316786
0.001354694
0.002294302
0.033158779
0.008668661
0.011121988
0.001250982
0.001251459
0.045343399
0.001243353
0.001250267
0.001242161
0.056053400
0.001293421
0.001701593
0.001825571
0.001584291
0.001553535
0.001564264
0.007202148
0.001715660
0.001601696
0.080174923
0.001791716
0.001533747
0.087062359
0.001584291
0.001574993
0.001803398
0.001616001
0.098481178
0.001453400
0.001515150
0.005446911
0.001881838
0.001553535
0.017524004
0.001666307
0.001892805
0.003886223
0.224409819
0.102271318
0.001588821
0.001536846
0.001464844
0.001544476
0.001614332
0.001575232
0.018862724
0.001774311
0.001732826
0.002726078
0.034801245
0.013389587
0.001868010
0.001533747
0.001719475
0.001588821
0.042797565
0.001556396
0.001582861
0.051959991
0.004147291
0.001496553
0.001595497
0.001746893
0.063949347
0.001447201
0.066909552
0.001509428
0.001496553
0.001789808
0.001577377
0.001724720
0.001635313
0.001567602
0.001794338
0.001357555
0.001520157
0.095567465
0.007783413
0.002056122
0.001510859
0.007252455
0.002208233
0.001553297
0.002895832
0.001642227
0.001388550
0.001474380
0.025997877
0.003782988
0.001422167
0.001425028
0.001429319
0.001418591
0.001450539
0.009039402
0.036313057
0.001473188
0.001451254
0.001349926
0.001686335
0.001433611
0.001487970
0.001549482
0.001713753
0.005601645
0.006962538
0.004559278
0.001538515
0.001543999
0.001568556
0.072054863
0.001297712
0.282438755
0.204583168
0.204517841
0.205617905
0.204034328
0.102360725
0.005146265
0.007263660
0.001488924
0.001803160
0.002122164
0.001391411
0.001466751
0.001399279
0.001380444
0.002470493
0.001964569
0.004918814
0.004082441
0.001298904
0.001336098
0.001275301
0.001275301
0.001251221
0.001271963
0.001265526
0.001213551
0.001247406
0.001641512
0.017576456
0.001177788
0.001280785
0.001451731
0.001304626
0.001457691
0.012796402
0.013253450
0.012834787
0.001445532
0.001251936
0.001594067
0.001449585
0.001447916
0.001540184
0.001452684
0.012017488
0.007496834
0.014269590
0.001805305
0.001385689
0.001471281
0.002610445
