0.169673920
0.164785147
0.177420855
0.201776981
0.199133635
0.250550032
0.277629614
0.223272800
0.248502970
0.134223461
0.237603903
0.241883993
0.170991898
0.178077221
0.175847530
0.229321480
0.158601284
0.145147562
0.284773350
0.368321657
0.351330042
0.188517332
0.217205048
0.273712397
0.278383017
0.202412605
0.294522762
0.273497343
0.219578505
0.149929762
0.188574314
0.179028273
0.178449869
0.183410645
0.192666769
0.161246300
0.159406424
0.162185669
0.275603771
0.227561951
0.223502874
0.174449682
0.187727213
0.130626678
0.150455475
0.191524982
0.164955854
0.168172121
0.159907103
0.148999929
0.149461269
0.162609816
0.203738928
0.198264360
0.228693962
0.259779692
0.156482458
0.145414829
0.180285692
0.238006830
0.175393581
0.193475485
0.229195356
0.287205935
18.108245611
0.160717964
1.864464760
0.214966774
0.225724936
0.170243740
0.221769571
0.220587969
0.224047422
0.723707438
0.225032568
0.145721436
0.189410925
0.144304276
0.178880453
0.230172157
0.232754707
0.276842833
0.239101887
0.293817282
0.226451874
0.277020931
0.227068424
0.170526743
0.209117651
0.160286903
0.133212566
0.243362427
0.237404823
0.199697256
0.214588642
0.298171520
3.753182411
0.125730991
0.131500006
0.155060768
0.180284262
0.319355965
0.122550011
0.176156044
0.341361523
16.269630432
4.140402317
6.038544178
0.123266220
0.173453331
0.257624388
0.219714642
0.288599253
0.190274477
0.171380281
0.165047646
0.187807322
0.153612137
0.160558701
0.173309565
0.145482540
0.187072754
0.148222446
0.159482002
0.198617220
0.195054531
0.222168684
0.279662848
0.207314253
0.253895521
0.202228069
0.437142372
0.195341349
0.213110447
0.184202194
0.166151047
0.255230188
0.201903820
0.183002949
0.217344522
0.245418072
0.237479448
0.181776285
0.228850842
0.144211531
0.161740303
0.208923817
12.249646425
0.121287584
0.115261555
0.141062021
0.231560946
3.501086473
0.184813738
0.278846025
3.615782261
8.106478691
0.141857862
0.184886217
0.175115108
0.172480822
0.164864302
0.270789146
0.174194336
0.219850540
0.165448427
0.175428867
0.256384850
0.253084898
0.181787968
0.177728415
0.169528484
0.267758369
0.220567942
0.183264971
0.181705713
0.253019333
0.157245398
0.154850721
0.272287369
0.193597078
0.177455664
0.209563494
0.167196512
0.178256273
0.191170216
12.479554176
0.194098234
0.166809082
0.232398748
0.157161236
0.118712664
0.204898119
0.383113861
2.538416147
10.213297844
0.100322008
0.103699207
0.180578470
0.244877577
0.231388092
1.122899055
0.142190218
1.925792694
14.292245150
0.131894588
0.106786728
0.165790558
0.202364206
0.185852528
0.186614513
0.203606129
0.196276665
0.159467220
0.268411398
0.248674631
0.168237686
0.264046669
0.178521872
0.191374540
0.158172607
0.262374878
0.203311682
0.167259216
0.197271347
0.174030542
0.188071728
0.241062641
9.729363441
0.132620573
0.135520935
0.237774611
0.282596827
2.320010900
0.160451174
0.194073677
0.136330128
0.181105852
0.166316748
0.163036823
0.245862484
0.208810329
0.248281956
0.324845791
0.226669788
0.172275782
0.175819159
0.198291063
0.217264175
14.215827942
0.111213207
1.804094076
0.111672640
0.162873745
0.261303425
0.214417696
0.187130690
0.341983557
0.240457773
0.161725998
0.176972866
0.178246498
0.132322311
0.253593683
0.230602264
0.285619974
0.347096682
0.208216190
0.199645042
0.261526823
0.196082354
0.263896942
5.723331928
0.141029835
9.514114141
0.108280420
0.105771303
0.168806314
0.203489542
0.152678967
0.127167940
0.201501369
0.175346851
0.157147884
0.208478689
0.181292295
0.187370777
0.207113981
0.171493530
0.116243601
0.324391127
0.204910994
0.380027294
0.141314268
0.142544031
0.180685043
0.227017641
0.163898706
0.160633087
0.221869469
0.161648035
0.213140249
0.202301264
0.167555094
0.273411751
2.843209743
6.124858379
0.157423019
0.143460751
0.184307098
0.246130943
0.167373180
0.174326658
0.168219090
0.258941412
0.175098658
4.332171917
0.126721621
0.151300907
0.287160635
0.255845308
0.356200933
0.254387617
14.845807076
0.123069286
0.132366419
0.158462286
0.202491999
0.186313868
0.232747555
0.204387665
0.208625078
0.197446823
0.155664206
0.200568914
0.198661327
0.194052219
0.185610056
0.270895958
0.193690538
0.236315489
0.202275753
0.197944641
0.227533817
0.190349817
0.172936678
0.151998043
0.148742914
0.132052422
0.210089922
0.319266796
0.163163900
0.127293825
0.223888636
0.196227551
0.220042467
0.187999725
0.189313650
0.215075731
0.193899155
0.221443892
0.134725332
0.100348949
0.198430061
0.254403353
0.253856182
0.145792961
0.169111252
0.240440369
0.261357069
0.184242487
0.190291882
0.181659698
0.204124928
0.178482771
0.132682800
0.208297253
0.142945051
0.149062634
0.257897139
0.212717772
0.212554932
0.248598337
0.236381531
0.128288269
0.125284433
0.285584688
0.141069889
0.100754976
0.261661530
0.208471298
0.202648640
0.209042072
0.170780659
0.191805124
0.213502884
0.383497477
0.144929409
0.113734484
0.204998732
0.303569794
0.766695976
0.142092466
0.114037991
0.319710732
0.140348196
0.145591021
0.213916540
0.169592857
0.155239820
0.275370121
0.244820118
0.215728998
0.222441435
0.200950861
23.949088097
0.290672302
1.699356556
0.114408255
0.160182238
1.613887787
0.140922546
0.116973877
0.256199598
0.179795027
3.280734062
0.106434107
0.138840914
0.251728058
5.578049898
16.429227591
0.173162937
0.292168617
0.122124434
0.171622515
0.120475054
0.162532091
0.258660316
0.198369741
0.226739407
0.187822104
0.159360170
0.135073423
0.199380159
0.234734535
0.217305660
0.208853960
0.252866507
0.214033604
0.189190865
0.231515884
0.224579096
0.180737495
0.198305845
0.253003359
0.260972261
0.217656374
0.241326094
0.383958578
0.162043095
0.198128223
0.257392645
0.177438736
0.166875839
3.163669348
0.265138149
18.036819935
6.225784063
0.260510445
1.807198763
0.154643297
0.123631716
0.204425812
0.232040405
0.186400652
0.123279810
0.097971201
0.224846840
0.140463114
0.191028118
0.209841490
0.248879194
0.312663794
1.445215702
0.215379000
0.187505245
0.178126812
3.477058411
0.164005995
0.146394253
0.150475979
0.198169947
0.197179794
0.192282438
0.173340321
0.180983782
0.190783501
10.637077808
0.283801317
1.695571661
6.224553347
6.122774839
0.174756289
0.212971449
0.313229322
0.225344181
0.321276426
0.192613125
0.294236422
0.262588739
4.164423704
10.166957378
12.226717234
0.121308088
1.924170494
0.180752993
1.863165379
0.167449951
0.347552538
0.298514843
0.133383512
0.296713591
0.193592787
0.199231625
0.230871201
0.288573980
0.193316221
0.217171192
0.283914328
0.181054115
0.159264326
0.194909334
0.226075649
0.196203947
0.163141489
0.135466337
0.219667912
0.251425266
0.131404638
0.177788019
0.176152468
0.227249146
0.164728880
0.115687847
0.203938961
0.203179836
0.197650194
0.212532282
0.225041628
0.257962942
0.161703587
0.133002758
0.123105049
0.203132868
0.204602480
0.122186899
0.217446089
0.302920580
0.293581724
13.635609388
6.166870117
10.210397005
0.159000635
0.191267252
0.196827173
0.216202259
1.174267530
4.242550850
0.269445419
0.257028580
0.224835396
0.281746864
13.170308352
0.161326647
3.915369511
0.147788525
0.180279255
7.784726381
0.141710043
0.101980686
0.194294453
0.206834555
0.213455915
0.182449341
0.176160336
0.161216497
0.206045389
0.151237488
0.121999025
0.215358257
0.180015087
0.181058884
0.115312815
0.153479099
0.236513853
3.085768223
0.191751719
0.168754816
0.227260590
0.186352253
