0.001596451
0.001811743
0.001975298
0.001763105
0.001626968
0.001721621
0.003264666
0.001753569
0.037477255
0.011412382
0.001809597
0.001610756
0.001738310
0.001608372
0.001647234
0.001651049
0.050476551
0.001634359
0.001679420
0.001692772
0.001945257
0.001618624
0.001605988
0.003525257
0.007070065
0.006614685
0.007658482
0.005422592
0.001726389
0.001602411
0.001770973
0.001780033
0.001666784
0.001753807
0.094131947
0.001708984
0.002130985
0.204677343
0.202971220
0.001757622
0.001752138
0.015086412
0.001650095
0.001642942
0.001721859
0.002156019
0.001968145
0.001680851
0.001683474
0.001638889
0.005504847
0.007615805
0.010762691
0.005414486
0.005759954
0.002593756
0.002270937
0.001652718
0.001723051
0.001730442
0.001826048
0.001679897
0.007455111
0.001657248
0.002074480
0.072782040
0.006975174
0.001650095
0.001650095
0.001436234
0.001503468
0.007896662
0.001446962
0.001607656
0.001522303
0.001647472
0.001799107
0.001694202
0.001747370
0.100339890
0.010689497
0.002340555
0.208905220
0.204448938
0.206374168
0.204477310
0.001883507
0.001639843
0.213893652
0.001877785
0.205710411
0.204353809
0.101099730
0.002648592
0.001560688
0.001435995
0.001545429
0.001579523
0.007855892
0.002140760
0.001558542
0.025653839
0.004183292
0.001559496
0.001561880
0.001512289
0.001804590
0.001489401
0.001490355
0.001597643
0.005579233
0.001523495
0.001498699
0.001497984
0.001518965
0.001562595
0.059402943
0.008324385
0.001553774
0.008429766
0.001677275
0.001801729
0.277253628
0.001816750
0.103665113
0.001766920
0.001744986
0.001786470
0.019425154
0.005493879
0.001736641
0.001786709
0.001763105
0.002106905
0.001866102
0.001780748
0.001809359
0.001766205
0.001790762
0.001776695
0.001774073
0.002174377
0.001618862
0.051906824
0.010055780
0.004604816
0.001781702
0.001786470
0.001782179
0.065284252
0.001738310
0.001797915
0.001852989
0.001806259
0.005644798
0.001851082
0.001526594
0.088119984
0.007826805
0.001750469
0.001580000
0.001711845
0.001977921
0.001672268
0.001566172
0.001613379
0.002256393
0.001743078
0.001592398
0.001876354
0.001569748
0.015856266
0.010407448
0.007532835
0.001641035
0.008057356
0.001998425
0.036551476
0.001952648
0.001733065
0.001772881
0.001699924
0.001792192
0.005519152
0.001795530
0.001823664
0.001773119
0.054937840
0.005343199
0.005939007
0.001723289
0.001951933
0.001816750
0.001800537
0.001887798
0.001863718
0.001757145
0.001916885
0.001746178
0.002766609
0.001749277
0.002358675
0.097770214
0.011754274
0.005535364
0.001733303
0.102870464
0.007148266
0.010195017
0.001825333
0.001878023
0.001846552
0.001846313
0.018585205
0.003680229
0.001445293
0.001942396
0.024945021
0.001917362
0.005304813
0.001566172
0.001452923
0.001609564
0.001471043
0.001738787
0.001825809
0.001876593
0.003028631
0.001890898
0.001787424
0.003681660
0.001840830
0.003584862
0.005462408
0.008772373
0.008564234
0.015641928
0.003903389
0.001712799
0.076061249
0.001740456
0.001811981
0.001899481
0.086237192
0.001733303
0.008639336
0.013944387
0.002793074
0.010695934
0.001816511
0.002398729
0.003042936
0.001734495
0.001713991
0.001724482
0.002049685
0.001651764
0.003309727
0.001714945
0.001928806
0.001740694
0.026756763
0.001631498
0.035684586
0.005070686
0.001717806
0.038805485
0.004985809
0.006777287
0.001704454
0.002022743
0.052245855
0.001724958
0.001713991
0.001932859
0.060238361
0.001566648
0.001794815
0.001704454
0.001562119
0.001711607
0.001647949
0.001735926
0.082873583
0.002913237
0.005042076
0.001683712
0.001827002
0.001769066
0.001796007
0.004090071
0.004491329
0.001710176
0.002946615
0.209691286
0.100624800
0.118063450
0.002188206
0.001680136
0.001929760
0.001836300
0.004688501
0.001788616
0.001579523
0.003141642
0.001793385
0.001735687
0.001555920
0.031711817
0.002079010
0.001909733
0.001885653
0.001995564
0.002002716
0.001851559
0.001831055
0.001818657
0.001798868
0.057797670
0.007870197
0.005945444
0.006517649
0.004793406
0.276117325
0.099003077
0.002238035
0.002417326
0.001697302
0.003665209
0.001734257
0.001706123
0.006207228
0.009966850
0.004668951
0.013035059
0.003283501
0.001668692
0.007774830
0.003680944
0.001645088
0.001676559
0.001728058
0.001606464
0.001616001
0.001671553
0.004370689
0.001615286
0.053789139
0.001692533
0.001760483
0.001691103
0.063406944
0.015805006
0.001844883
0.001798630
0.001614094
0.001700640
0.077559710
0.001606464
0.001601696
0.084780216
0.001581669
0.001520872
0.001466990
0.001543999
0.001497984
0.006664276
0.001506805
0.001737833
0.001543045
0.002070665
0.213615894
0.204265356
0.204470634
0.240535975
0.006866932
0.001671791
0.009066343
0.001675367
0.001575708
0.007261515
0.001535177
0.001463413
0.001509190
0.001515865
0.003679037
0.007448196
0.008424044
0.001579285
0.001409054
0.001615286
0.001781225
0.001580000
0.001526117
0.016890287
0.001596212
0.001438856
0.002058744
0.001510859
0.001489639
0.001476049
0.067826509
0.002423048
0.073869944
0.013841629
0.001468658
0.081502914
0.001468658
0.001535892
0.001570702
0.089196920
0.001465559
0.001425743
0.001512289
0.001532555
0.001881838
0.003956079
0.002788305
0.001516104
0.001498222
0.001414537
0.001441002
0.001559019
0.003028870
0.001592636
0.001503706
0.001859426
0.001605749
0.001822472
0.001826525
0.035648823
0.013011694
0.005962610
0.002911568
0.010001421
0.004036903
0.001698017
0.001710653
0.055939198
0.001907110
0.001638412
0.001689196
0.001710653
0.001669407
0.001683712
0.072043419
0.005322456
0.001559973
0.001603365
0.001726627
0.001821518
0.001590729
0.001645565
0.090074539
0.001639128
0.002726555
0.001659870
0.001815796
0.001692057
0.002791405
0.210824013
0.203365088
0.205941200
0.203486443
0.007052660
0.005542517
0.002120018
0.219217539
0.104963303
0.002719402
0.002699137
0.001563787
0.001707077
0.001641035
0.001664162
0.018545151
0.001721621
0.001657248
0.001690388
0.001604557
0.001832247
0.037185431
0.001974106
0.003049850
0.001971960
0.009571075
0.014864206
0.013854742
0.003517389
0.001845598
0.001862526
0.001822710
0.001726389
0.001674891
0.001569748
0.001653910
0.065769434
0.001447678
0.001615524
0.002033472
0.004180908
0.001687288
0.001832962
0.001770973
0.001713991
0.002014399
0.001842260
0.001881123
0.094101429
0.001805067
0.001818895
0.001853943
0.001855612
0.001881599
0.001863480
0.001892090
0.001826048
0.021245956
0.002218485
0.018677711
0.001885176
0.001875877
0.001843452
0.005314350
0.003661394
0.003624678
0.001867294
0.039427519
0.005168915
0.001580954
0.001406670
0.001674891
0.001572847
0.001532793
0.001529932
0.262321472
0.002235174
0.203783512
0.203980923
0.204901695
0.001944065
0.002679825
0.001815557
0.001568556
0.022579670
0.004744053
0.019920826
0.019089460
0.020129919
0.003468990
0.001474619
0.001663208
0.005208731
0.001565218
0.001752138
0.001522779
0.001729965
0.001722336
0.001596928
0.001517534
0.001618624
0.001785994
0.059623480
0.001546144
0.001667976
0.001706839
0.001664162
0.001667261
0.001494169
0.178553343
0.205103874
0.204440117
0.100600719
0.001529932
0.001725674
0.025604010
0.001447916
0.003353357
0.001705885
0.001740217
0.001749754
0.001902580
0.014213324
0.003238201
0.001633644
0.001691580
0.001477242
0.001748085
0.041443586
0.001966953
0.001434803
0.001418352
0.001490355
0.001724958
0.001522303
0.001558304
0.061303139
0.008345604
0.008485317
0.009290934
