8.408348799
2.129022360
0.229687691
3.745263577
0.215551615
0.415518999
0.342800140
0.505617142
0.434137583
0.553916454
0.323373795
0.340162516
0.436838627
6.849755049
0.312031031
0.430851936
0.474525928
0.387526989
0.411545992
0.452697992
0.394773960
0.394103527
0.367327213
0.633506060
0.243059635
0.293656349
0.443248987
0.399220705
0.373173714
0.435636044
0.529410124
0.473863840
2.734531164
4.198779821
0.358023643
9.732326746
0.224155664
0.416007280
0.420270443
13.256391525
0.256335497
0.462095261
17.785026789
8.190441608
0.726123571
0.236341000
5.254300356
0.307602882
0.499213457
8.044174433
0.251093149
0.378476143
6.826773882
0.411254883
0.396952152
0.415502071
0.396878242
8.629720449
0.260261536
0.441205978
0.388369322
5.040499210
26.451039553
0.228624821
4.001931190
26.477484703
0.277738094
0.379872561
0.293048143
9.296023607
0.189455986
0.310314178
0.391639948
0.381688118
0.954804659
8.084535122
0.224389315
0.441958427
0.303544044
11.337526083
0.287907124
0.618567228
1.218150616
0.333609581
0.592136621
7.311868906
0.438598156
9.583799839
0.291371822
0.489985228
0.432720661
11.229170084
0.281358242
0.415263891
0.377631664
0.826439142
0.237805843
8.096148252
0.354257107
9.899764061
12.892493486
0.223392725
0.373253584
0.430001736
0.417881727
7.995116711
10.251847506
0.301824331
12.169459343
0.422001839
0.561600208
0.275009394
0.428823471
0.405874252
0.427685738
5.531793356
24.542378902
2.603078127
0.225041151
0.476641178
0.346430063
0.378227711
0.345646858
0.359990597
0.379880667
0.304452896
0.495491982
0.458436728
0.397592783
0.722332716
0.349559546
0.444769621
20.420374393
2.090483904
0.410853148
0.443321943
7.505849600
0.350286007
0.443565607
0.378542423
0.609163523
0.350856066
0.334952116
3.305305481
18.515139580
26.690382719
12.137248516
0.193317890
0.433166027
0.368137360
0.528177261
0.429436684
0.300001860
0.504458666
0.338753700
0.363903761
0.394789219
0.359946966
0.414902449
0.469142914
0.434013605
0.416975260
0.457133055
0.233341455
0.363518953
0.382915020
0.399581909
0.386200428
0.434086084
0.498810530
0.430654764
0.429499388
0.542229891
14.135037661
8.310387850
7.975919962
0.376811266
0.211982489
0.494712591
0.437358618
0.390139580
0.307875633
0.425181389
0.394207001
0.455088615
4.848633528
0.479963303
3.639926672
10.095514059
0.245337486
6.071365595
0.341583967
0.494251966
5.291776419
0.235554695
0.311906099
0.384934187
7.257680893
18.272398472
0.243703365
0.425574780
0.399405241
0.378439665
0.515218735
0.355098724
0.504105091
0.420907497
0.386655807
0.354095221
0.441636801
0.464622259
0.358829498
0.411191463
0.451575756
0.421599388
0.428163767
0.382480145
0.390868902
0.370103836
0.508442163
0.382852316
0.380747318
0.383268118
4.554666996
24.565202951
0.277456760
0.373952150
0.420754194
0.412603617
0.345660686
0.334697723
0.445650339
0.392720222
0.389559031
0.260752201
0.417146206
0.478671074
0.378417969
0.340952873
0.301426649
0.366364241
0.446272850
0.609705210
0.288924217
0.270576477
0.490295887
0.385900974
0.397433996
0.382964611
0.427447557
0.425727606
0.480462790
0.318243504
0.394664049
0.485392332
0.500644207
0.391001701
0.362157345
0.346798897
1.162966251
30.525577784
0.329192162
0.499875546
0.330366850
0.470170498
0.502235174
0.407151937
0.425097704
23.770738363
0.429003239
0.463974476
0.388028145
0.595040560
0.195553064
0.295069218
0.570928335
0.426354885
0.396004438
0.364615202
0.373361111
0.331094980
0.335273743
0.358763456
0.519562244
0.424385548
0.380637407
0.484878540
0.466874838
0.475057602
0.425390720
0.629534006
0.504406929
0.491561174
0.334527731
0.383906841
0.687533617
0.462397814
0.293105841
0.416401863
0.325839758
0.361787319
0.397139311
0.193541527
0.474588156
21.957012415
6.382956505
0.420456171
0.357151747
0.453503847
0.211194992
2.602886438
0.259745598
0.392238379
0.382728815
0.480111122
0.391888380
0.747477293
0.259137869
0.434303999
0.393512726
4.228558064
0.216209650
20.462553978
0.269047737
0.445343971
3.254136562
2.149230719
0.363833904
0.389896870
0.418971539
0.374591589
0.440782070
0.375467300
0.355564594
0.424231052
0.344596148
0.411993742
0.405446291
0.393400431
0.526476860
0.361835718
0.399994135
0.342089891
0.410408258
0.348436594
0.355188370
0.442502737
0.486868382
0.410678625
0.410311937
0.339661121
0.377815723
0.407363415
0.449801922
0.480349302
0.382055521
0.437980652
0.428214073
0.449615479
0.372791529
0.429287672
0.403764963
0.463344336
0.400565863
0.381245375
0.360674143
0.450751066
0.395041704
0.441098928
0.293653250
0.323722124
9.019468307
1.849479675
0.209779263
0.327974796
0.354972124
0.474207163
0.303325415
0.418945789
0.321990728
0.392185211
0.328456879
0.434752226
0.390930176
0.421230555
0.471826315
15.761322021
0.645562172
0.295781612
0.455796957
0.370825291
0.421614408
0.434847593
0.372873306
0.535208225
0.373658895
0.387147427
0.375337124
0.522739887
2.999167681
0.381128073
0.493567944
0.427582979
0.368897676
0.241443157
0.486553669
5.579525471
0.262177467
14.112387419
0.325531960
0.436859369
0.445358753
0.408824205
0.505110025
0.314145327
0.410358429
0.325230122
0.510651350
0.582659006
0.300631762
0.489759445
0.447058439
0.465109348
0.420103550
0.463408470
0.432342768
0.400646925
0.429088116
4.155186892
0.260402679
0.415244818
0.474814415
0.464918375
25.062829494
0.264025211
0.471422195
0.453366518
0.503866434
4.491742611
0.351389170
0.346175671
0.367482901
0.411862135
25.090371370
0.277284861
0.398036480
0.642775774
0.335895300
0.329125643
0.403648853
0.421175957
0.398312807
3.114301443
0.236259699
0.720276833
0.383516312
0.610824823
24.410614014
0.234838009
0.455814362
0.435370207
0.333933830
0.355224133
0.676321507
0.503002644
0.376085043
0.544241667
0.451071739
0.222137213
0.372716188
0.455945969
0.407334328
0.577010155
0.341492653
0.370822430
0.433650970
0.373457432
0.425343037
0.403573751
0.427712440
0.482417822
0.470809460
0.390928984
0.341767788
0.482904673
0.449047565
0.483174324
0.412571430
0.406103134
23.769640446
0.336765289
0.409436703
0.434226036
0.465461731
0.373311520
0.368628502
1.826403141
0.355723619
0.496969223
0.347414017
2.844087601
0.301137447
0.495402575
0.454789162
0.755962610
22.502711535
0.340723753
0.417009592
4.574786901
0.197911739
0.357133150
0.445952654
1.900788307
0.371737480
0.342651606
0.482893229
5.027356625
0.361338615
17.945604563
0.385031939
3.676617622
4.131120682
0.241392136
0.524283648
0.450408936
0.384494305
0.461969376
0.601146221
3.306871414
0.188714504
0.336386442
0.367416859
0.370595455
0.383146763
0.447283268
0.344526768
0.488233805
0.425008059
0.431501627
0.495785236
0.360719681
0.395731688
3.131850481
10.470596552
2.084475040
0.374535799
7.581639767
0.180927277
0.662845135
7.365795135
0.344238758
0.257060051
0.413359404
0.405282259
10.848738670
0.291971684
3.980528831
0.349417686
0.421814442
0.441264391
0.338821650
0.255023479
0.392450094
0.375748396
0.454240084
3.199949980
10.092052221
0.373605728
0.551110029
0.414993525
0.474916458
0.356310368
0.388238668
0.359167576
0.376657724
0.193788767
0.590248346
0.366567612
5.825531006
7.955657005
0.266660213
0.375691891
0.371999741
0.349350691
0.352095127
0.372397661
0.394723892
0.446677208
0.351411581
0.416078568
0.394531250
0.272383451
0.592244864
0.388556480
0.466006279
0.324587107
0.487426281
0.472246647
0.330001354
0.436217308
