0.022311449
0.087002754
0.028042555
0.001174927
0.001426220
0.001331568
0.001377583
0.001369715
0.001408577
0.001787424
0.046895981
0.001414061
0.001443863
0.001345873
0.001386642
0.001814127
0.001487255
0.001349926
0.025285482
0.009083986
0.001192331
0.001259327
0.001487494
0.001304388
0.001202583
0.001571655
0.001139164
0.001118422
0.092932224
0.008142233
0.001356363
0.001392365
0.001380444
0.001327276
0.002089977
0.213187456
0.098521471
0.001776457
0.176834822
0.004828453
0.001063824
0.001193523
0.001130104
0.001184940
0.001748562
0.025489330
0.013501406
0.001191139
0.027165890
0.001204252
0.001382828
0.001514196
0.001401424
0.039167881
0.001503944
0.001562595
0.001516104
0.001469374
0.051384687
0.008158445
0.001503706
0.001476288
0.003614187
0.001257658
0.001520157
0.001500368
0.001198053
0.001548052
0.075055122
0.001173019
0.001181126
0.082829237
0.003224850
0.001227856
0.001502275
0.001350164
0.008243799
0.002465487
0.001228333
0.001317978
0.001392126
0.001932383
0.001505852
0.001517773
0.001505852
0.001465797
0.023241043
0.001473665
0.001511335
0.001527786
0.002671003
0.028365850
0.001357794
0.001361847
0.001450062
0.006024122
0.014841557
0.009405613
0.001232624
0.001156092
0.001194954
0.057524443
0.006621361
0.001295090
0.001235962
0.001404762
0.001411200
0.001501799
0.001502037
0.001500607
0.001358032
0.001280785
0.006423950
0.001421690
0.001427174
0.001416922
0.001296997
0.001298428
0.093044996
0.001385450
0.001288891
0.001276970
0.001271963
0.208030462
0.102601290
0.001162767
0.166710377
0.001521826
0.001243353
0.001281738
0.007827282
0.001169920
0.001252890
0.001533508
0.001173973
0.001346827
0.001183510
0.001173973
0.001169443
0.001231432
0.001232862
0.001182318
0.001200438
0.001177549
0.051772833
0.001323462
0.001408339
0.001274109
0.001172304
0.008169651
0.005303860
0.001904726
0.073830128
0.001170397
0.001217842
0.001295328
0.078325033
0.001189947
0.001417875
0.086809158
0.001123905
0.001296282
0.001277685
0.001284122
0.001277208
0.001278877
0.002180099
0.002739906
0.001942873
0.211225033
0.206679583
0.205624104
0.205711603
0.104026556
0.008880854
0.001867771
0.001384735
0.001884937
0.001398087
0.002189159
0.001418114
0.001446962
0.001424313
0.031467676
0.001180887
0.001418352
0.008706808
0.001287460
0.001245260
0.001435518
0.001424789
0.001236916
0.001242876
0.001210690
0.001185417
0.001247406
0.002662659
0.001238585
0.001183510
0.001168728
0.006170750
0.011951208
0.015033484
0.009739161
0.005256653
0.001413822
0.081816196
0.001419544
0.001409054
0.001415014
0.001797438
0.001495123
0.001217604
0.002718925
0.002805710
0.001628876
0.001409769
0.001760721
0.212544203
0.001841068
0.204779148
0.211854696
0.197507858
0.001215696
0.001171112
0.001905203
0.001240969
0.001170158
0.001401186
0.001162767
0.015314341
0.001163960
0.001308441
0.022218466
0.001328707
0.001312733
0.001316071
0.001339436
0.001306295
0.001418829
0.001321554
0.015257597
0.001316309
0.001221895
0.001331091
0.010891914
0.001593113
0.001364946
0.058180094
0.001254320
0.001330614
0.001323462
0.001370907
0.001325846
0.072255135
0.001344204
0.001331568
0.080005884
0.001330853
0.003181219
0.001332283
0.001348257
0.001362085
0.093662977
0.002154350
0.099657297
0.006696463
0.001332521
0.002645016
0.001374960
0.001788139
0.002604008
0.005674362
0.001382828
0.001384497
0.001518250
0.001220226
0.001373529
0.001386881
0.001334667
0.001379728
0.001371861
0.001345634
0.001255274
0.001382113
0.001341820
0.001485348
0.003152132
0.056115150
0.001267433
0.001436949
0.001338005
0.003906250
0.016966581
0.002274513
0.008224726
0.005427837
0.001409292
0.001467705
0.001529694
0.001441002
0.082534313
0.001345158
0.001274824
0.098527431
0.004848242
0.001392841
0.001439571
0.001425743
0.001433849
0.001543760
0.001367092
0.001263380
0.001425505
0.001606703
0.001372337
0.015461922
0.004220247
0.001382828
0.001379251
0.026922226
0.010900259
0.009162664
0.009995699
0.004682302
0.009613276
0.001480579
0.001403570
0.001428604
0.002200127
0.002933264
0.001180172
0.057427645
0.014333010
0.001522779
0.001933336
0.001334429
0.001177311
0.001200914
0.001215458
0.001252890
0.001148939
0.001175404
0.001311064
0.002961874
0.001182556
0.090372562
0.001121521
0.001379967
0.001386166
0.105400801
0.008938074
0.010737658
0.006381989
0.002521753
0.002090931
0.001396656
0.001429558
0.020143270
0.003418684
0.001386166
0.001392603
0.001387358
0.026547909
0.001396418
0.001415491
0.001379728
0.001436234
0.001784801
0.001378059
0.001542568
0.001518011
0.001471043
0.001566172
0.001507044
0.001543045
0.001519442
0.001633406
0.001404762
0.001393795
0.003904343
0.020596743
0.012966633
0.010578156
0.002323389
0.001485348
0.001494646
0.002259970
0.001478195
0.001476288
0.001505375
0.001512051
0.098236322
0.001603603
0.001422882
0.002227068
0.002915382
0.001428127
0.001488924
0.001537085
0.001293182
0.001353502
0.001500368
0.001210451
0.001339197
0.001475096
0.028405666
0.011976957
0.005990028
0.006961584
0.018766880
0.018283606
0.002851009
0.009048223
0.003377914
0.001340628
0.001459837
0.001528740
0.001595974
0.001490116
0.007498980
0.001203537
0.001499653
0.001577616
0.001507044
0.001578808
0.001483440
0.001492262
0.001502514
0.001482725
0.001557827
0.001474619
0.001169920
0.001276731
0.001220226
0.001158237
0.001192093
0.001192570
0.208202362
0.203112841
0.204721928
0.109401464
0.001436949
0.006230593
0.001693487
0.001207829
0.001276493
0.001231670
0.001233339
0.001463175
0.001353979
0.001227617
0.001247168
0.001179934
0.001190662
0.001260042
0.001219273
0.001227617
0.002999306
0.007256269
0.001200199
0.056437016
0.007908106
0.007020712
0.003299475
0.002962351
0.008204937
0.005732536
0.004877090
0.001597166
0.001252413
0.001161098
0.001259804
0.001208305
0.001447201
0.001076937
0.001271963
0.002337694
0.004316807
0.001175404
0.001173735
0.002839327
0.001331806
0.001336098
0.002326727
0.001612425
0.213051319
0.203773499
0.205304861
0.206068277
0.204269648
0.003592491
0.102641821
0.001346350
0.001815081
0.001324177
0.001322985
0.001347780
0.001197100
0.001238108
0.001151800
0.001165152
0.001205206
0.001277208
0.001166105
0.003594637
0.004456997
0.001340866
0.001363039
0.001450777
0.001350641
0.001574278
0.001382589
0.060297966
0.026370049
0.005104780
0.007404566
0.003263712
0.072980404
0.014822483
0.008094072
0.006883383
0.002783537
0.003038168
0.001371861
0.001693249
0.001300812
0.001307964
0.001367092
0.001384735
0.001389503
0.001557827
0.001380444
0.001386166
0.001807451
0.001894236
0.001585960
0.001603127
0.001379251
0.001399040
0.221400499
0.204647541
0.206178904
0.210510969
0.098558664
0.009108782
0.005105495
0.008285284
0.001569271
0.001374483
0.001451969
0.001380920
0.002991199
0.001385927
0.001370192
0.001419306
0.001652956
0.001733303
0.001436710
0.001392126
0.001383066
0.014731646
0.002793550
0.001406908
0.001511097
0.001389742
0.001414537
0.008478880
0.001428604
0.001380682
0.001427174
0.001444101
0.071490288
0.003832579
0.001800776
0.001364708
0.001340151
0.087690115
0.011315823
0.001743078
0.001316309
0.001296043
0.001335859
0.001410246
0.001439333
0.001353025
0.001845598
0.001511812
0.001512527
0.001672983
0.001482725
0.001467943
0.001472473
0.026538134
0.001417637
0.023472786
0.002543211
0.034888744
0.017011881
0.001366615
