0.081686497
0.008849621
0.001584291
0.099796772
0.001415968
0.001663685
0.001608133
0.001677990
0.012868881
0.002352953
0.005347490
0.001619816
0.001741886
0.001345396
0.001695156
0.017006636
0.001651287
0.006808519
0.001884699
0.026409626
0.010429621
0.001629353
0.001641512
0.001665831
0.001693249
0.047891140
0.001681805
0.001694441
0.001717329
0.058650494
0.001650810
0.001652718
0.008708715
0.001722097
0.001719236
0.001488209
0.001517773
0.001528263
0.001499891
0.004951000
0.001518011
0.001487732
0.001660585
0.001390696
0.001823664
0.001849890
0.001535892
0.096459389
0.010069132
0.001490593
0.001494408
0.205315828
0.207334280
0.189122200
0.002325535
0.001392841
0.001521587
0.001556396
0.001504898
0.001475334
0.012136698
0.001504660
0.001552343
0.001544952
0.001752377
0.001575708
0.001580477
0.001585960
0.045794487
0.001542330
0.001586914
0.001405716
0.001589060
0.001542568
0.001608610
0.005072117
0.001926661
0.001410723
0.001453400
0.070345640
0.001276970
0.002295732
0.001593351
0.001600266
0.079700232
0.001461029
0.001406193
0.001367331
0.001325607
0.001576900
0.011094093
0.001354218
0.001368046
0.001363993
0.003054857
0.001369715
0.005185127
0.007794142
0.001694918
0.001467705
0.001536131
0.019386053
0.003553629
0.001378775
0.019086599
0.013894320
0.001427889
0.001313925
0.001392365
0.044457436
0.001331568
0.001421213
0.001599550
0.001535654
0.001526117
0.004997492
0.010613680
0.001586437
0.001362085
0.061070919
0.001369715
0.001416445
0.001595259
0.070561409
0.001366377
0.075475693
0.001329899
0.001656532
0.003203154
0.008041143
0.001682520
0.001577377
0.001582861
0.001579523
0.099442244
0.004607439
0.002320766
0.001910210
0.001748323
0.212051868
0.203766823
0.183085918
0.001855373
0.014681101
0.001461029
0.001660585
0.001463652
0.001670599
0.001444101
0.001681089
0.001678228
0.001689911
0.013437271
0.007924795
0.001625061
0.001525879
0.042162657
0.001657963
0.001690149
0.001533270
0.001523256
0.009483337
0.004952192
0.001800537
0.001704693
0.001742601
0.006984711
0.001808167
0.001564503
0.001543999
0.002808809
0.002735615
0.079013824
0.001911640
0.001458406
0.001917362
0.015661240
0.001550436
0.001528502
0.095423698
0.001475334
0.070534229
0.002620459
0.003095388
0.312235117
0.203912973
0.002005100
0.009727955
0.010763884
0.001518726
0.223302603
0.098177433
0.207509995
0.204211473
0.139809847
0.006555557
0.001483440
0.001631975
0.001789808
0.001484394
0.001521111
0.001441002
0.001549482
0.001539707
0.001665115
0.001589060
0.039226055
0.022660017
0.003879070
0.001503706
0.001661539
0.009825706
0.001889229
0.001718283
0.058629036
0.001411915
0.001570225
0.001551628
0.002433062
0.001595736
0.001721859
0.001724482
0.001559258
0.001538038
0.001924515
0.001497269
0.001462936
0.088099003
0.007654905
0.001455069
0.001644373
0.007079601
0.001630306
0.001613617
0.099116325
0.001569510
0.001818180
0.002059221
0.001614094
0.002018929
0.003711224
0.008454561
0.002362967
0.001604795
0.001753569
0.023181915
0.001639128
0.001688480
0.001386166
0.001592398
0.001395226
0.001646042
0.002962589
0.007153988
0.001682281
0.001898050
0.012672901
0.001856089
0.001908064
0.001646519
0.059482574
0.001565218
0.064472198
0.012814522
0.001626492
0.011441946
0.001686096
0.001360893
0.001373053
0.002194405
0.008173704
0.017687559
0.001485586
0.001423597
0.001665115
0.002040386
0.001307011
0.001374483
0.001587391
0.002518177
0.001600981
0.001602650
0.001606941
0.001657963
0.001350641
0.001471519
0.010373592
0.001632214
0.001844406
0.001586676
0.242066145
0.096443653
0.007187128
0.001494169
0.001498461
0.207879782
0.002819061
0.204075813
0.206398010
0.101026535
0.002398729
0.001947880
0.001633167
0.001658678
0.001686335
0.001659155
0.001669884
0.001623154
0.022188663
0.001602650
0.029905081
0.013547182
0.001610518
0.001654387
0.001873970
0.001634598
0.008685827
0.001605272
0.009714842
0.005368233
0.053027630
0.010098696
0.001616240
0.001628876
0.001616240
0.001705647
0.001629829
0.001598358
0.001632690
0.001499176
0.001657724
0.001738548
0.001665592
0.001652241
0.001657724
0.001553059
0.001682043
0.001557112
0.001686335
0.001291037
0.009993315
0.005138636
0.001535416
0.001463413
0.001326323
0.001338482
0.020952940
0.006103039
0.007589579
0.012601614
0.008953571
0.011087894
0.001723051
0.001971006
0.001656294
0.001690865
0.001643181
0.001672983
0.001658678
0.001669168
0.001630783
0.001678705
0.001981497
0.001492739
0.001626730
0.001512766
0.010697842
0.001647949
0.002764702
0.001630068
0.001628637
0.001658201
0.001662016
0.001601934
0.001525164
0.081832170
0.012879848
0.009603024
0.010743380
0.002016306
0.001973867
0.198193073
0.207510233
0.201547623
0.203972340
0.214365959
0.002005577
0.001658678
0.001710415
0.001671791
0.001544952
0.001688719
0.001678705
0.001683474
0.001492023
0.001518488
0.030341864
0.001525402
0.001517773
0.013376713
0.001471758
0.001550913
0.045046568
0.001547813
0.150549412
0.204152584
0.205357313
0.001851082
0.001312733
0.001594782
0.001259089
0.001302719
0.001339674
0.001537323
0.001564264
0.001573086
0.001518965
0.001723289
0.001520634
0.003255606
0.004311562
0.002259493
0.001684427
0.001540661
0.001547337
0.001712561
0.007379055
0.002101421
0.056938410
0.010196924
0.001435280
0.001661777
0.065804243
0.001757383
0.001648664
0.001496077
0.001708031
0.077169895
0.001483202
0.001929522
0.001708269
0.001651764
0.001515150
0.001651049
0.002499104
0.010252237
0.001646280
0.001635075
0.001740694
0.001482010
0.001871109
0.001677513
0.004298210
0.010239840
0.011076212
0.001669884
0.001446486
0.001867294
0.001666546
0.008458138
0.006139278
0.001461029
0.036231995
0.001426458
0.001525640
0.001507044
0.002569437
0.001938581
0.002016544
0.001719475
0.053902149
0.001394749
0.058817863
0.001541615
0.001579046
0.001808405
0.001931906
0.001453400
0.001784086
0.006874561
0.014492750
0.008799791
0.011486530
0.008690357
0.001890421
0.001500607
0.001472473
0.094868898
0.001544952
0.001490116
0.001662970
0.002114296
0.001492500
0.001959801
0.001560926
0.001503944
0.001567602
0.022502422
0.001459122
0.001579523
0.001627207
0.129736900
0.103152275
0.001648903
0.001507521
0.008497953
0.001513243
0.001581907
0.049337387
0.013975859
0.005047798
0.002411127
0.003273249
0.001528740
0.057401419
0.001237392
0.007854223
0.002084017
0.001380920
0.069659233
0.001354694
0.001312971
0.001559734
0.001718044
0.001358032
0.001532078
0.001676798
0.001519918
0.006856918
0.001783133
0.001532316
0.001519203
0.100450277
0.001904249
0.002261877
0.001843929
0.001537323
0.001539230
0.001555681
0.009829521
0.011813879
0.010530710
0.004484653
0.001473427
0.001490116
0.001487494
0.001252651
0.002243996
0.001389980
0.002385378
0.015307188
0.001499653
0.001503706
0.001498699
0.002634525
0.001547813
0.001599312
0.058407545
0.001609325
0.001473188
0.001514435
0.010047674
0.001590967
0.001508474
0.001512527
0.001559496
0.001511335
0.090677500
0.011993885
0.006725788
0.001529217
0.001471519
0.001505613
0.001541615
0.001844645
0.009923220
0.001685619
0.001456499
0.002070904
0.001607656
0.001613855
0.001513243
0.001454115
0.024411201
0.001432657
0.001754522
0.001487970
0.001503468
0.001531363
0.002913237
0.001414061
0.001442909
0.001464605
0.002286434
0.001473665
0.052660227
0.007586241
0.001841307
0.008147955
0.001727819
