0.097134590
0.004034758
0.005027056
0.003053665
0.004186392
0.004359722
0.004472494
0.003925323
0.002993107
0.016806602
0.002914429
0.003014565
0.002661705
0.002832890
0.004518986
0.010557652
0.010155678
0.004339695
0.005140781
0.043199778
0.003596783
0.005419254
0.003087282
0.002929926
0.052684784
0.004335880
0.002933502
0.002770424
0.002466917
0.002960443
0.002820492
0.003427505
0.003024578
0.002890110
0.003007412
0.003079414
0.003296614
0.003102779
0.186356306
0.003015280
0.003271580
0.003730059
0.003207922
0.003229380
0.004668474
0.004093170
0.205736876
0.002628803
0.004017353
0.006731510
0.013257980
0.085027933
0.003123045
0.017633200
0.003190756
0.003163338
0.003184557
0.003213882
0.004312277
0.003151655
0.004262447
0.002930403
0.003121376
0.003223896
0.004254580
0.048276424
0.005870581
0.003335953
0.003164768
0.057059765
0.003321886
0.005979300
0.003229380
0.003932953
0.068256378
0.018151045
0.010943413
0.037259340
0.015348434
0.007631302
0.081975937
0.002892971
0.002956629
0.003402233
0.092015743
0.002993584
0.002947092
0.002966881
0.002918959
0.003029585
0.004117727
0.002973318
0.002989054
0.003072977
0.003132820
0.003325224
0.119417667
0.002768993
0.003154516
0.003103018
0.003100395
0.003178120
0.003807068
0.002774715
0.003122807
0.003119707
0.003159761
0.003101349
0.003043890
0.003213882
0.060777426
0.005253315
0.013581038
0.003234863
0.005595207
0.004010916
0.004395247
0.003304005
0.003040075
0.003072023
0.003962278
0.002845287
0.002908468
0.003975868
0.005267382
0.004810810
0.004151106
0.003314257
0.003268957
0.004905939
0.003664255
0.003065825
0.002750635
0.004801035
0.003944159
0.004085779
0.004182577
0.003527403
0.003334761
0.004678011
0.003014326
0.002848864
0.003057241
0.003131628
0.002962351
0.004511595
0.003079653
0.002849102
0.002444506
0.003873348
0.003348351
0.003355742
0.005063057
0.003658056
0.004890203
0.004990339
0.003293991
0.004391909
0.003016472
0.004665613
0.009823322
0.006422758
0.004434824
0.003192663
0.003377914
0.003382921
0.003446817
0.004408598
0.004274845
0.003745556
0.002944708
0.003502607
0.003505945
0.003490925
0.003862858
0.003617048
0.003126383
0.003147602
0.004475117
0.004080772
0.003595114
0.003235102
0.003441811
0.006831408
0.002864838
0.003033400
0.030013561
0.005510330
0.004941225
0.012471437
0.012001514
0.010521173
0.007822275
0.004434347
0.005398512
0.006566525
0.005717516
0.003477573
0.003565550
0.004032135
0.004905701
0.004798651
0.002934456
0.003750563
0.004481554
0.003608942
0.003311157
0.003392220
0.002876759
0.003880978
0.003318071
0.003249168
0.003874540
0.003934622
0.005054474
0.003936291
0.004877329
0.003502607
0.003870964
0.005360842
0.002954245
0.003557444
0.003921986
0.002652645
0.003148556
0.002913475
0.002863884
0.003450155
0.003052473
0.002903700
0.003325701
0.002704144
0.003014565
0.040170431
0.003216267
0.003385067
0.003682613
0.002684832
0.003060102
0.003110409
0.003075361
0.008674622
0.028356552
0.004011869
0.003531694
0.004725218
0.003351450
0.003201246
0.007057667
0.003368855
0.003482819
0.003577709
0.003263950
0.003249645
0.004463434
0.003016710
0.002857924
0.003770113
0.004426956
0.002836227
0.004912138
0.003660917
0.005874872
0.003149271
0.003891706
0.010496140
0.004059553
0.003360033
0.004575491
0.003652096
0.009465456
0.003601789
0.031610489
0.003098249
0.003499031
0.003209352
0.005221844
0.006086588
0.005243540
0.004040241
0.003570318
0.004362583
0.003216743
0.003180742
0.003247023
0.006698370
0.003556013
0.003586769
0.003943920
0.003688812
0.073985100
0.003361225
0.003347635
0.003795624
0.005267620
0.004212379
0.002802610
0.003147364
0.003615379
0.003610373
0.003544569
0.004812956
0.004434824
0.003560543
0.003073931
0.004564047
0.003020287
0.003819466
0.003539085
0.005406857
0.003667355
0.003019810
0.003086805
0.007535458
0.002761126
0.002995253
0.002785683
0.002759933
0.006470919
0.002809286
0.003066540
0.003917217
0.002744675
0.002683401
0.005849600
0.002678633
0.004616737
0.002751589
0.002629042
0.003344774
0.004769325
0.004206419
0.011251450
0.003413916
0.004742146
0.008641958
0.003107071
0.003348589
0.003292799
0.003281593
0.003009796
0.003708839
0.003486395
0.002818346
0.003054142
0.003055334
0.003255606
0.015482664
0.013240814
0.003077507
0.003015518
0.002538443
0.002814054
0.004422903
0.003063679
0.006033897
0.007445097
0.012706518
0.003023148
0.004268169
0.008843660
0.003149986
0.005230188
0.002865791
0.048945427
0.004616976
0.002799988
0.002307177
0.006938457
0.002625704
0.002747059
0.003152847
0.003093719
0.002845526
0.002593994
0.002669573
0.002769232
0.003264904
0.002854109
0.002815962
0.010836601
0.002856255
0.003222227
0.002907276
0.008284092
0.014911890
0.002870798
0.204138994
0.210702896
0.002679110
0.005103350
0.006378174
0.216103315
0.002691984
0.175889015
0.003703356
0.009455442
0.002933025
0.117875099
0.002425432
0.013367414
0.003541708
0.003981829
0.003691912
0.003598690
0.003706217
0.039967299
0.005482197
0.010576248
0.006945610
0.006274223
0.002931833
0.002999544
0.002996922
0.002937555
0.011993170
0.005725861
0.002823114
0.002940178
0.002942801
0.002983332
0.005012035
0.002672434
0.002912760
0.002764225
0.002789736
0.002736568
0.002766132
0.003045321
0.003307104
0.002962828
0.002805471
0.003143072
0.002999783
0.002535820
0.103762150
0.003030062
0.013648272
0.007076740
0.007646561
0.016384602
0.002841234
0.004360676
0.003178596
0.002868891
0.010797739
0.002810240
0.002838850
0.033070087
0.009361982
0.011652946
0.002904892
0.003309727
0.003194332
0.003781557
0.003908634
0.003362894
0.002798796
0.003675222
0.003006935
0.060975313
0.002902508
0.003965139
0.003666162
0.002945900
0.008749008
0.010236025
0.086072922
0.029999971
0.003969193
0.004892111
0.002885342
0.004809856
0.002993107
0.002984524
0.002941847
0.014726877
0.003296852
0.002721310
0.004060507
0.005632162
0.002691984
0.002732515
0.009578705
0.003041029
0.003457785
0.003394127
0.002859831
0.004800320
0.014418364
0.002901554
0.003102541
0.003940105
0.004320145
0.002975225
0.044856787
0.006360769
0.014786482
0.006828070
0.008514166
0.003116846
0.013199568
0.003526211
0.002992153
0.007947206
0.002924442
0.003078222
0.006983519
0.006378412
0.003212690
0.002964020
0.003180265
0.004126549
0.003198385
0.002974749
0.002851963
0.003118277
0.002905369
0.007032871
0.002974272
0.002988577
0.004570007
0.002851248
0.002979040
0.012141466
0.004337072
0.017759323
0.011691570
0.006120920
0.014194250
0.015070200
0.003010750
0.003295898
0.003050804
0.003220081
0.044321537
0.003051281
0.002790213
0.002814770
0.012181759
0.003205538
0.002801895
0.002825975
0.002993822
0.003124952
0.003213167
0.003263712
0.003045797
0.003087759
0.013681412
0.003071070
0.003128529
0.003230095
0.003018379
0.003581762
0.002947807
0.003129959
0.090993881
0.027804375
0.005204201
0.009900570
0.011310577
0.004111528
0.003858328
0.003255844
0.002981663
0.212862968
0.205184221
0.010123730
0.003006220
0.002907515
0.002940416
0.002970219
0.003058672
0.003360271
0.011046648
0.003089428
0.003149986
0.002856731
0.002858639
0.003155947
0.002757072
0.004403591
0.004629374
0.005258083
0.004571676
0.007502079
0.011146784
0.003973961
0.003768444
0.003863335
0.002836227
0.002995253
0.067595959
0.004209280
0.012697458
0.004184961
0.003131390
0.003268003
0.002768517
