0.011244297
0.011119604
0.010945320
0.011036158
0.011020660
0.010985851
0.011030912
0.011058569
0.010942936
0.010946512
0.011083364
0.011089563
0.010947227
0.010971785
0.011008263
0.011040926
0.010951042
0.011072159
0.010965586
0.011170626
0.011056662
0.011022329
0.010972977
0.000763178
0.010978699
0.010857582
0.010953665
0.010965109
0.010841131
0.010871649
0.010874987
0.010982513
0.010954142
0.010933876
0.000678539
0.000838280
0.000852108
0.000821590
0.000784636
0.000887156
0.000924826
0.000966549
0.000773430
0.000867844
0.000782728
0.000788927
0.000780344
0.000892878
0.000865936
0.000801086
0.000896931
0.000934601
0.000772476
0.000962257
0.000780344
0.000883579
0.000869989
0.000791550
0.000856638
0.000909090
0.000834465
0.000915527
0.000762224
0.000775099
0.000882864
0.000783205
0.000805140
0.000887871
0.000977278
0.000787973
0.000811815
0.000902414
0.000888348
0.000791073
0.000856638
0.000780821
0.000862837
0.000780582
0.000802755
0.000788927
0.000901222
0.000897884
0.000768423
0.000790119
0.000866652
0.000799417
0.000880241
0.000787973
0.000890017
0.000773430
0.000883818
0.000813723
0.000755310
0.000792980
0.000843287
0.000784636
0.000811815
0.000864983
0.000779629
0.000780344
0.000880003
0.000783205
0.000768661
0.000772476
0.000770569
0.000758648
0.000757933
0.000773907
0.000784874
0.000786066
0.000830173
0.000837803
0.000747204
0.000766754
0.000740767
0.000752211
0.000797749
0.000786543
0.001154661
0.001004696
0.000949144
0.000946760
0.000919819
0.000940800
0.000922918
0.000920057
0.000929594
0.000935316
0.000948191
0.000928402
0.000951767
0.000940561
0.000941277
0.000946760
0.000935555
0.000934124
0.000917435
0.000939846
0.000948668
0.000935555
0.000935316
0.000941992
0.000892401
0.000911951
0.000929594
0.000916481
0.000910044
0.000907660
0.000935555
0.000912428
0.000956297
0.000953436
0.000888348
0.000923157
0.000881910
0.000903606
0.000914335
0.000940561
0.000938416
0.000935555
0.000986814
0.001008034
0.000767469
0.000920296
0.000918150
0.000949860
0.000923395
0.000943899
0.000937700
0.000916719
0.000932932
0.000951290
0.000912428
0.000923395
0.000887156
0.000926495
0.000912905
0.000914812
0.000924826
0.000943422
0.000948429
0.000947475
0.000882626
0.000905991
0.000937939
0.000917196
0.000951529
0.000925303
0.000934839
0.000930309
0.000940800
0.000939369
0.000887632
0.000916481
0.000878096
0.000916481
0.000921488
0.000940084
0.000951767
0.000926495
0.000934362
0.000932693
0.000882864
0.000901461
0.000905752
0.000903606
0.000943422
0.000934124
0.000932455
0.000910282
0.000965118
0.000970364
0.000887156
0.000927925
0.000914574
0.000923872
0.000932455
0.000936985
0.000926495
0.000903130
0.000937939
0.000959873
0.000889301
0.000910521
0.000926256
0.000914812
0.000904083
0.000907660
0.000923395
0.000907421
0.000935793
0.000940561
0.000919580
0.000921488
0.000883579
0.000933647
0.000936508
0.000903130
0.000936508
0.000915527
0.000919819
0.000931263
0.000927925
0.000912189
0.000918150
0.000905275
0.000920773
0.000928879
0.000918150
0.000920773
0.000934362
0.000950336
0.000882864
0.000913382
0.000874758
0.000910521
0.000910521
0.000916481
0.000917673
0.000979662
0.000926018
0.000969410
0.000885725
0.000911951
0.000910759
0.000935555
0.000940084
0.000967026
0.000936747
0.000956774
0.000915051
0.000951767
0.000896931
0.000900745
0.000888824
0.000912905
0.000915289
0.000928879
0.000921726
0.000952005
0.000913620
0.000932932
0.000909328
0.000905514
0.000919819
0.000912666
0.000916958
0.000933886
0.000944138
0.000953674
0.000940084
0.000946283
0.000900745
0.000924826
0.000882864
0.000912666
0.000905514
0.000906706
0.000938177
0.000930786
0.000921965
0.000929594
0.000896692
0.000919342
0.000907421
0.000903368
0.000915051
0.000915766
0.000915766
0.000964403
0.010820389
0.000737667
0.000809908
0.000819921
0.000792980
0.000803232
0.000824690
0.000843763
0.000825405
0.000879049
0.000811338
0.000858307
0.000796080
0.000806332
0.000813007
0.010831356
0.000812292
0.000808001
0.000825167
0.000865459
0.000797749
0.000824690
0.000820398
0.010864019
0.000815392
0.000807762
0.000724316
0.000821114
0.000819206
0.000867128
0.000853300
0.000835657
0.000816822
0.000827074
0.000820160
0.000815153
0.000805616
0.000827312
0.000831366
0.000857592
0.000806808
0.000833750
0.000793219
0.000807524
0.000831604
0.000831366
0.000822306
0.000843048
0.000824928
0.000888586
0.000890017
0.000842333
0.000793457
0.000832558
0.000820637
0.000830889
0.000841618
0.000840425
0.000821352
0.000861406
0.000829935
0.000874519
0.000822783
0.000831366
0.000832558
0.000823259
0.000829458
0.000844002
0.000820160
0.000835657
0.000804186
0.000831366
0.000823259
0.000830889
0.000831127
0.000810146
0.000829697
0.000830650
0.000843525
0.000888348
0.000857115
0.000838280
0.000886202
0.000827312
0.000839233
0.000822783
0.000827551
0.000825882
0.000834465
0.000850677
0.000829220
0.000820875
0.000830650
0.000829935
0.000825167
0.000804663
0.000831127
0.000842333
0.000838041
0.000900745
0.000890493
0.000833511
0.000832796
0.000822306
0.000829935
0.000836134
0.000859976
0.000864029
0.000924349
0.000871420
0.000839233
0.000870943
0.000837803
0.000855684
0.000835180
0.000827789
0.000841379
0.000841141
0.000841379
0.000855923
0.000836134
0.000868320
0.000842571
0.000817060
0.000836849
0.000811100
0.000844240
0.000842333
0.000863791
0.000862837
0.000837564
0.000861406
0.000832081
0.000838757
0.000838757
0.000817060
0.000840664
0.000840187
0.000836134
0.000877380
0.000856876
0.000833035
0.000837564
0.000836849
0.000829220
0.000817060
0.000843525
0.000856161
0.000862360
0.000885487
0.000897169
0.000839949
0.000832319
0.000836611
0.000842094
0.000845432
0.000848532
0.000843525
0.000848293
0.000858068
0.000849009
0.000856638
0.000836611
0.000827551
0.000835180
0.000817537
0.000832319
0.000840425
0.000844240
0.000863075
0.000848055
0.000836372
0.000830173
0.000836849
0.000831366
0.000814438
0.000837564
0.000842571
0.000845432
0.000847578
0.000838518
0.000835419
0.000828266
0.000832558
0.000834942
0.000806570
0.000830173
0.000830889
0.000846863
0.000856161
0.000840664
0.000847101
0.000830412
0.000828743
0.000828028
0.000817060
0.000833035
0.000823736
0.000844002
0.000893593
0.000901461
0.000838757
0.000939131
0.000820637
0.000844479
0.000860453
0.000845432
0.000841141
0.000850201
0.000853539
0.000850439
0.000876665
0.000843048
0.000842094
0.000869751
0.000832796
0.000834227
0.000819206
0.000854254
0.000858068
0.000836611
0.000879049
0.000838995
0.000833750
0.000837564
0.000819445
0.000847340
0.000825167
0.000855207
0.000897408
0.000879526
0.000870466
0.000850439
0.000875711
0.000837088
0.000833750
0.000864744
0.000850677
0.000868082
0.000868797
0.000847578
0.000838757
0.000843763
0.000811338
0.000831842
0.000808239
0.000840902
0.000841618
0.000857353
0.000885248
0.000897884
0.000858784
0.000830650
0.000834942
0.000837564
0.000830889
0.000837326
0.000831366
0.000851631
0.000875950
0.000857592
0.000876665
0.000829458
0.000835896
0.000832081
0.000827312
0.000840902
0.000824690
0.000872850
0.000855446
0.000850916
0.000859499
0.000833273
0.000824451
0.000834703
0.000836372
0.000845194
0.000832796
0.000858068
0.000861883
0.000795841
0.000879049
0.000892401
0.000855923
0.000881195
0.000851154
0.000878572
0.000865698
0.000889540
0.002140760
