0.000132799
0.000140905
0.000162840
0.000113726
0.000160933
0.000114679
0.000200033
0.000131130
0.000170946
0.000193357
0.000118017
0.000114918
0.000231266
0.000137091
0.000200033
0.000138760
0.000101089
0.000115156
0.000192404
0.000143051
0.000154018
0.000115871
0.000110865
0.000099659
0.000184298
0.000105858
0.000090599
0.000099659
0.000108480
0.000116587
0.000169039
0.000107050
0.000109196
0.000106335
0.000149250
0.000102282
0.000169516
0.000116348
0.000113010
0.000116825
0.000096083
0.000098705
0.000170231
0.000119209
0.000175476
0.000117064
0.000091076
0.000107050
0.000184536
0.000129938
0.000105381
0.000103712
0.000115395
0.000111103
0.000194073
0.000124931
0.000101089
0.000102282
0.000212193
0.000204802
0.000224829
0.000140429
0.000119925
0.000112295
0.000163317
0.000117064
0.000183582
0.000119448
0.000120878
0.000140905
0.000147581
0.000109673
0.000193119
0.000128269
0.000187397
0.000151157
0.000114441
0.000108242
0.000196457
0.000169992
0.000108719
0.000105381
0.000119209
0.000116348
0.000210285
0.000123978
0.000102758
0.000124454
0.000130415
0.000118732
0.000227928
0.000124931
0.000125170
0.000122070
0.000170946
0.000129938
0.000204325
0.000124216
0.000152111
0.000163078
0.000128746
0.000113487
0.000122309
0.000125408
0.000219822
0.000137568
0.000115633
0.000115156
0.000210047
0.000228167
0.000131369
0.000120401
0.000132799
0.000120401
0.000173807
0.000133514
0.000113487
0.000116348
0.000165224
0.000140190
0.000158310
0.000134230
0.000128031
0.000126123
0.000144958
0.000124931
0.000116348
0.000135422
0.000145674
0.000127316
0.000116110
0.000119448
0.000133991
0.000129700
0.000141621
0.000140190
0.000114918
0.000114441
0.000199795
0.000146627
0.000119209
0.000123501
0.000125885
0.000119686
0.000132561
0.000123978
0.000131130
0.000129700
0.000153065
0.000127077
0.000116825
0.000134230
0.000131369
0.000127554
0.000151396
0.000144005
0.000115871
0.000117064
0.000218153
0.000224352
0.000133753
0.000126362
0.000124454
0.000126839
0.000174046
0.000138760
0.000122786
0.000130177
0.000156164
0.000133991
0.000161648
0.000122547
0.000134230
0.000126123
0.000146627
0.000174046
0.000124216
0.000129223
0.000164032
0.000154734
0.000120640
0.000125885
0.000164270
0.000135183
0.000147104
0.000130415
0.000115633
0.000117302
0.000145197
0.000128031
0.000114441
0.000112057
0.000122070
0.000134706
0.000132084
0.000134468
0.000130892
0.000120163
0.000153303
0.000126362
0.000117540
0.000121355
0.000115871
0.000123739
0.000129700
0.000119925
0.000109911
0.000128031
0.000218153
0.000226021
0.000126362
0.000117779
0.000124931
0.000140429
0.000162601
0.000141621
0.000115633
0.000114679
0.000144482
0.000140429
0.000162363
0.000131845
0.000118732
0.000137806
0.000138044
0.000134468
0.000117064
0.000118017
0.000136852
0.000125170
0.000117540
0.000114918
0.000122070
0.000138044
0.000170469
0.000130892
0.000121117
0.000134230
0.000167131
0.000129938
0.000116825
0.000123262
0.000114202
0.000123501
0.000141859
0.000130177
0.000119925
0.000124454
0.000148058
0.000126362
0.000117064
0.000115156
0.000122309
0.000133276
0.000132322
0.000170231
0.000118494
0.000117302
0.000222683
0.000225306
0.000130892
0.000124693
0.000116348
0.000130177
0.000143051
0.000140667
0.000123262
0.000227928
0.000163078
0.000144243
0.000165939
0.000124931
0.000136375
0.000135899
0.000125885
0.000140905
0.000116587
0.000128984
0.000153065
0.000155210
0.000128746
0.000122547
0.000113249
0.000133276
0.000119925
0.000160456
0.000121832
0.000137806
0.000148296
0.000130653
0.000118017
0.000115395
0.000122070
0.000133753
0.000121593
0.000155210
0.000121593
0.000118256
0.000166178
0.000131130
0.000119448
0.000123501
0.000117540
0.000129223
0.000123501
0.000151634
0.000114679
0.000120163
0.000216007
0.000230074
0.000131130
0.000118732
0.000132322
0.000137568
0.000154495
0.000162601
0.000123024
0.000122070
0.000156403
0.000141382
0.000163555
0.000136852
0.000117779
0.000134230
0.000115871
0.000137568
0.000113010
0.000134706
0.000147581
0.000127077
0.000123024
0.000111580
0.000122070
0.000138998
0.000130653
0.000158310
0.000122547
0.000118732
0.000146627
0.000131845
0.000116348
0.000121832
0.000118971
0.000137329
0.000120640
0.000149250
0.000116587
0.000114202
0.000141144
0.000124693
0.000112057
0.000110626
0.000121593
0.000135899
0.000119686
0.000132561
0.000115633
0.000123262
0.000229359
0.000227451
0.000128031
0.000260353
0.000130177
0.000130177
0.000156641
0.000155926
0.000216007
0.000233412
0.000168085
0.000142813
0.000170231
0.000127554
0.000126123
0.000133991
0.000119925
0.000158548
0.000117779
0.000225782
0.000229836
0.000157356
0.000118017
0.000124693
0.000116110
0.000132561
0.000124216
0.000141382
0.000118017
0.000123501
0.000151634
0.000130177
0.000115633
0.000113487
0.000122547
0.000128984
0.000127077
0.000143051
0.000115156
0.000225306
0.000183105
0.000132084
0.000116825
0.000120401
0.000111818
0.000132084
0.000117302
0.000151396
0.000117302
0.000113249
0.000217915
0.000219107
0.000128269
0.000117302
0.000114679
0.000130177
0.000140429
0.000153542
0.000118971
0.000113487
0.000193596
0.000143290
0.000163078
0.000134230
0.000118732
0.000126839
0.000125885
0.000151157
0.000118494
0.000114441
0.000141859
0.000121832
0.000112057
0.000110388
0.000110388
0.000133991
0.000129461
0.000150204
0.000118017
0.000116110
0.000149965
0.000129700
0.000118494
0.000123024
0.000115871
0.000127316
0.000118732
0.000135660
0.000118256
0.000120878
0.000142813
0.000127554
0.000115633
0.000114202
0.000114441
0.000141621
0.000127316
0.000162363
0.000122309
0.000115395
0.000204086
0.000225782
0.000127077
0.000126123
0.000118017
0.000132799
0.000145435
0.000155687
0.000123978
0.000163078
0.000158548
0.000141144
0.000160217
0.000123978
0.000121832
0.000130892
0.000120640
0.000137806
0.000118017
0.000124216
0.000193834
0.000166416
0.000122786
0.000124216
0.000118256
0.000179052
0.000150681
0.000149965
0.000117540
0.000114918
0.000150919
0.000131607
0.000119209
0.000114441
0.000117540
0.000142574
0.000120640
0.000168324
0.000119925
0.000114202
0.000151157
0.000127792
0.000112534
0.000123501
0.000117064
0.000128746
0.000115395
0.000133514
0.000112295
0.000110865
0.000208139
0.000219584
0.000128031
0.000118256
0.000116825
0.000145435
0.000150681
0.000152588
0.000123501
0.000124931
0.000176430
0.000168085
0.000177383
0.000124693
0.000116587
0.000136375
0.000232935
0.000233889
0.000252724
0.000235796
0.000233889
0.000225544
0.000232458
0.000210524
0.000196934
0.000209093
0.000218630
0.000219584
0.000232935
0.000217199
0.000212431
0.000208616
0.000194550
0.000209093
0.000196218
0.000177145
0.000173569
0.000205517
0.000199556
0.000202179
0.000198603
0.000214577
0.000199318
0.000211716
0.000230789
0.000207901
0.000219584
0.000209093
0.000219822
0.000223875
0.000234365
0.000238657
0.000254631
0.000235319
0.000241280
0.000215054
0.000231743
0.000225782
0.000222206
0.000239134
0.000238895
0.000233650
0.000222445
0.000220776
0.000216246
0.000180960
0.000201941
0.000263691
0.000234842
0.000220299
0.000227213
0.000229597
0.000275850
0.000238657
0.000227213
0.000219107
0.000220060
0.000219107
0.000221252
0.000236750
0.000226974
0.000221968
0.000258923
0.000245571
0.000226259
0.000228882
0.000244856
0.000252962
0.000228643
0.000243425
0.000230789
0.001596451
