0.000209093
0.000236034
0.000138521
0.000127316
0.000133991
0.000229120
0.000155926
0.000233412
0.000139713
0.000235319
0.000230074
0.000230789
0.000148535
0.000122547
0.000126839
0.000148296
0.000146389
0.000233173
0.000142336
0.000158310
0.000152826
0.000174999
0.000142813
0.000224352
0.000145197
0.000132322
0.000134945
0.000227451
0.000147820
0.000227213
0.000169277
0.000128746
0.000124693
0.000120163
0.000128508
0.000238895
0.000232458
0.000235319
0.000143290
0.000179052
0.000144958
0.000220060
0.000228167
0.000233650
0.000138998
0.000129938
0.000127554
0.000234365
0.000138521
0.000159264
0.000147343
0.000133753
0.000128746
0.000213146
0.000146389
0.000140190
0.000133038
0.000232458
0.000138760
0.000233889
0.000215530
0.000135422
0.000131369
0.000122786
0.000128269
0.000145674
0.000128746
0.000243187
0.000146866
0.000173092
0.000156879
0.000176430
0.000139713
0.000123739
0.000122309
0.000131369
0.000128746
0.000151634
0.000131845
0.000148058
0.000135660
0.000123262
0.000122309
0.000121117
0.000128508
0.000129461
0.000131369
0.000156641
0.000132799
0.000149727
0.000134945
0.000135899
0.000127792
0.000122070
0.000124216
0.000122309
0.000126362
0.000159502
0.000131607
0.000168800
0.000142336
0.000124931
0.000122309
0.000123978
0.000120401
0.000127792
0.000130653
0.000146866
0.000130653
0.000223875
0.000228643
0.000137568
0.000125170
0.000124931
0.000127554
0.000143051
0.000131130
0.000149727
0.000127077
0.000146389
0.000142574
0.000158548
0.000130653
0.000122786
0.000123024
0.000125647
0.000122786
0.000166178
0.000135422
0.000196695
0.000161886
0.000133753
0.000123739
0.000118971
0.000127077
0.000136852
0.000127554
0.000160217
0.000127554
0.000139713
0.000138998
0.000128746
0.000123024
0.000120878
0.000126839
0.000122070
0.000126839
0.000139952
0.000129223
0.000212669
0.000141144
0.000125647
0.000125170
0.000119209
0.000120640
0.000128984
0.000127792
0.000140905
0.000130892
0.000218630
0.000230312
0.000132799
0.000128508
0.000126839
0.000125647
0.000148296
0.000135899
0.000163317
0.000134706
0.000153065
0.000198603
0.000144720
0.000139713
0.000128508
0.000134706
0.000124216
0.000131130
0.000145435
0.000135183
0.000148296
0.000128269
0.000133991
0.000131369
0.000131130
0.000133991
0.000125885
0.000125885
0.000140667
0.000126839
0.000171185
0.000150919
0.000122547
0.000120401
0.000118494
0.000119209
0.000125885
0.000125408
0.000150681
0.000128508
0.000164270
0.000139713
0.000121355
0.000119209
0.000119209
0.000130653
0.000128746
0.000128508
0.000153780
0.000129700
0.000229836
0.000222683
0.000140190
0.000128031
0.000123501
0.000124216
0.000141382
0.000130177
0.000237465
0.000231504
0.000186205
0.000192881
0.000129938
0.000123978
0.000122309
0.000132561
0.000139236
0.000128508
0.000157356
0.000136375
0.000159502
0.000179052
0.000133038
0.000128269
0.000120640
0.000127077
0.000132084
0.000128508
0.000158548
0.000131130
0.000148058
0.000140190
0.000130177
0.000121832
0.000120163
0.000120401
0.000124693
0.000141621
0.000153780
0.000128269
0.000175953
0.000182867
0.000134706
0.000120878
0.000121117
0.000120640
0.000127554
0.000135899
0.000142336
0.000141382
0.000215769
0.000227928
0.000131369
0.000123262
0.000120878
0.000128508
0.000143051
0.000134945
0.000157833
0.000132799
0.000150919
0.000178099
0.000137091
0.000123739
0.000127077
0.000127077
0.000122309
0.000122547
0.000147343
0.000128508
0.000166178
0.000135660
0.000157595
0.000135660
0.000123501
0.000122070
0.000129223
0.000131607
0.000148535
0.000130177
0.000150919
0.000136375
0.000122547
0.000120640
0.000117064
0.000126123
0.000126362
0.000125170
0.000150681
0.000126600
0.000139236
0.000127792
0.000121832
0.000126362
0.000121117
0.000122309
0.000121355
0.000124693
0.000146151
0.000125408
0.000209808
0.000225544
0.000132799
0.000236988
0.000141144
0.000129938
0.000150681
0.000142097
0.000154495
0.000130415
0.000160217
0.000182152
0.000130177
0.000162601
0.000135899
0.000134468
0.000126600
0.000128031
0.000156164
0.000230312
0.000164270
0.000163078
0.000134230
0.000121832
0.000119448
0.000121117
0.000121593
0.000127316
0.000147820
0.000128746
0.000186682
0.000134230
0.000121593
0.000126600
0.000246048
0.000205755
0.000193357
0.000190973
0.000229120
0.000215769
0.000224590
0.000146866
0.000128746
0.000123262
0.000126123
0.000129938
0.000120640
0.000124693
0.000145912
0.000131845
0.000199318
0.000211000
0.000132322
0.000121593
0.000120401
0.000120401
0.000142574
0.000128269
0.000165701
0.000129938
0.000149727
0.000186205
0.000130653
0.000124216
0.000131130
0.000128269
0.000124931
0.000123024
0.000138760
0.000123024
0.000148535
0.000131607
0.000121355
0.000118971
0.000124216
0.000127792
0.000122786
0.000134230
0.000143051
0.000127077
0.000140905
0.000127792
0.000121355
0.000123739
0.000132084
0.000120163
0.000124216
0.000128269
0.000139475
0.000129461
0.000138998
0.000135422
0.000120401
0.000118017
0.000121355
0.000131845
0.000150442
0.000155926
0.000168800
0.000241995
0.000221968
0.000232935
0.000135422
0.000122070
0.000122309
0.000140667
0.000145912
0.000130892
0.000148296
0.000148773
0.000141144
0.000177622
0.000135899
0.000121593
0.000121355
0.000120640
0.000122547
0.000129461
0.000149727
0.000207901
0.000140429
0.000185013
0.000152588
0.000131130
0.000119925
0.000128508
0.000145435
0.000139236
0.000143051
0.000157356
0.000137329
0.000132799
0.000126600
0.000125647
0.000235796
0.000215769
0.000139236
0.000133038
0.000150681
0.000168085
0.000135660
0.000125408
0.000139475
0.000120878
0.000118732
0.000120163
0.000120640
0.000128269
0.000149488
0.000212908
0.000130415
0.000194788
0.000129938
0.000121355
0.000128031
0.000129700
0.000144482
0.000132561
0.000143766
0.000155687
0.000137568
0.000175238
0.000132084
0.000120163
0.000126600
0.000120640
0.000119686
0.000124931
0.000159979
0.000177622
0.000136375
0.000122786
0.000120878
0.000129223
0.000118017
0.000119209
0.000126123
0.000127077
0.000149965
0.000228882
0.000142336
0.000128746
0.000129223
0.000122547
0.000123978
0.000124693
0.000124931
0.000123739
0.000151873
0.000174761
0.000129461
0.000123501
0.000118732
0.000120640
0.000129700
0.000120401
0.000130415
0.000123739
0.000138760
0.000209808
0.000227928
0.000150681
0.000126839
0.000122786
0.000125170
0.000129461
0.000125885
0.000134706
0.000236511
0.000175714
0.000141859
0.000179768
0.000130653
0.000124454
0.000135422
0.000126123
0.000134706
0.000133753
0.000157595
0.000176191
0.000129938
0.000153780
0.000126123
0.000122547
0.000130177
0.000125408
0.000131369
0.000129223
0.000154257
0.000153303
0.000129700
0.000130415
0.000123501
0.000122786
0.000123978
0.000167131
0.000138998
0.000136614
0.000159740
0.000172615
0.000133991
0.000133514
0.000126839
0.000123978
0.000127554
0.000127792
0.000128984
0.000124931
0.000175476
0.000211954
0.000225782
0.000142097
0.000127316
0.000127077
0.000129461
0.000137329
0.000140667
0.000130415
0.000159025
0.000159740
0.000139713
0.000165701
0.000133038
0.000121832
0.000118732
0.000119925
0.000128746
0.000121832
0.000144482
0.000147820
0.000127316
0.000136375
0.000120640
0.000126839
0.000121593
0.000123739
0.000130415
0.000123024
0.000142336
0.000147820
0.000133991
0.000138283
0.000126839
0.000122547
0.000129461
0.000121355
0.000129938
0.000127077
0.000150204
0.000167608
0.001406193
