0.000539541
0.000535488
0.000364065
0.000359535
0.000330925
0.000385284
0.000407219
0.000374556
0.000340700
0.000528812
0.000440836
0.000604391
0.000345230
0.000348568
0.000425577
0.000339985
0.000373840
0.000433922
0.000432730
0.000442266
0.000398159
0.000451565
0.000400543
0.000432968
0.000339270
0.000358582
0.000345469
0.000380516
0.000420570
0.000439405
0.000411510
0.000441074
0.000333786
0.000338793
0.000351906
0.000494719
0.000360966
0.000391960
0.000341654
0.000522375
0.000404596
0.000427008
0.000420809
0.000352621
0.000337839
0.000352144
0.000329256
0.000525713
0.000340939
0.000445604
0.000488281
0.000360489
0.000345945
0.000516653
0.000358820
0.000348806
0.000328302
0.000419855
0.000435352
0.000433207
0.000427723
0.000442028
0.000358343
0.000447989
0.000332832
0.000360966
0.000466585
0.000397444
0.000454903
0.000409365
0.000398397
0.000368595
0.000484943
0.000347137
0.000347614
0.000424623
0.000350714
0.000374317
0.000343323
0.000404596
0.000523806
0.000357628
0.000410318
0.000353813
0.000327110
0.000425100
0.000416756
0.000386715
0.000429630
0.000398636
0.000383377
0.000378370
0.000351667
0.000340700
0.000338078
0.000488520
0.000357628
0.000369549
0.000404358
0.000392675
0.000491858
0.000348330
0.000317335
0.000346422
0.000318527
0.000336409
0.000330448
0.000379086
0.000321865
0.000376701
0.000422001
0.000418425
0.000325680
0.000345945
0.000351906
0.000329494
0.000361443
0.000375748
0.000334740
0.000379086
0.000368834
0.000374079
0.000380039
0.000352144
0.000317574
0.000343084
0.000348091
0.000374556
0.000351667
0.000376225
0.000370979
0.000334978
0.000328064
0.000335217
0.000333309
0.000339746
0.000350952
0.000368357
0.000334024
0.000376225
0.000404596
0.000346184
0.000332832
0.000363588
0.000322342
0.000329733
0.000344515
0.000365496
0.000341177
0.000376463
0.000362158
0.000336885
0.000318527
0.000446081
0.000357866
0.000348330
0.000351906
0.000360250
0.000348568
0.000374556
0.000418663
0.000420332
0.000327110
0.000362158
0.000320673
0.000325680
0.000359535
0.000373840
0.000349283
0.000424623
0.000559807
0.000511408
0.000548363
0.000525951
0.000492334
0.000487089
0.000496864
0.000531673
0.000511169
0.000550032
0.000529289
0.000493288
0.000513077
0.000505924
0.000476837
0.000488997
0.000485659
0.000533819
0.000496387
0.000535727
0.000523329
0.000516176
0.000472784
0.000491142
0.000487089
0.000565052
0.000496864
0.000518799
0.000502586
0.000538588
0.000575542
0.000509262
0.000467539
0.000493765
0.000468969
0.000567436
0.000548840
0.000543118
0.000496864
0.000529766
0.000569105
0.000581503
0.000491858
0.000489235
0.000480890
0.000523567
0.000527382
0.000528812
0.000497580
0.000545740
0.000532627
0.000551224
0.000487089
0.000506401
0.000472546
0.000481844
0.000505686
0.000510454
0.000477076
0.000522375
0.000517607
0.000496864
0.000468493
0.000497103
0.000480413
0.000497341
0.000491858
0.000506878
0.000491381
0.000538111
0.000531673
0.000497341
0.000469923
0.000484705
0.000464439
0.000499487
0.000491858
0.000524521
0.000502110
0.000543118
0.000546694
0.000504732
0.000459909
0.000471354
0.000505209
0.000482321
0.000498533
0.000514746
0.000489235
0.000529289
0.000575542
0.000581264
0.000474930
0.000500679
0.000462055
0.000488043
0.000508785
0.000527620
0.000512838
0.000554085
0.000524044
0.000549793
0.000491142
0.000494957
0.000481367
0.000516176
0.000490665
0.000522375
0.000510454
0.000567198
0.000529051
0.000496149
0.000507593
0.000494480
0.000426054
0.000447989
0.000452995
0.000476360
0.000456333
0.000487089
0.000492811
0.000456333
0.000438213
0.000461817
0.000444412
0.000445127
0.000453949
0.000473738
0.000449657
0.000482082
0.000486612
0.000442505
0.000431061
0.000465155
0.000431299
0.000456572
0.000449896
0.000472069
0.000449419
0.000484943
0.000521898
0.000525951
0.000441074
0.000449181
0.000464916
0.000452995
0.000479221
0.000485897
0.000456572
0.000487089
0.000507832
0.000508308
0.000432730
0.000473499
0.000447035
0.000453949
0.000453949
0.000473499
0.000446320
0.000486135
0.000485659
0.000469208
0.000432491
0.000441313
0.000444174
0.000447512
0.000452518
0.000472546
0.000463724
0.000503540
0.000491858
0.000479221
0.000449657
0.000464201
0.000433683
0.000460625
0.000446796
0.000468493
0.000449181
0.000489950
0.000480413
0.000451088
0.000445843
0.000477314
0.000451326
0.000456572
0.000467777
0.000482082
0.000447750
0.000489950
0.000509024
0.000529528
0.000449419
0.000453234
0.000431538
0.000455141
0.000474453
0.000496864
0.000460148
0.000527859
0.000460148
0.000504494
0.000437498
0.000464678
0.000478506
0.000453472
0.000463486
0.000472784
0.000447750
0.000510931
0.000491619
0.000487328
0.000440121
0.000457764
0.000435114
0.000453711
0.000449419
0.000478745
0.000458717
0.000510216
0.000451565
0.000450850
0.000429630
0.000435591
0.000458002
0.000445127
0.000458479
0.000477552
0.000451565
0.000508070
0.000462770
0.000454903
0.000444174
0.000458717
0.000444174
0.000463486
0.000441790
0.000474691
0.000469208
0.000532389
0.000462770
0.000546694
0.000439405
0.000448227
0.000450850
0.000454903
0.000482321
0.000490427
0.000454426
0.000511408
0.000457048
0.000501633
0.000450850
0.000461102
0.000442743
0.000447273
0.000456095
0.000473261
0.000447512
0.000522852
0.000467062
0.000450373
0.000430346
0.000441313
0.000447035
0.000442266
0.000453472
0.000474453
0.000449657
0.000523806
0.000465393
0.000450850
0.000451803
0.000449419
0.000427961
0.000453711
0.000452757
0.000467300
0.000443935
0.000505924
0.000463963
0.000444412
0.000439644
0.000459433
0.000462770
0.000451803
0.000451088
0.000480413
0.000450850
0.000530958
0.000516415
0.000501394
0.000442982
0.000455856
0.000476837
0.000448704
0.000468254
0.000514030
0.000573397
0.000520229
0.000478745
0.000509501
0.000447035
0.000456810
0.000442982
0.000458479
0.000467539
0.000478029
0.000470161
0.000519514
0.000460148
0.000495911
0.000447512
0.000448465
0.000453472
0.000452995
0.000455141
0.000477552
0.000476360
0.000525475
0.000459909
0.000488043
0.000460148
0.000461102
0.000442028
0.000437975
0.000443697
0.000481606
0.000470400
0.000531435
0.000458002
0.000455141
0.000463486
0.000449896
0.000435352
0.000447512
0.000459194
0.000477314
0.000464678
0.000530005
0.000528574
0.000450611
0.000436306
0.000463486
0.000452995
0.000471115
0.000460386
0.000483513
0.000456333
0.000510693
0.000484467
0.000520945
0.000455379
0.000441551
0.000436544
0.000439405
0.000447750
0.000476599
0.000475407
0.000535727
0.000481367
0.000442743
0.000431061
0.000451326
0.000462532
0.000451326
0.000493050
0.000466824
0.000448704
0.000507593
0.000460863
0.000461340
0.000442505
0.000457525
0.000456572
0.000443697
0.000480652
0.000463486
0.000469923
0.000506401
0.000457287
0.000433445
0.000445604
0.000446796
0.000445604
0.000446796
0.000453711
0.000462770
0.000453472
0.000537395
0.000529051
0.000441074
0.000575066
0.000451803
0.000452995
0.000471592
0.000465631
0.000485420
0.000456095
0.000501871
0.000490904
0.000509501
0.000452280
0.000446558
0.000460863
0.000461578
0.000472784
0.000463486
0.000455379
0.000484467
0.000494003
0.000476122
0.000462294
0.000465870
0.000466108
0.000449419
0.000471354
0.000461102
0.000454903
0.000480175
0.000496864
0.000437260
0.000442982
0.000452042
0.000445843
0.000435829
0.000459194
0.000475407
0.000465393
0.001714468
