0.016305685
0.000226259
0.000224590
0.000221014
0.000214338
0.000211000
0.000228643
0.000221491
0.000208855
0.000175714
0.000233889
0.000273943
0.000205517
0.000214577
0.000227690
0.000198603
0.000196934
0.000168562
0.000182152
0.000220299
0.000205517
0.000223398
0.000229359
0.000229359
0.000153065
0.000223160
0.000145435
0.000170708
0.000211954
0.000207186
0.000207186
0.000228405
0.000225306
0.000225067
0.000220537
0.000229597
0.000227690
0.000231028
0.000229120
0.000226259
0.000208855
0.000214338
0.000226974
0.000178576
0.000206709
0.000236034
0.000230551
0.000228643
0.000203848
0.000205517
0.000168324
0.000226021
0.000231504
0.000229359
0.000231028
0.000231743
0.000179052
0.000173569
0.000202179
0.000206709
0.000225544
0.000204563
0.000258446
0.000229359
0.000221968
0.000228167
0.000228643
0.000147581
0.000190020
0.000228882
0.000225306
0.000225067
0.000141382
0.000226736
0.000210285
0.000314474
0.000229120
0.000225782
0.000229836
0.000257015
0.000234604
0.000194311
0.000157118
0.000154018
0.000187874
0.000224352
0.000233650
0.000226021
0.000231504
0.000230074
0.000230551
0.000231028
0.000228643
0.000228643
0.000224352
0.000229597
0.000232220
0.000229359
0.000231028
0.000227690
0.000239372
0.000233889
0.000232458
0.000232458
0.000232458
0.000233650
0.000233412
0.000233889
0.000233412
0.000233889
0.000233889
0.000233650
0.000235081
0.000234842
0.000234604
0.000233173
0.000231743
0.000229597
0.000232220
0.000231981
0.000228643
0.000234842
0.000233650
0.000232697
0.000226736
0.000232458
0.000234842
0.000233173
0.000238419
0.000233173
0.000236034
0.000230074
0.000232458
0.000230551
0.000233889
0.000232935
0.000234842
0.000229597
0.000231743
0.000231743
0.000231743
0.000233889
0.000235081
0.000239134
0.000231028
0.000234604
0.000232220
0.000230551
0.000240564
0.000232220
0.000233173
0.000201225
0.000230551
0.000232935
0.000226021
0.000233412
0.000234604
0.000237942
0.000234127
0.000232458
0.000228643
0.000235558
0.000234365
0.000231743
0.000233889
0.000230074
0.000232935
0.000232458
0.000236750
0.000234604
0.000235081
0.000232935
0.000233412
0.000233889
0.000236511
0.000236988
0.000235319
0.000226498
0.000235796
0.000235796
0.000231266
0.000202894
0.000234842
0.000229836
0.000224352
0.000236273
0.000233889
0.000236034
0.000230312
0.000229120
0.000237226
0.000233173
0.000236034
0.000231504
0.000232935
0.000231028
0.000231981
0.000232220
0.000233173
0.000223160
0.000232220
0.000233173
0.000232220
0.000233650
0.000235319
0.000232220
0.000233173
0.000228643
0.000232458
0.000233412
0.000231504
0.000198841
0.000230551
0.000235081
0.000232458
0.000230789
0.000233650
0.000232458
0.000233412
0.000239372
0.000235558
0.000231266
0.000229836
0.000229359
0.000230789
0.000233173
0.000235796
0.000235319
0.000233650
0.000236511
0.000231743
0.000237226
0.000231743
0.000233412
0.000230551
0.000229120
0.000228643
0.000237465
0.000227928
0.000234127
0.000231028
0.000228882
0.000230551
0.000236511
0.000226974
0.000233889
0.000232697
0.000229836
0.000230312
0.000233650
0.000232697
0.000232458
0.000230551
0.000231028
0.000232935
0.000231981
0.000235319
0.000238895
0.000258923
0.000256300
0.000233889
0.000231504
0.000232697
0.000237465
0.000229359
0.000231028
0.000230551
0.000236273
0.000232458
0.000230789
0.000235319
0.000194073
0.000231028
0.000231743
0.000224829
0.000232935
0.000237465
0.000230551
0.000234365
0.000231266
0.000231743
0.000236511
0.000230074
0.000229120
0.000232220
0.000233650
0.000228882
0.000230074
0.000235081
0.000229120
0.000227451
0.000229359
0.000230312
0.000231028
0.000233889
0.000237703
0.000230074
0.000228405
0.000231266
0.000183105
