0.000475168
0.000445604
0.000382662
0.000463009
0.000389338
0.000385284
0.000461340
0.000383854
0.000390053
0.000390530
0.000464916
0.000406504
0.000382900
0.000457764
0.000381708
0.000385284
0.000452518
0.000385046
0.000413656
0.000388861
0.000424147
0.000391245
0.000390053
0.000378847
0.000386000
0.000452042
0.000387192
0.000387907
0.000461817
0.000386238
0.000392914
0.000400305
0.000462532
0.000386477
0.000379562
0.000381947
0.000466347
0.000389338
0.000386953
0.000385761
0.000388145
0.000382900
0.000455856
0.000383615
0.000461578
0.000392914
0.000383139
0.000384092
0.000457048
0.000397921
0.000395060
0.000482082
0.000386238
0.000388384
0.000394583
0.000447035
0.000385046
0.000392437
0.000363827
0.000459433
0.000391483
0.000384092
0.000386715
0.000457525
0.000385046
0.000390291
0.000386953
0.000461102
0.000398397
0.000382185
0.000412464
0.000380278
0.000387430
0.000456572
0.000382662
0.000465631
0.000386238
0.000377893
0.000395536
0.000463963
0.000385523
0.000382900
0.000381947
0.000483274
0.000391006
0.000390291
0.000389338
0.000479460
0.000391960
0.000385761
0.000385046
0.000453711
0.000388622
0.000376225
0.000381231
0.000386477
0.000458479
0.000398397
0.000386715
0.000383615
0.000380039
0.000374794
0.000375986
0.000383854
0.000377893
0.000377893
0.000382662
0.000383615
0.000373602
0.000372648
0.000377417
0.000380754
0.000373125
0.000382900
0.000373125
0.000371456
0.000379801
0.000412226
0.000376701
0.000378132
0.000381231
0.000376463
0.000382185
0.000377655
0.000382900
0.000377655
0.000376225
0.000375032
0.000385523
0.000379801
0.000383854
0.000381470
0.000377655
0.000376225
0.000373363
0.000378609
0.000377417
0.000372887
0.000352383
0.000379324
0.000374556
0.000383854
0.000375032
0.000375748
0.000374794
0.000375509
0.000374556
0.000378370
0.000380039
0.000388145
0.000373840
0.000377655
0.000399351
0.000382900
0.000375509
0.000375032
0.000392914
0.000377655
0.000379562
0.000373840
0.000383139
0.000378847
0.000372648
0.000380754
0.000382185
0.000386715
0.000381947
0.000377417
0.000376225
0.000383615
0.000375032
0.000385523
0.000374794
0.000376701
0.000372887
0.000375509
0.000383377
0.000349998
0.000376225
0.000382900
0.000384569
0.000379086
0.000374794
0.000375271
0.000374794
0.000373840
0.000378609
0.000403881
0.000381947
0.000374794
0.000382185
0.000376225
0.000373125
0.000381708
0.000380039
0.000384092
0.000378370
0.000386477
0.000374317
0.000379562
0.000346184
0.000377655
0.000378370
0.000377178
0.000375032
0.000382185
0.000384092
0.000381947
0.000387907
0.000373363
0.000375748
0.000384331
0.000373363
0.000380993
0.000377893
0.000377417
0.000375509
0.000375986
0.000375032
0.000373125
0.000380516
0.000383615
0.000377417
0.000378847
0.000376463
0.000373602
0.000378847
0.000376225
0.000375986
0.000376940
0.000377417
0.000342369
0.000376701
0.000375032
0.000382662
0.000379562
0.000376940
0.000376225
0.000374079
0.000377655
0.000375748
0.000375748
0.000386715
0.000379324
0.000375509
0.000376463
0.000374079
0.000372648
0.000376701
0.000377178
0.000375271
0.000376940
0.000377417
0.000384569
0.000370502
0.000370979
0.000375986
0.000378847
0.000377417
0.000377178
0.000380278
0.000377655
0.000378609
0.000376940
0.000376940
0.000375032
0.000376463
0.000376940
0.000371456
0.000381470
0.000379801
0.000372887
0.000374079
0.000375271
0.000379324
0.000380993
0.000379801
0.000409365
0.000392914
0.000406742
0.000402451
0.000377655
0.000378370
0.000378370
0.000376463
0.000378370
0.000376225
0.000378132
0.000381470
0.000373602
0.000375271
0.000374317
0.000378132
0.000377893
0.000373602
0.000383854
0.000380993
0.000374556
0.000379324
0.000331402
