0.011704922
0.000131369
0.000202656
0.000222921
0.000221968
0.000235319
0.000226021
0.000226259
0.000226259
0.000231981
0.000179291
0.000170231
0.000177145
0.000205278
0.000212908
0.000180960
0.000219107
0.000211477
0.000208378
0.000238419
0.000148296
0.000214100
0.000233412
0.000226259
0.000172138
0.000233412
0.000221491
0.000227928
0.000224590
0.000234365
0.000226974
0.000226498
0.000229836
0.000145912
0.000221014
0.000227690
0.000224590
0.000229836
0.000225306
0.000224829
0.000226498
0.000214577
0.000224352
0.000226021
0.000226259
0.000234604
0.000225306
0.000224352
0.000158548
0.000226259
0.000229120
0.000231504
0.000224352
0.000230551
0.000226259
0.000226974
0.000222206
0.000228882
0.000226974
0.000227451
0.000226021
0.000225306
0.000220060
0.000231981
0.000222445
0.000230551
0.000211716
0.000212669
0.000207186
0.000208378
0.000217915
0.000224829
0.000221252
0.000229836
0.000207663
0.000229836
0.000223160
0.000228643
0.000224590
0.000223398
0.000227213
0.000235558
0.000229359
0.000232458
0.000226259
0.000230312
0.000223398
0.000223160
0.000230312
0.000227213
0.000225067
0.000229120
0.000229120
0.000226974
0.000217438
0.000231028
0.000228167
0.000229120
0.000224829
0.000232220
0.000235796
0.000231266
0.000229359
0.000230312
0.000225782
0.000235558
0.000227928
0.000230312
0.000230312
0.000234127
0.000227213
0.000229120
0.000232220
0.000227451
0.000231266
0.000232220
0.000228405
0.000228643
0.000226498
0.000228643
0.000231743
0.000230551
0.000231743
0.000230789
0.000226974
0.000231743
0.000232220
0.000256300
0.000227213
0.000227690
0.000228405
0.000233889
0.000230551
0.000231743
0.000233173
0.000230789
0.000228405
0.000228882
0.000216484
0.000222206
0.000226021
0.000211477
0.000252962
0.000261784
0.000294924
0.000142813
0.000130892
0.000225782
0.000180244
0.000231028
0.000179529
0.000166178
0.000255346
0.000186443
0.000227213
0.000219822
0.000229836
0.000226498
0.000222206
0.000233650
0.000222921
0.000230312
0.000170946
0.000203609
0.000148773
0.000187635
0.000183105
0.000209093
0.000221491
0.000232220
0.000226259
0.000181675
0.000243425
0.000226736
0.000232458
0.000232697
0.000225067
0.000250816
0.000177383
0.000236273
0.000177383
0.000211477
0.000240803
0.000234127
0.000228167
0.000229120
0.000198841
0.000231743
0.000229359
0.000229836
0.000233650
0.000229359
0.000226736
0.000184774
0.000182629
0.000226021
0.000208855
0.000195980
0.000228405
0.000226498
0.000231981
0.000230074
0.000205278
0.000193834
0.000183821
0.000227213
0.000231028
0.000208855
0.000233889
0.000190973
0.000207424
0.000227928
0.000229597
0.000230789
0.000224352
0.000227451
0.000231028
0.000236750
0.000230312
0.000231743
0.000230551
0.000230789
0.000230312
0.000231743
0.000229120
0.000228882
0.000229120
0.000227928
0.000228167
0.000232458
0.000228882
0.000228167
0.000229359
0.000232697
0.000228882
0.000230074
0.000236034
0.000227690
0.000231028
0.000227690
0.000226736
0.000230312
0.000229597
0.000216484
0.000224113
0.000152588
0.000156879
0.000227690
0.000169039
0.000190020
0.000226736
0.000226736
0.000228405
0.000191212
0.000209093
0.000211000
0.000211477
0.000304461
0.000202894
0.000236273
0.000198841
0.000229597
0.000227213
0.000231266
0.000221014
0.000226974
0.000226736
0.000227690
0.000228405
0.000226736
0.000227690
0.000231743
0.000228405
0.000233650
0.000226736
0.000206947
0.000226974
0.000213146
0.000227213
0.000228405
0.000227928
0.000226736
0.000226259
0.000247955
0.000213861
0.000230074
0.000226498
0.000228167
0.000229597
0.000231504
0.000226498
0.000183105
0.000230312
0.000231743
0.000227451
0.000229836
0.000231981
0.000228167
0.000204325
0.000177145
