0.000324726
0.000464201
0.000374317
0.000449419
0.000375748
0.000382185
0.000447750
0.000381470
0.000376940
0.000373840
0.000457048
0.000375032
0.000373840
0.000455618
0.000373602
0.000372887
0.000459433
0.000374079
0.000377178
0.000375271
0.000471115
0.000372410
0.000367165
0.000375271
0.000374079
0.000459909
0.000378609
0.000373602
0.000459671
0.000399113
0.000377417
0.000376940
0.000458241
0.000377417
0.000376225
0.000374794
0.000448704
0.000377417
0.000372887
0.000396967
0.000369310
0.000374317
0.000452518
0.000382185
0.000451326
0.000374317
0.000375271
0.000383377
0.000456572
0.000375032
0.000374794
0.000448227
0.000372171
0.000385761
0.000377417
0.000440598
0.000372648
0.000374794
0.000316858
0.000443220
0.000378609
0.000371933
0.000371218
0.000455141
0.000375509
0.000369549
0.000374794
0.000452518
0.000396013
0.000373363
0.000383854
0.000372648
0.000375271
0.000448465
0.000379562
0.000442028
0.000373363
0.000379086
0.000394583
0.000453949
0.000381470
0.000376463
0.000377178
0.000449419
0.000381708
0.000374317
0.000393867
0.000463247
0.000379086
0.000369787
0.000375509
0.000448227
0.000372648
0.000367880
0.000381470
0.000375032
0.000413179
0.000377655
0.000376940
0.000372648
0.000369787
0.000369787
0.000372648
0.000371933
0.000363588
0.000364780
0.000365496
0.000377417
0.000364542
0.000370502
0.000366211
0.000362158
0.000372410
0.000365257
0.000365496
0.000361443
0.000364304
0.000377655
0.000372410
0.000390053
0.000370264
0.000374079
0.000368595
0.000368834
0.000372171
0.000368834
0.000371218
0.000370979
0.000367403
0.000342369
0.000365973
0.000364065
0.000371695
0.000369549
0.000385046
0.000369787
0.000366926
0.000334978
0.000364780
0.000364065
0.000369310
0.000369310
0.000368595
0.000362396
0.000374317
0.000366688
0.000370026
0.000362873
0.000381947
0.000363350
0.000370741
0.000370741
0.000363588
0.000364780
0.000374556
0.000370264
0.000366688
0.000367641
0.000385046
0.000372887
0.000365496
0.000370264
0.000377417
0.000365496
0.000369072
0.000365734
0.000366926
0.000369310
0.000375748
0.000370026
0.000370502
0.000369072
0.000373125
0.000367165
0.000373602
0.000366211
0.000365496
0.000363111
0.000342846
0.000368357
0.000374794
0.000372648
0.000368595
0.000361443
0.000372171
0.000367403
0.000372410
0.000365019
0.000367880
0.000349045
0.000364304
0.000365257
0.000367641
0.000367641
0.000375986
0.000361204
0.000367880
0.000368595
0.000373602
0.000364304
0.000385523
0.000369549
0.000381947
0.000370741
0.000370979
0.000370741
0.000369310
0.000364065
0.000364780
0.000363350
0.000374794
0.000373363
0.000365973
0.000363350
0.000373602
0.000367403
0.000362635
0.000366926
0.000367165
0.000362635
0.000329256
0.000369787
0.000370264
0.000362635
0.000398636
0.000369549
0.000364065
0.000370026
0.000370979
0.000369787
0.000373840
0.000378609
0.000371933
0.000368118
0.000367165
0.000373363
0.000370026
0.000363588
0.000365973
0.000368834
0.000370502
0.000382900
0.000368118
0.000370264
0.000365496
0.000374317
0.000366926
0.000365257
0.000365496
0.000363350
0.000374794
0.000335217
0.000333786
0.000338793
0.000348568
0.000333309
0.000347376
0.000329971
0.000330925
0.000335932
0.000336409
0.000330210
0.000334501
0.000332355
0.000352383
0.000338793
0.000329256
0.000333309
0.000329256
0.000335455
0.000336409
0.000335455
0.000334978
0.000335455
0.000349522
0.000338554
0.000338554
0.000332355
0.000335217
0.000332832
0.000335455
0.000331879
0.000337124
0.000329971
0.000347137
0.000330448
0.000336409
0.000339508
0.000334501
0.000365257
0.000370264
0.000371218
0.000363350
0.000341415
0.000336885
0.000334501
0.000329494
0.000342131
0.000365496
0.000324488
