0.000485420
0.000458479
0.000391245
0.000564098
0.000445366
0.000472546
0.000370502
0.000349522
0.000462294
0.000392199
0.000346899
0.000388622
0.000346661
0.000414371
0.000671148
0.000472546
0.000389099
0.000397444
0.000390053
0.000447750
0.000352144
0.000434160
0.000390291
0.000473261
0.000394344
0.000389338
0.000396490
0.000458956
0.000288486
0.000271797
0.000511169
0.000396013
0.000390291
0.000388861
0.000485897
0.000395060
0.000264406
0.000260592
0.000273466
0.000459671
0.000395536
0.000410318
0.000401020
0.000396013
0.000460148
0.000447989
0.000465631
0.000401974
0.000283718
0.000394821
0.000492334
0.000364304
0.000391245
0.000394821
0.000457764
0.000331640
0.000388145
0.000458002
0.000391722
0.000387192
0.000401020
0.000392675
0.000391483
0.000391722
0.000460625
0.000395060
0.000395060
0.000394106
0.000389099
0.000395060
0.000408649
0.000283480
0.000437737
0.000336647
0.000416279
0.000423193
0.000390053
0.000420332
0.000282526
0.000391245
0.000390053
0.000394821
0.000268459
0.000391722
0.000275612
0.000295162
0.000277519
0.000401258
0.000418186
0.000303030
0.000349760
0.000259638
0.000462055
0.000387430
0.000391245
0.000392675
0.000241518
0.000408649
0.000404358
0.000370026
0.000384092
0.000382423
0.000376701
0.000382423
0.000325918
0.000259876
0.000386715
0.000265121
0.000378847
0.000376225
0.000265360
0.000377417
0.000347853
0.000275612
0.000384569
0.000384092
0.000347614
0.000271320
0.000261068
0.000395060
0.000381231
0.000384331
0.000383854
0.000387669
0.000384331
0.000341177
0.000377178
0.000385046
0.000386477
0.000355959
0.000382423
0.000376701
0.000386715
0.000382900
0.000380993
0.000385046
0.000402927
0.000384331
0.000384092
0.000387907
0.000329256
0.000328779
0.000357628
0.000330448
0.000341892
0.000319481
0.000328541
0.000356197
0.000412941
0.000330210
0.000383139
0.000381231
0.000392914
0.000550985
0.000413895
0.000384569
0.000375986
0.000378847
0.000380754
0.000378847
0.000380993
0.000317097
0.000380039
0.000381231
0.000389576
0.000389099
0.000378847
0.000394821
0.000409842
0.000386000
0.000388622
0.000385284
0.000367403
0.000396967
0.000380754
0.000378132
0.000384569
0.000384808
0.000339031
0.000327587
0.000348330
0.000326872
0.000345469
0.000324488
0.000265121
0.000405073
0.000340700
0.000298262
0.000380993
0.000289202
0.000334263
0.000354290
0.000337839
0.000267506
0.000306606
0.000351191
0.000324965
0.000352383
0.000381947
0.000378609
0.000379562
0.000402927
0.000306368
0.000267982
0.000390053
0.000279903
0.000385761
0.000319004
0.000384808
0.000379086
0.000378132
0.000403643
0.000361443
0.000329971
0.000375032
0.000366688
0.000436544
0.000389099
0.000374317
0.000405312
0.000383615
0.000262976
0.000268221
0.000385523
0.000387192
0.000390291
0.000374556
0.000379324
0.000382900
0.000403643
0.000385523
0.000376940
0.000379562
0.000386715
0.000376225
0.000386000
0.000378847
0.000383615
0.000389576
0.000375986
0.000390530
0.000268936
0.000389814
0.000386953
0.000413179
0.000405073
0.000374794
0.000376225
0.000369072
0.000376463
0.000395298
0.000427008
0.000409126
0.000411510
0.000391722
0.000387192
0.000384092
0.000329018
0.000329733
0.000329733
0.000410080
0.000379324
0.000380278
0.000306845
0.000386477
0.000385523
0.000502110
0.000381470
0.000383139
0.000290632
0.000377893
0.000383854
0.000378370
0.000381708
0.000507116
0.000365734
0.000378847
0.000273705
0.000353813
0.000389814
0.000578165
0.000378132
0.000383854
0.000480890
0.000379324
0.000387430
0.000384092
0.000377417
0.000386477
0.000381231
0.000361919
0.000381231
0.000378370
0.000319004
0.000385284
0.000391006
0.000336170
0.000378609
0.000388384
0.000349045
