0.086055279
0.000335693
0.000167131
0.000168562
0.000165462
0.000250340
0.000258923
0.000252008
0.000263929
0.000188589
0.000247955
0.000249624
0.000264168
0.000168324
0.000251770
0.000250101
0.000262499
0.000263691
0.000261307
0.000249624
0.000173330
0.000251055
0.000252247
0.000255346
0.000249624
0.000251293
0.000228882
0.000260353
0.000255823
0.000260353
0.000253201
0.000249863
0.000255108
0.000248432
0.000168562
0.000178337
0.000253916
0.000256777
0.000254631
0.000249624
0.000249863
0.000247002
0.000246763
0.000173569
0.000255823
0.000259161
0.000257492
0.000252247
0.000247240
0.000254393
0.000252485
0.000254631
0.000247002
0.000252724
0.000252962
0.000164032
0.000251532
0.000258923
0.000252008
0.000259161
0.000250340
0.000249863
0.000166416
0.000247717
0.000266790
0.000250816
0.000251770
0.000261068
0.000257254
0.000168324
0.000251293
0.000252247
0.000263691
0.000262737
0.000256538
0.000247002
0.000249386
0.000252485
0.000250578
0.000251532
0.000255823
0.000248671
0.000252485
0.000168562
0.000247002
0.000264168
0.000257254
0.000249624
0.000247240
0.000249147
0.000249863
0.000247240
0.000248432
0.000257254
0.000260592
0.000249624
0.000250578
0.000172138
0.000256777
0.000256300
0.000263929
0.000254393
0.000253677
0.000260592
0.000171423
0.000252962
0.000263214
0.000192165
0.000253201
0.000255108
0.000251770
0.000263453
0.000256300
0.000256777
0.000252247
0.000249386
0.000255585
0.000252962
0.000198603
0.000270367
0.000253677
0.000264645
0.000253916
0.000254154
0.000258923
0.000257254
0.000263214
0.000251293
0.000247717
0.000261784
0.000255823
0.000171661
0.000252485
0.000258684
0.000249624
0.000256777
0.000253439
0.000251293
0.000248671
0.000263214
0.000275612
0.000274897
0.000252008
0.000258923
0.000250816
0.000259876
0.000259399
0.000255108
0.000248194
0.000257254
0.000260830
0.000201941
0.000250340
0.000259876
0.000261784
0.000192881
0.000255108
0.000255823
0.000249863
0.000260592
0.000260353
0.000252008
0.000257254
0.000256300
0.000251055
0.000256300
0.000252485
0.000255108
0.000249863
0.000177860
0.000167847
0.000209808
0.000156403
0.000257492
0.000173569
0.000641346
0.000224829
0.000176668
0.000222445
0.000219584
0.000196457
0.000194311
0.000219345
0.000198364
0.000276089
0.000196457
0.000378609
0.000255346
0.000247240
0.000168324
0.000252008
0.000260353
0.000201464
0.000163555
0.000210047
0.000212669
0.000241280
0.000261307
0.000243425
0.000177145
0.000153780
0.000158548
0.000380754
0.000194550
0.000235558
0.000192642
0.000172853
0.000169277
0.000148058
0.000363588
0.000396729
0.000163555
0.000170469
0.000390768
0.000316381
0.000330687
0.000336647
0.000271559
0.000238657
0.000194073
0.000211954
0.000251293
0.000222445
0.000215292
0.000249624
0.000214577
0.000159979
0.000252008
0.000197649
0.000203609
0.000175238
0.000246763
0.000178814
0.000181675
0.000178576
0.000276327
0.000177622
0.000236511
0.000239372
0.000179529
0.000205040
0.000207186
0.000241995
0.000253439
0.000265837
0.000262022
0.000210524
0.000256062
0.000145435
0.000210762
0.000180960
0.000243664
0.000170469
0.000180483
0.000170708
0.000210762
0.000264645
0.000257492
0.000238895
0.000166655
0.000215530
0.000212669
0.000178337
0.000167370
0.000170708
0.000178814
0.000209332
0.000179291
0.000169039
0.000185966
0.000202179
0.000244141
0.000180960
0.000247717
0.000248432
0.000208855
0.000256538
0.000261307
0.000172853
0.000260115
0.000173569
0.000272989
0.000195503
0.000253201
0.000252724
0.000250101
0.000240326
0.000157356
0.000200510
0.000249624
0.000191212
0.000252724
0.000270605
0.000172853
0.000138760
0.000208378
0.000148773
0.000204325
0.000227928
0.000185490
