0.000302315
0.000238657
0.000252247
0.000212193
0.000211239
0.000200272
0.000218391
0.000217676
0.000190973
0.000209093
0.000196934
0.000255108
0.000238895
0.000244617
0.000237465
0.000245094
0.000246763
0.000242949
0.000245571
0.000242949
0.000239372
0.000241995
0.000250340
0.000245571
0.000247955
0.000249863
0.000249624
0.000257492
0.000246286
0.000246763
0.000242710
0.000244617
0.000249386
0.000245571
0.000247955
0.000246286
0.000249863
0.000242949
0.000242710
0.000269413
0.000237942
0.000252008
0.000247240
0.000253201
0.000248194
0.000241518
0.000250340
0.000243902
0.000250578
0.000245571
0.000249386
0.000222206
0.000253439
0.000248909
0.000246763
0.000248671
0.000253201
0.000250101
0.000246286
0.000251293
0.000246525
0.000247002
0.000246525
0.000249147
0.000247002
0.000252247
0.000251293
0.000252962
0.000246763
0.000242472
0.000243902
0.000249386
0.000249386
0.000250816
0.000250816
0.000237703
0.000252962
0.000245094
0.000273705
0.000253916
0.000241995
0.000245810
0.000242472
0.000245094
0.000249863
0.000250101
0.000243902
0.000245333
0.000213861
0.000247478
0.000258446
0.000245333
0.000249863
0.000245094
0.000247478
0.000244617
0.000239849
0.000274181
0.000252962
0.000247478
0.000243425
0.000246286
0.000241518
0.000262260
0.000245571
0.000240803
0.000243902
0.000242710
0.000250816
0.000241280
0.000243902
0.000242710
0.000244379
0.000257015
0.000262737
0.000241280
0.000240803
0.000242472
0.000265598
0.000240564
0.000243187
0.000247955
0.000243187
0.000246286
0.000243902
0.000251770
0.000201702
0.000217915
0.000212431
0.000237465
0.000280380
0.000244856
0.000241995
0.000222206
0.000239849
0.000239134
0.000243187
0.000214100
0.000270367
0.000261784
0.000257015
0.000239134
0.000280380
0.000228405
0.000219822
0.000258684
0.000239849
0.000276089
0.000241280
0.000244141
0.000256300
0.000249147
0.000231504
0.000251055
0.000225544
0.000258207
0.000266314
0.000249624
0.000340700
0.000198603
0.000205278
0.000219345
0.000236750
0.000229359
0.000223398
0.000243902
0.000226736
0.000214100
0.000246286
0.000230789
0.000229836
0.000237465
0.000234842
0.000215530
0.000369310
0.000217915
0.000211477
0.000186443
0.000197411
0.000215769
0.000214577
0.000219107
0.000228405
0.000249147
0.000240803
0.000241041
0.000243664
0.000243187
0.000244379
0.000250101
0.000255346
0.000243902
0.000251770
0.000247478
0.000247955
0.000242949
0.000264168
0.000247717
0.000243664
0.000268459
0.000252008
0.000244141
0.000247717
0.000244379
0.000249624
0.000243902
0.000241756
0.000239849
0.000242472
0.000174999
0.000243664
0.000244379
0.000240088
0.000247717
0.000228167
0.000242233
0.000244617
0.000243187
0.000243902
0.000192404
0.000253439
0.000245333
0.000244141
0.000240564
0.000245810
0.000253916
0.000240803
0.000240326
0.000267506
0.000180006
0.000239134
0.000244856
0.000250816
0.000243902
0.000247478
0.000244379
0.000241756
0.000241041
0.000250340
0.000174999
0.000240326
0.000252247
0.000241518
0.000248432
0.000241280
0.000243902
0.000244856
0.000240803
0.000249624
0.000173092
0.000247955
0.000259399
0.000242710
0.000251055
0.000246286
0.000250101
0.000242710
0.000242710
0.000253201
0.000238419
0.000246286
0.000245333
0.000247240
0.000245571
0.000240088
0.000237703
0.000245810
0.000273705
0.000240564
0.000214815
0.000246525
0.000250340
0.000275135
0.000241756
0.000270128
0.000248671
0.000244379
0.000239134
0.000271559
0.000228882
0.000274181
0.000249147
0.000246048
0.000247478
0.000247717
0.000247240
0.000253677
0.000246525
0.000243187
0.000242710
0.000247717
0.000240803
0.000245094
0.000250101
0.000280142
0.000247717
0.000251293
0.000243664
0.000283957
0.000246525
0.000270844
0.000248671
0.000251055
0.000273466
0.000246048
0.000270128
0.000255585
0.000273705
0.000269175
0.000242710
0.000272751
0.000244856
0.000246048
0.000246286
0.000251770
0.000243425
0.000252247
0.000267506
0.000238419
0.000276327
0.000246525
0.000241995
0.000244141
0.000242710
0.000279427
0.000214577
0.000248909
0.000241518
0.000265598
0.000245571
0.000239372
0.000242710
0.000247717
0.000249863
0.000229597
0.000251055
0.000247717
0.000226736
0.000223398
0.000217199
0.000222683
0.000233173
0.000227928
0.000226021
0.000197411
0.000234842
0.000210762
0.000218868
0.000205040
0.000214100
0.000195026
0.000217438
0.000196457
0.000197887
0.000241756
0.000249624
0.000240803
0.000243187
0.000243902
0.000239372
0.000240326
0.000243664
0.000244141
0.000246525
0.000244141
0.000244379
0.000240803
0.000239849
0.000192642
0.000241280
0.000243187
0.000247002
0.000245810
0.000251055
0.000241280
0.000252008
0.000249147
0.000247240
0.000247478
0.000203133
0.000247002
0.000245094
0.000242949
0.000242472
0.000243664
0.000234842
0.000245810
0.000243902
0.000243902
0.000244379
0.000235081
0.000245094
0.000240088
0.000244379
0.000249863
0.000242233
0.000243187
0.000241756
0.000249863
0.000240803
0.000243664
0.000247955
0.000244617
0.000247717
0.000237226
0.000244141
0.000243425
0.000239372
0.000211239
0.000242472
0.000226498
0.000250340
0.000250101
0.000240564
0.000244856
0.000246048
0.000246048
0.000245571
0.000244379
0.000244617
0.000240803
0.000247002
0.000251055
0.000247240
0.000248194
0.000252485
0.000247478
0.000243664
0.000228167
0.000239611
0.000247240
0.000250578
0.000248671
0.000245333
0.000241756
0.000275373
0.000249863
0.000252485
0.000244379
0.000238895
0.000241995
0.000242233
0.000248671
0.000241756
0.000239372
0.000247478
0.000245810
0.000246286
0.000256538
0.000233173
0.000247478
0.000239372
0.000254631
0.000257969
0.000223875
0.000248432
0.000261068
0.000332594
0.000213385
0.000395298
0.000295877
0.000207424
0.000217676
0.000234365
0.000241280
0.000235796
0.000219584
0.000221729
0.000240088
0.000215769
0.000208616
0.000206470
0.000273466
0.000236750
0.000239849
0.000236511
0.000235081
0.000234604
0.000235081
0.000235081
0.000234842
0.000235319
0.000239849
0.000238657
0.000240088
0.000237703
0.000236273
0.000230789
0.000229359
0.000231981
0.000235796
0.000236034
0.000244379
0.000233173
0.000238657
0.000239372
0.000241041
0.000237703
0.000230551
0.000228882
0.000234127
0.000245333
0.000236988
0.000234842
0.000236988
0.000242233
0.000234842
0.000239849
0.000241995
0.000180244
0.000238419
0.000239611
0.000238895
0.000237226
0.000238180
0.000231266
0.000235081
0.000233173
0.000241518
0.000234365
0.000231743
0.000241995
0.000237465
0.000233173
0.000232458
0.000233173
0.000244379
0.000233650
0.000257492
0.000206709
0.000240326
0.000237226
0.000240326
0.000235081
0.000231266
0.000231743
0.000229597
0.000231981
0.000242472
0.000231743
0.000237465
0.000232458
0.000242472
0.000228882
0.000234127
0.000232935
0.000234604
0.000234604
0.000245333
0.000228167
0.000235081
0.000231981
0.000238657
0.000228167
0.000236511
0.000237942
0.000232697
0.000233412
0.000233889
0.000227213
0.000233889
0.000233173
0.000234842
0.000232697
0.000234127
0.000234604
0.000234127
0.000233889
0.000200748
0.000181675
0.000235796
0.000239372
0.000237226
0.000237226
0.000246048
0.000235558
0.000238180
0.000216007
0.000208616
0.000211000
0.000229359
0.000224352
0.000196695
0.000197649
0.000280619
0.000202179
0.000195980
0.000239611
0.000233650
0.000175238
0.000261784
0.000241518
0.000236750
0.000233173
0.000243664
0.000236511
0.000237703
0.000236273
0.000240564
0.000178337
