0.001109123
0.001326084
0.001185179
0.001262426
0.001257181
0.001178265
0.001256227
0.001239061
0.001190186
0.001219511
0.001261234
0.001259089
0.001254320
0.001199722
0.001239300
0.001179218
0.001174450
0.001269102
0.001251936
0.001242638
0.001268625
0.001275778
0.001176596
0.001256466
0.001155376
0.001264334
0.001291990
0.001217127
0.001264095
0.001261473
0.001215696
0.001197100
0.001263142
0.001245499
0.001276016
0.001302958
0.001200914
0.001185417
0.001286983
0.001300335
0.001274586
0.001231909
0.001271248
0.001231432
0.001218081
0.001181602
0.001250029
0.001225233
0.001316786
0.001221180
0.001179695
0.001270771
0.001255751
0.001229286
0.001304388
0.001291752
0.001224041
0.001355171
0.000938654
0.001284122
0.001238585
0.001298428
0.001198292
0.001267195
0.001218796
0.001246691
0.001243830
0.001260996
0.001216412
0.011966944
0.001245499
0.001231432
0.001245022
0.001307249
0.001186848
0.001317024
0.001210451
0.001184940
0.001220703
0.001301765
0.001149654
0.001295805
0.001292467
0.001249313
0.001281500
0.001196861
0.001228571
0.001329422
0.001331329
0.001239300
0.001302242
0.001394510
0.001261234
0.001220465
0.001163244
0.012141705
0.001356602
0.001258135
0.001237869
0.001243830
0.001233101
0.001224279
0.001226187
0.001191616
0.001217842
0.001314402
0.001178026
0.000963211
0.001189709
0.001197577
0.001201391
0.001196146
0.001220703
0.001204729
0.000830173
0.001220942
0.001249552
0.000836611
0.001174450
0.001239538
0.000876665
0.000850916
0.000845909
0.000829697
0.001218557
0.000912189
0.001222849
0.000858784
0.000863314
0.000908613
0.000858307
0.000822544
0.001197815
0.001233816
0.001184225
0.001174688
0.001191139
0.001196146
0.001178026
0.001222372
0.001194715
0.001216888
0.001184225
0.001194477
0.001171589
0.001239061
0.001337290
0.001257181
0.001094818
0.001288414
0.001076698
0.000916004
0.000935316
0.000865698
0.000859737
0.000829697
0.000879288
0.000870228
0.000887632
0.000936508
0.000943899
0.001011372
0.000937223
0.000869989
0.000831842
0.000869036
0.000915289
0.000845909
0.000888109
0.000869036
0.001158476
0.001405954
0.001408100
0.001240015
0.001159906
0.001133204
0.001141071
0.001157284
0.001221657
0.001227379
0.001184225
0.001144409
0.001132965
0.001145840
0.001129627
0.001131773
0.001135588
0.001135111
0.001250505
0.001199722
0.001138210
0.001200199
0.001163244
0.001171112
0.001111269
0.001178503
0.001119375
0.001160860
0.001122236
0.001168013
0.001186132
0.001161575
0.001136780
0.001138687
0.001131535
0.000812531
0.001170635
0.001134872
0.001127481
0.001225710
0.001194715
0.001195192
0.001133919
0.001137733
0.001147985
0.000812531
0.001142502
0.001173019
0.000832558
0.011243582
0.001131296
0.001141310
0.001141071
0.001127005
0.001127481
0.000867367
0.001162767
0.001166105
0.001195192
0.001166344
0.001204491
0.001180410
0.001171112
0.001169443
0.001158476
0.000816107
0.001133680
0.001143932
0.001134396
0.001160860
0.001166821
0.001214027
0.001205683
0.001214743
0.001192808
0.000864506
0.001206636
0.001170158
0.001155376
0.001150131
0.001168013
0.001155138
0.001204014
0.001224995
0.001210451
0.000840425
0.001158953
0.001231670
0.001211405
0.001155138
0.001143694
0.001207113
0.001159191
0.001164436
0.001170874
0.000868320
0.001201153
0.001257181
0.001221895
0.000815153
0.001238585
0.001233816
0.001250267
0.001215219
0.001218081
0.000906467
0.001189470
0.001272678
0.001312733
0.001267672
0.001311302
0.001295567
0.001272678
0.001294613
0.001246691
0.000839233
0.001208067
0.001139879
0.001078367
0.001096964
0.001244068
0.001204252
0.001167774
0.001226902
0.001195908
0.000871658
0.001151562
0.001183271
0.001188517
0.001251459
0.001132488
0.001240015
0.001196861
0.001189947
0.001201868
0.000849962
0.000939846
0.000936270
0.000895500
0.000890970
0.000894547
0.001041412
0.000871420
0.000897408
0.000891447
0.001017332
0.000964165
0.000951529
0.001337290
0.000882387
0.001225710
0.001226425
0.001194239
0.001228809
0.001208782
0.001263142
0.001194000
0.001208544
0.001160145
0.001153469
0.001255989
0.001213312
0.001240730
0.001216650
0.001191139
0.001245499
0.001224041
0.001192093
0.001204252
0.001213551
0.001224518
0.001166105
0.001223326
0.001183748
0.001147270
0.001173019
0.001159668
0.001225948
0.001225710
0.001245975
0.001220703
0.001131535
0.001246452
0.001223564
0.001220942
0.001156807
0.001157045
0.001193047
0.001152515
0.000986814
0.001150846
0.001246929
0.001236200
0.001256943
0.001220465
0.001193285
0.001194000
0.001197100
0.001169443
0.000846863
0.001204729
0.001163721
0.001156092
0.001163006
0.001158953
0.001154184
0.001170635
0.001163960
0.001193523
0.001168251
0.001185894
0.001246691
0.001232147
0.001204491
0.001166821
0.001219273
0.001218081
0.001278639
0.001247883
0.001064062
0.001201153
0.001244307
0.001225948
0.001218557
0.001238346
0.001247406
0.001227140
0.001200914
0.000873089
0.000878334
0.001254797
0.000974894
0.001264811
0.001257658
0.001239538
0.001287460
0.000874996
0.001165152
0.001276970
0.001212120
0.001258850
0.001222134
0.001199245
0.001220703
0.001219273
0.001196861
0.001234293
0.001206398
0.001195431
0.000844479
0.001240492
0.001203537
0.000909090
0.000944853
0.000938177
0.000889540
0.000882387
0.000971556
0.000998974
0.000926018
0.000872374
0.001083136
0.001261950
0.001253843
0.001159906
0.001149893
0.001162767
0.001165152
0.001159668
0.001175404
0.001199722
0.001211643
0.001152992
0.001195431
0.001166105
0.001223087
0.001190901
0.001233101
0.001195192
0.001257181
0.001235723
0.001242399
0.001243830
0.001219511
0.001252651
0.001262188
0.001199961
0.001215935
0.001177549
0.001161814
0.001157999
0.001159430
0.001155615
0.001150608
0.001142263
0.001145601
0.001146317
0.001162291
0.001157284
0.000855446
0.001227140
0.001162529
0.001153946
0.001157045
0.001192570
0.001210690
0.001157045
0.001191139
0.001210928
0.001173019
0.001182079
0.001232862
0.001152039
0.001157284
0.001204014
0.001231194
0.001188517
0.001210928
0.001213551
0.001212358
0.001253605
0.001228094
0.001261950
0.001257181
0.001203060
0.001217127
0.001244068
0.001220465
0.001199007
0.001194000
0.001215935
0.001250029
0.001245737
0.001252651
0.001209736
0.001233339
0.001182318
0.001242638
0.001218081
0.001240730
0.001198053
0.001190901
0.001148701
0.001219749
0.001208782
0.001222134
0.001210690
0.001174688
0.000866890
0.000826836
0.000825882
0.000819206
0.000811100
0.000809908
0.000802994
0.000802517
0.000808954
0.000816345
0.000831366
0.000816345
0.000809908
0.000888348
0.000888109
0.000827551
0.000805140
0.001155138
0.000833273
0.000860214
0.000853062
0.000985861
0.000889063
0.000884771
0.000864267
0.000904322
0.000860929
0.000825405
0.001155615
0.001259327
0.001233339
0.001209736
0.001209259
0.001163721
0.001203775
0.001191139
0.001182556
0.001153469
0.001196384
0.001221418
0.001226187
0.001185417
0.001213551
0.001212358
0.001224995
0.001207352
0.001237154
0.001213789
0.001219273
0.001222134
0.001138210
0.000837564
0.001241922
0.001224995
0.001192093
0.001185894
0.001157522
0.001193523
0.001185894
0.001157284
0.001186848
0.001205683
0.001136065
0.001156330
0.001138449
0.001170874
0.001150846
0.001199961
0.001166821
0.001226902
0.001198530
0.001207590
0.001194239
0.001189947
0.001229763
0.001193285
0.001167774
0.001194000
0.001155376
0.001214981
0.001221895
0.001216888
