0.012789488
0.000235319
0.000237942
0.000188112
0.000281096
0.000247955
0.000240088
0.000221252
0.000227690
0.000226498
0.000226974
0.000230312
0.000230074
0.000597239
0.000229359
0.000234127
0.000232220
0.000240326
0.000207186
0.000230789
0.000233173
0.000243664
0.000240088
0.000230312
0.000235796
0.000234365
0.000233889
0.000233650
0.000230312
0.000197411
0.000237703
0.000236034
0.000238180
0.000232935
0.000230789
0.000231743
0.000232697
0.000232935
0.000260353
0.000234127
0.000236988
0.000236273
0.000234365
0.000233889
0.000239849
0.000257730
0.000262260
0.000237226
0.000235319
0.000243425
0.000248432
0.000232220
0.000260115
0.000259638
0.000234365
0.000267506
0.000231743
0.000260830
0.000229120
0.000231504
0.000228882
0.000232458
0.000226259
0.000229359
0.000253916
0.000225782
0.000232458
0.000224590
0.000180483
0.000247955
0.000224829
0.000227928
0.000209332
0.000257492
0.000239372
0.000226021
0.000208855
0.000189304
0.000172853
0.000196934
0.000193596
0.000189304
0.000188351
0.000197411
0.000165939
0.000186205
0.000195265
0.000191450
0.000178576
0.000163078
0.000202656
0.000206232
0.000198126
0.000189781
0.000192642
0.000185490
0.000168800
0.000190973
0.000197649
0.000211477
0.000207663
0.000194550
0.000206232
0.000181198
0.000198364
0.000326395
0.000218868
0.000187874
0.000178099
0.000172377
0.000196934
0.000193357
0.000170469
0.000190973
0.000193357
0.000171900
0.000209570
0.000193596
0.000196457
0.000184774
0.000202656
0.000202894
0.000216484
0.000202894
0.000143051
0.000210524
0.000208139
0.000203848
0.000200033
0.000224352
0.000203371
0.000212431
0.000205994
0.000202656
0.000204086
0.000193834
0.000213146
0.000195742
0.000204086
0.000202417
0.000203848
0.000203609
0.000179768
0.000203848
0.000204325
0.000207186
0.000203609
0.000178337
0.000218630
0.000220060
0.000248194
0.000248671
0.000242949
0.000246763
0.000237465
0.000240326
0.000242710
0.000241756
0.000244617
0.000243187
0.000227928
0.000207663
0.000261068
0.000250816
0.000223637
0.000227213
0.000246048
0.000236750
0.000217915
0.000221968
0.000244379
0.000239134
0.000214100
0.000238895
0.000243187
0.000196934
0.000236273
0.000226021
0.000212669
0.000187159
0.000192642
0.000214577
0.000230074
0.000243902
0.000219584
0.000236750
0.000242233
0.000217915
0.000202894
0.000216961
0.000190496
0.000193834
0.000393391
0.000236511
0.000237942
0.000241518
0.000211477
0.000219822
0.000205278
0.000236511
0.000229836
0.000233889
0.000240326
0.000238180
0.000238180
0.000234365
0.000238419
0.000232220
0.000220299
0.000238180
0.000189543
0.000196934
0.000237226
0.000212193
0.000234604
0.000263929
0.000239611
0.000223875
0.000200272
0.000175714
0.000342131
0.000217915
0.000217676
0.000237703
0.000264168
0.000239134
0.000235319
0.000211000
0.000211239
0.000184774
0.000209570
0.000216961
0.000237942
0.000218630
0.000201464
0.000209093
0.000242472
0.000236750
0.000173807
0.000229836
0.000201941
0.000224113
0.000222206
0.000246525
0.000200748
0.000238180
0.000216007
0.000195026
0.000197887
0.000194550
0.000257730
0.000250578
0.000229120
0.000247478
0.000249386
0.000246048
0.000190973
0.000249863
0.000173569
0.000181198
0.000241995
0.000201225
0.000192165
0.000194073
0.000208139
0.000244379
0.000243425
0.000242949
0.000188828
0.000437498
0.000205517
0.000222683
0.000267506
0.000202656
0.000187159
0.000241518
0.000237465
0.000242472
0.000177860
0.000221014
0.000219107
0.000240088
0.000237226
0.000241995
0.000245094
0.000235796
0.000262737
0.000237942
0.000251532
0.000221729
0.000250816
0.000252008
0.000198603
0.000181675
0.000209093
0.000235796
0.000179529
0.000195503
0.000200510
0.000236988
0.000212193
0.000192881
0.000211000
0.000227928
0.000168324
0.000160694
0.000161171
0.000182629
0.000160456
0.000203848
0.000197172
0.000195503
0.000201464
0.000194073
0.000174761
0.000176668
0.000176668
0.000198841
0.000176430
0.000201464
0.000206470
0.000181437
0.000182390
0.000175953
0.000198603
0.000200987
0.000200033
0.000201702
0.000200272
0.000202656
0.000202417
0.000202417
0.000199318
0.000209332
0.000222683
0.000218630
0.000217438
0.000223637
0.000206232
0.000226021
0.000206470
0.000203848
0.000214577
0.000211000
0.000205755
0.000208855
0.000207663
0.000207901
0.000220776
0.000211000
0.000230074
0.000229836
0.000257730
0.000233650
0.000223160
0.000222206
0.000221252
0.000218391
0.000222445
0.000221491
0.000246525
0.000227690
0.000225544
0.000242233
0.000217438
0.000221252
0.000223398
0.000221252
0.000211477
0.000214338
0.000221252
0.000220060
0.000222445
0.000217676
0.000218153
0.000222445
0.000219822
0.000221014
0.000216484
0.000218868
0.000223160
0.000217676
0.000219345
0.000220299
0.000217915
0.000220299
0.000223637
0.000220060
0.000223875
0.000223637
0.000224590
0.000223398
0.000216722
0.000238419
0.000213146
0.000214338
0.000219584
0.000222683
0.000215292
0.000253439
0.000247240
0.000244856
0.000241518
0.000247717
0.000241280
0.000246286
0.000244617
0.000238895
0.000243664
0.000241041
0.000241518
0.000436068
0.000237703
0.000237226
0.000246048
0.000243187
0.000245333
0.000196934
0.000172138
0.000235081
0.000237226
0.000243902
0.000236750
0.000240088
0.000239611
0.000240088
0.000243902
0.000240326
0.000236750
0.000214100
0.000237942
0.000236988
0.000238419
0.000226021
0.000237703
0.000241995
0.000241756
0.000219107
0.000224352
0.000219822
0.000219107
0.000218153
0.000219822
0.000223875
0.000218391
0.000222445
0.000222921
0.000216961
0.000236988
0.000213861
0.000253677
0.000250816
0.000224829
0.000230074
0.000233412
0.000238419
0.000240088
0.000228167
0.000220537
0.000233412
0.000228882
0.000205040
0.000190973
0.000212193
0.000186682
0.000180721
0.000233650
0.000237703
0.000219345
0.000246048
0.000239611
0.000241756
0.000245333
0.000246525
0.000246048
0.000238419
0.000243664
0.000241280
0.000245094
0.000250578
0.000252962
0.000247002
0.000249147
0.000171423
0.000245810
0.000245571
0.000253439
0.000237226
0.000237942
0.000212431
0.000210524
0.000239849
0.000224590
0.000179768
0.000180960
0.000231266
0.000241518
0.000239372
0.000244617
0.000228882
0.000252485
0.000239372
0.000250578
0.000193596
0.000236511
0.000233173
0.000230551
0.000222206
0.000207424
0.000219822
0.000244379
0.000220537
0.000215530
0.000225782
0.000237703
0.000247240
0.000237226
0.000236034
0.000190973
0.000237942
0.000246286
0.000231504
0.000237942
0.000240088
0.000236034
0.000248432
0.000256300
0.000226021
0.000238419
0.000244617
0.000236988
0.000241518
0.000241041
0.000234842
0.000241041
0.000241280
0.000247478
0.000233650
0.000219822
0.000264883
0.000288963
0.000274181
0.000247478
0.000215769
0.000227928
0.000234365
0.000225544
0.000228643
0.000240564
0.000241041
0.000234604
0.000238657
0.000243425
0.000237465
0.000262737
0.000267506
0.000259638
0.000235796
0.000235081
0.000237942
0.000236750
0.000243425
0.000240564
0.000244617
0.000241041
0.000240564
0.000248909
0.000244141
0.000246525
0.000232697
0.000243425
0.000248194
0.000241518
0.000245094
0.000206470
0.000223637
0.000206232
0.000210762
0.000207663
0.000215054
0.000212193
0.000211716
0.000182152
0.000182390
0.000227928
0.000225544
0.000238419
0.000248432
0.000403404
0.000218868
0.000236511
0.000240088
0.000242949
0.000218630
0.000494719
0.000431299
0.000206947
0.000244856
0.000251293
0.000314236
