0.000785828
0.000730515
0.000610590
0.000603914
0.000582695
0.000439882
0.000708580
0.000636816
0.000586271
0.000631332
0.000632286
0.000590563
0.000704288
0.000584841
0.000614405
0.000435114
0.000619411
0.000667095
0.000633240
0.000597000
0.000676870
0.000397205
0.000589371
0.000416517
0.000453949
0.000411034
0.000404835
0.000489235
0.000431776
0.000504971
0.000448227
0.000416994
0.000593185
0.000422001
0.000662804
0.000629425
0.000700712
0.000631571
0.000595570
0.000633478
0.000687599
0.000586987
0.000590086
0.000674009
0.000595093
0.000587702
0.000632048
0.000595808
0.000588894
0.000678539
0.000578165
0.000493765
0.000442266
0.000426531
0.000430822
0.000382423
0.000482559
0.000473738
0.000441313
0.000464439
0.000620365
0.000527620
0.000473738
0.000442266
0.000511408
0.000402451
0.000466585
0.000555992
0.000718832
0.000761509
0.000649929
0.000648499
0.000644207
0.000741482
0.000658035
0.000376701
0.000654221
0.000576258
0.000622034
0.000648737
0.000573397
0.000577211
0.000668287
0.000584364
0.000596523
0.000571728
0.000601053
0.000647068
0.000573635
0.000572681
0.000652790
0.000571012
0.000567436
0.000587225
0.000568628
0.000567436
0.000566959
0.000566721
0.000645876
0.000584364
0.000650167
0.000568867
0.000564098
0.000633001
0.000561476
0.000561714
0.000568628
0.000563145
0.000459671
0.000632286
0.000585556
0.000586271
0.000599384
0.000623226
0.000603437
0.000595331
0.000598907
0.000604391
0.000593901
0.000598669
0.000602007
0.000631332
0.000589371
0.000603437
0.000612736
0.000601530
0.000591993
0.000603914
0.000595093
0.000598669
0.000611067
0.000619650
0.000574827
0.000548124
0.000549316
0.000561714
0.000570297
0.000553131
0.000543356
0.000540972
0.000544786
0.000543833
0.000585318
0.000554085
0.000543118
0.000602007
0.000561714
0.000542879
0.000605583
0.000586271
0.000582218
0.000578165
0.000581503
0.000588179
0.000578165
0.000553370
0.000583887
0.000548840
0.000543356
0.000554800
0.000541687
0.000548363
0.000583887
0.000546455
0.000367165
0.000582695
0.000601768
0.000610113
0.000584602
0.000584364
0.000564575
0.000627279
0.000568628
0.000578165
0.000575304
0.000588417
0.000577450
0.000610113
0.000606298
0.000584602
0.000581026
0.000556946
0.000574827
0.000576735
0.000574827
0.000576973
0.000595331
0.000573397
0.000662565
0.000596285
0.000557423
0.000601768
0.000566959
0.000583887
0.000575066
0.000537872
0.000542879
0.000580549
0.000565052
0.000534534
0.000567436
0.000533104
0.000603437
0.000578880
0.000571966
0.000538111
0.000565290
0.000537634
0.000585556
0.000566959
0.000539541
0.000572920
0.000366449
0.000685215
0.000693321
0.000635147
0.000455141
0.000385523
0.000365019
0.000370741
0.000363827
0.000449181
0.000721931
0.000624418
0.000612974
0.000613451
0.000633001
0.000613451
0.000607014
0.000602245
0.000578165
0.000610113
0.000572205
0.000578403
0.000661373
0.000566244
0.000573874
0.000579596
0.000621557
0.000577450
0.000591040
0.000569820
0.000445127
0.000399828
0.000648737
0.000593662
0.000417233
0.000726223
0.000413895
0.000466108
0.000479698
0.000426531
0.000400305
0.000430346
0.000408173
0.000386953
0.000396252
0.000372410
0.000445366
0.000423431
0.000416279
0.000587463
0.000748396
0.000737667
0.000748396
0.000642538
0.000605106
0.000553846
0.000410080
0.000598431
0.000569820
0.000573158
0.000572443
0.000556469
0.000564575
0.000567198
0.000564814
0.000595331
0.000574589
0.000586748
0.000567675
0.000563383
0.000565767
0.000570059
0.000571012
0.000568628
0.000569105
0.000570059
0.000561476
0.000555515
0.000590324
0.000573874
0.000565767
0.000574827
0.000565529
0.000643253
0.000580549
0.000569105
0.000567198
0.000572205
0.000569105
0.000571251
0.000599623
0.000572681
0.000568390
0.000572681
0.000565767
0.000591040
0.000587702
0.000597477
0.000564098
0.000572920
0.000569820
0.000574112
0.000574350
0.000571012
0.000570297
0.000568867
0.000563383
0.000381708
0.000568867
0.000600100
0.000606775
0.000572920
0.000560284
0.000676394
0.000608206
0.000602961
0.000602245
0.000593424
0.000591516
0.000603676
0.000597477
0.000562668
0.000605345
0.000611067
0.000597000
0.000562191
0.000602961
0.000559568
0.000587702
0.000562906
0.000558853
0.000557661
0.000560760
0.000559807
0.000588179
0.000576258
0.000593901
0.000567675
0.000594616
0.000596285
0.000596523
0.000591755
0.000588417
0.000672102
0.000597000
0.000596285
0.000597000
0.000604630
0.000581503
0.000629187
0.000665903
0.000633001
0.000656843
0.000652075
0.000631809
0.000653505
0.000622272
0.000632286
0.000579119
0.000585556
0.000574112
0.000405312
0.000577211
0.000576019
0.000574112
0.000415325
0.000420809
0.000381708
0.000422239
0.000450850
0.000412464
0.000419140
0.000380516
0.000416756
0.000452042
0.000432491
0.000417709
0.000571966
0.000700474
0.000576973
0.000567198
0.000583887
0.000564575
0.000591755
0.000603676
0.000599861
0.000602484
0.000622511
0.000605822
0.000602007
0.000578165
0.000572443
0.000573158
0.000561953
0.000570297
0.000569820
0.000569582
0.000613689
0.000604630
0.000613928
0.000612259
0.000699043
0.000673056
0.000637293
0.000560045
0.000547647
0.000533581
0.000367641
0.000588179
0.000589848
0.000583649
0.000583649
0.000593662
0.000590563
0.000588894
0.000613689
0.000594616
0.000565052
0.000569105
0.000566959
0.000560522
0.000569820
0.000563145
0.000566959
0.000572443
0.000568151
0.000564337
0.000575781
0.000605345
0.000599384
0.000599623
0.000602722
0.000598431
0.000682116
0.000617981
0.000597000
0.000599861
0.000602961
0.000590801
0.000667334
0.000632286
0.000633955
0.000628710
0.000640154
0.000637293
0.000615835
0.000596523
0.000653505
0.000614166
0.000632524
0.000605106
0.000617743
0.000593424
0.000604153
0.000587940
0.000625372
0.000620365
0.000377893
0.000632524
0.000606537
0.000565767
0.000587225
0.000391960
0.000358105
0.000386000
0.000377178
0.000377417
0.000402212
0.000375986
0.000407219
0.000415325
0.000385284
0.000384331
0.000380993
0.000391722
0.000392914
0.000375271
0.000413656
0.000391006
0.000453949
0.000423193
0.000455379
0.000375271
0.000462294
0.000425577
0.000483990
0.000372648
0.000358820
0.000388384
0.000444651
0.000381470
0.000382185
0.000372887
0.000653505
0.000603199
0.000618219
0.000623941
0.000595570
0.000618458
0.000562906
0.000577450
0.000572205
0.000576019
0.000567675
0.000596523
0.000575781
0.000586987
0.000598669
0.000638247
0.000593901
0.000566721
0.000567436
0.000569820
0.000564814
0.000572681
0.000577927
0.000566244
0.000556231
0.000570059
0.000572920
0.000572920
0.000570059
0.000575542
0.000565052
0.000579357
0.000569820
0.000576019
0.000577450
0.000580311
0.000631809
0.000613928
0.000616074
0.000618219
0.000645876
0.000644922
0.000651360
0.000670195
0.000673771
0.000649691
0.000705004
0.000615120
0.000592709
0.000601768
0.000609636
0.000592709
0.000612736
0.000603676
0.000584602
0.000600100
0.000602484
0.000598907
0.000581264
0.000564575
0.000595093
0.000560522
0.000573874
0.000582457
0.000446558
0.000586510
0.000561237
0.000564814
0.000574112
0.000543833
0.000588655
0.000593424
0.000568151
0.000579357
0.000568628
0.000566483
0.000601768
0.000567675
0.000610113
0.000638008
0.000625849
0.000608444
0.000680208
0.000675201
0.000681877
0.000612020
0.000675917
0.000607252
0.000581503
0.000578165
0.000593424
0.000614405
0.000588894
0.000587702
0.000777960
