1607879917.167229652
1607879917.267289162
1607879917.367376328
1607879917.467382669
1607879917.567258835
1607879917.667195559
1607879917.767258644
1607879917.867382765
1607879917.967186213
1607879918.067180395
1607879918.167382717
1607879918.267381430
1607879918.367386580
1607879918.467378616
1607879918.567383289
1607879918.667268276
1607879918.767387152
1607879918.867383718
1607879918.967360497
1607879919.067184210
1607879919.167386055
1607879919.267377615
1607879919.367384434
1607879919.467376232
1607879919.567270041
1607879919.667380810
1607879919.767190218
1607879919.867377996
1607879919.967375278
1607879920.067381382
1607879920.167374611
1607879920.267374992
1607879920.367381573
1607879920.467379808
1607879920.567373991
1607879920.667375565
1607879920.767377615
1607879920.867375851
1607879920.967376709
1607879921.067375660
1607879921.167201042
1607879921.267259836
1607879921.367372274
1607879921.467375278
1607879921.567216873
1607879921.667377710
1607879921.767372370
1607879921.867380857
1607879921.967371702
1607879922.067373276
1607879922.167375565
1607879922.267346382
1607879922.367370605
1607879922.467278242
1607879922.567185879
1607879922.667370319
1607879922.767373800
1607879922.867272377
1607879922.967244864
1607879923.067261696
1607879923.167241573
1607879923.267264843
1607879923.367375374
1607879923.467264414
1607879923.567182302
1607879923.667264700
1607879923.767368793
1607879923.867351770
1607879923.967383146
1607879924.067214489
1607879924.167345285
1607879924.267252922
1607879924.367254257
1607879924.467376232
1607879924.567187548
1607879924.667371750
1607879924.767373323
1607879924.867388725
1607879924.967245579
1607879925.067221403
1607879925.167368174
1607879925.267257452
1607879925.367371321
1607879925.467374086
1607879925.567188740
1607879925.667262554
1607879925.767263889
1607879925.867376566
1607879925.967376947
1607879926.067382097
1607879926.167378426
1607879926.267257690
1607879926.367373705
1607879926.467385769
1607879926.567188501
1607879926.667377710
1607879926.767382145
1607879926.867273569
1607879926.967252016
1607879927.067263603
1607879927.167263031
1607879927.267402887
1607879927.367377520
1607879927.467377663
1607879927.567190886
1607879927.667191029
1607879927.767189980
1607879927.867193937
1607879927.967192650
1607879928.067196369
1607879928.167374134
1607879928.267252922
1607879928.367377996
1607879928.467374563
1607879928.567224264
1607879928.667235136
1607879928.767383575
1607879928.867264748
1607879928.967370033
1607879929.067382336
1607879929.167260170
1607879929.267260313
1607879929.367262125
1607879929.467262506
1607879929.567206383
1607879929.667185307
1607879929.767236233
1607879929.867248297
1607879929.967378616
1607879930.067376614
1607879930.167380333
1607879930.267378569
1607879930.367384195
1607879930.467379093
1607879930.567263126
1607879930.667259216
1607879930.767257452
1607879930.867375135
1607879930.967382431
1607879931.067375660
1607879931.167386055
1607879931.267382860
1607879931.367388010
1607879931.467185497
1607879931.567195415
1607879931.667193651
1607879931.767191172
1607879931.867207766
1607879931.967249632
1607879932.067363024
1607879932.167197704
1607879932.267193556
1607879932.367357492
1607879932.467263460
1607879932.567198515
1607879932.667191744
1607879932.767194986
1607879932.867192745
1607879932.967258215
1607879933.067196608
1607879933.167205095
1607879933.267262220
1607879933.367262602
1607879933.467191219
1607879933.567263603
1607879933.667260885
1607879933.767262697
1607879933.867207766
1607879933.967366934
1607879934.067262173
1607879934.167263508
1607879934.267368793
1607879934.367264986
1607879934.467375278
1607879934.567369461
1607879934.667379379
1607879934.767267704
1607879934.867376328
1607879934.967373848
1607879935.067381620
1607879935.167382717
1607879935.267382860
1607879935.367265463
1607879935.467358351
1607879935.567355156
1607879935.667387486
1607879935.767379999
1607879935.867379427
1607879935.967382431
1607879936.067377806
1607879936.167380571
1607879936.267380953
1607879936.367384434
1607879936.467386961
1607879936.567377567
1607879936.667384386
1607879936.767381191
1607879936.867376089
1607879936.967376709
1607879937.067242622
1607879937.167377234
1607879937.267383337
1607879937.367382526
1607879937.467381716
1607879937.567382812
1607879937.667188883
1607879937.767385244
1607879937.867382765
1607879937.967379093
1607879938.067377090
1607879938.167376757
1607879938.267372847
1607879938.367379665
1607879938.467376232
1607879938.567377567
1607879938.667375088
1607879938.767262459
1607879938.867263794
1607879938.967376471
1607879939.067382574
1607879939.167378902
1607879939.267377138
1607879939.367372751
1607879939.467381001
1607879939.567378759
1607879939.667372465
1607879939.767373085
1607879939.867371798
1607879939.967375994
1607879940.067374945
1607879940.167380571
1607879940.267381430
1607879940.367224455
1607879940.467375755
1607879940.567379951
1607879940.667376041
1607879940.767374277
1607879940.867376328
1607879940.967374086
1607879941.067375422
1607879941.167378187
1607879941.267380238
1607879941.367380619
1607879941.467374325
1607879941.567375183
1607879941.667373896
1607879941.767375946
1607879941.867372990
1607879941.967376947
1607879942.067354918
1607879942.167376041
1607879942.267375708
1607879942.367377996
1607879942.467383862
1607879942.567379475
1607879942.667262077
1607879942.767383337
1607879942.867378712
1607879942.967381001
1607879943.067378283
1607879943.167382002
1607879943.267376423
1607879943.367387533
1607879943.467383385
1607879943.567375898
1607879943.667374372
1607879943.767392635
1607879943.867381334
1607879943.967383146
1607879944.067387581
1607879944.167380333
1607879944.267376661
1607879944.367372036
1607879944.467388868
1607879944.567378521
1607879944.667372704
1607879944.767375708
1607879944.867383480
1607879944.967381001
1607879945.067381382
1607879945.167407990
1607879945.267382860
1607879945.367356062
1607879945.467375517
1607879945.567384481
1607879945.667388916
1607879945.767385244
1607879945.867382288
1607879945.967385292
1607879946.067381144
1607879946.167385340
1607879946.267383337
1607879946.367389202
1607879946.467383385
1607879946.567378521
1607879946.667376041
1607879946.767381191
1607879946.867380857
1607879946.967375040
1607879947.067377567
1607879947.167387009
1607879947.267389059
1607879947.367376089
1607879947.467381239
1607879947.567375183
1607879947.667190313
1607879947.767383575
1607879947.867377996
1607879947.967385292
1607879948.067384481
1607879948.167382956
1607879948.267182112
1607879948.367391109
1607879948.467383623
1607879948.567382336
1607879948.667350769
1607879948.767383337
1607879948.867374897
1607879948.967383623
1607879949.067390680
1607879949.167383432
1607879949.267377615
1607879949.367385387
1607879949.467388153
1607879949.567384720
1607879949.667383194
1607879949.767393112
1607879949.867386103
1607879949.967380047
1607879950.067387819
1607879950.167385340
1607879950.267379999
1607879950.367391825
1607879950.467391253
1607879950.567347288
1607879950.667260170
1607879950.767176151
1607879950.867213488
1607879950.967227221
1607879951.067194939
1607879951.167245626
1607879951.267198086
1607879951.367202520
1607879951.467267036
1607879951.567206621
1607879951.667201281
1607879951.767196178
1607879951.867196083
1607879951.967214108
1607879952.067192554
1607879952.167203426
1607879952.267203093
1607879952.367188931
1607879952.467264414
1607879952.567264080
1607879952.667260885
1607879952.767265320
1607879952.867265224
1607879952.967360497
1607879953.067261219
1607879953.167264223
1607879953.267262697
1607879953.367261410
1607879953.467265129
1607879953.567268133
1607879953.667380333
1607879953.767224312
1607879953.867265701
1607879953.967387199
1607879954.067265511
1607879954.167382002
1607879954.267265081
1607879954.367379427
1607879954.467383623
1607879954.567383766
1607879954.667387247
1607879954.767384529
1607879954.867376804
1607879954.967381954
1607879955.067382574
1607879955.167379379
1607879955.267353058
1607879955.367380142
1607879955.467382908
1607879955.567261219
1607879955.667379856
1607879955.767374992
1607879955.867374182
1607879955.967378378
1607879956.067382336
1607879956.167379379
1607879956.267374039
1607879956.367378712
1607879956.467385769
1607879956.567375422
1607879956.667380571
1607879956.767379045
1607879956.867376566
1607879956.967245579
1607879957.067381144
1607879957.167385101
1607879957.267260790
1607879957.367378235
1607879957.467378378
1607879957.567379475
1607879957.667188644
1607879957.767377138
1607879957.867381334
1607879957.967375517
1607879958.067383289
1607879958.167375326
1607879958.267380953
1607879958.367377996
1607879958.467384338
1607879958.567264080
1607879958.667381287
1607879958.767375231
1607879958.867377281
1607879958.967380762
1607879959.067375660
1607879959.167375565
1607879959.267383575
1607879959.367375851
1607879959.467377186
1607879959.567373276
1607879959.667379856
1607879959.767379284
1607879959.867379427
1607879959.967380524
1607879960.067377329
1607879960.167382002
1607879960.267352819
1607879960.367382050
1607879960.467381239
1607879960.567378759
1607879960.667388201
1607879960.767379045
1607879960.867383003
1607879960.967381716
1607879961.067377567
1607879961.167384148
1607879961.267374277
1607879961.367377996
1607879961.467384815
1607879961.567377567
1607879961.667385101
1607879961.767380238
1607879961.867357492
1607879961.967381239
1607879962.067383289
1607879962.167387724
1607879962.267383099
1607879962.367383480
1607879962.467394590
1607879962.567260027
1607879962.667190313
1607879962.767383814
1607879962.867387772
1607879962.967383862
1607879963.067383051
1607879963.167417049
1607879963.267373085
1607879963.367385626
1607879963.467384815
1607879963.567379713
1607879963.667188168
1607879963.767385006
1607879963.867393970
1607879963.967385292
1607879964.067386150
1607879964.167385101
1607879964.267384052
1607879964.367379427
1607879964.467375040
1607879964.567387342
1607879964.667387962
1607879964.767383099
1607879964.867196083
1607879964.967186451
1607879965.067190886
1607879965.167270422
1607879965.267389774
1607879965.367221355
1607879965.467385292
1607879965.567381859
1607879965.667383671
1607879965.767384768
1607879965.867386818
1607879965.967391968
1607879966.067389965
1607879966.167387009
1607879966.267365694
1607879966.367386103
1607879966.467388868
1607879966.567389727
1607879966.667390108
1607879966.767387390
1607879966.867387056
1607879966.967396021
1607879967.067368269
1607879967.167389393
1607879967.267388821
1607879967.367395401
1607879967.467388630
1607879967.567383528
1607879967.667261124
1607879967.767254114
1607879967.867383003
1607879967.967381477
1607879968.067386389
1607879968.167385340
1607879968.267384768
1607879968.367386818
1607879968.467352152
1607879968.567369938
1607879968.667378426
1607879968.767386436
1607879968.867385387
1607879968.967381001
1607879969.067261934
1607879969.167392254
1607879969.267266273
1607879969.367384672
1607879969.467379332
1607879969.567272663
1607879969.667224884
1607879969.767256975
1607879969.867210150
1607879969.967337370
1607879970.067345858
1607879970.167273045
1607879970.267154455
1607879970.367205620
1607879970.467276812
1607879970.567198753
1607879970.667267561
1607879970.767216206
1607879970.867268562
1607879970.967268467
1607879971.067259312
1607879971.167268753
1607879971.267266035
1607879971.367265940
1607879971.467211008
1607879971.567267179
1607879971.667267799
1607879971.767272472
1607879971.867268801
1607879971.967361927
1607879972.067359209
1607879972.167359829
1607879972.267269135
1607879972.367376089
1607879972.467370272
1607879972.567261696
1607879972.667243242
1607879972.767265320
1607879972.867264509
1607879972.967382193
1607879973.067375660
1607879973.167372227
1607879973.267377853
1607879973.367379904
1607879973.467376471
1607879973.567377090
1607879973.667378426
1607879973.767376423
1607879973.867375851
1607879973.967376471
1607879974.067377567
1607879974.167385101
1607879974.267373085
1607879974.367372990
1607879974.467376232
1607879974.567264318
1607879974.667376518
1607879974.767376661
1607879974.867375612
1607879974.967376709
1607879975.067348003
1607879975.167381048
1607879975.267263174
1607879975.367377043
1607879975.467377424
1607879975.567382574
1607879975.667377234
1607879975.767380238
1607879975.867380857
1607879975.967376947
1607879976.067378521
1607879976.167383671
1607879976.267380714
1607879976.367380619
1607879976.467379332
1607879976.567384005
1607879976.667380095
1607879976.767376423
1607879976.867191076
1607879976.967386723
1607879977.067385912
