1607880827.192555189
1607880827.298049212
1607880827.401941061
1607880827.505706549
1607880827.608346701
1607880827.711936235
1607880827.815599680
1607880827.918532133
1607880828.022022009
1607880828.125804901
1607880828.228323221
1607880828.332017899
1607880828.435719967
1607880828.538644314
1607880828.641093254
1607880828.744688749
1607880828.848395586
1607880828.951086521
1607880829.054727793
1607880829.157478809
1607880829.260119200
1607880829.362795115
1607880829.465473175
1607880829.569224596
1607880829.672922611
1607880829.775557280
1607880829.879147530
1607880829.982829094
1607880830.086543322
1607880830.188973904
1607880830.291279316
1607880830.391725063
1607880830.491733789
1607880830.591717482
1607880830.691728354
1607880830.791716814
1607880830.891558886
1607880830.991558552
1607880831.091724873
1607880831.191723108
1607880831.291738272
1607880831.391553879
1607880831.491729021
1607880831.591716290
1607880831.691599846
1607880831.791715860
1607880831.891724825
1607880831.991718292
1607880832.091614008
1607880832.191716671
1607880832.291598320
1607880832.391720057
1607880832.491610289
1607880832.591715336
1607880832.691614866
1607880832.791716576
1607880832.891603708
1607880832.991611719
1607880833.091717243
1607880833.191602468
1607880833.291781664
1607880833.391715288
1607880833.491725206
1607880833.591608763
1607880833.691566467
1607880833.791606426
1607880833.891721964
1607880833.991613388
1607880834.091721773
1607880834.191558599
1607880834.291723490
1607880834.391749620
1607880834.491724730
1607880834.591603756
1607880834.691735029
1607880834.791719675
1607880834.891727209
1607880834.991722345
1607880835.091751575
1607880835.191602945
1607880835.291524887
1607880835.391725540
1607880835.491609335
1607880835.591720819
1607880835.691727161
1607880835.791607141
1607880835.891732931
1607880835.991719723
1607880836.091732264
1607880836.191600800
1607880836.291898251
1607880836.391722679
1607880836.491603851
1607880836.591722965
1607880836.691728830
1607880836.791723013
1607880836.891728401
1607880836.991722584
1607880837.091722965
1607880837.191727638
1607880837.291727543
1607880837.391556978
1607880837.491724491
1607880837.591604710
1607880837.691559315
1607880837.791719913
1607880837.891606092
1607880837.991714954
1607880838.091725349
1607880838.191717148
1607880838.291724682
1607880838.391723156
1607880838.491612196
1607880838.591752768
1607880838.691764116
1607880838.791748285
1607880838.891754866
1607880838.991750002
1607880839.091639519
1607880839.191625595
1607880839.291682720
1607880839.391752720
1607880839.491746664
1607880839.591751575
1607880839.691753626
1607880839.791582108
1607880839.891723156
1607880839.991723061
1607880840.091537476
1607880840.191714764
1607880840.291732550
1607880840.391551971
1607880840.491725445
1607880840.591720343
1607880840.691725969
1607880840.791717529
1607880840.891724110
1607880840.991597176
1607880841.091721773
1607880841.191721439
1607880841.291606426
1607880841.391716242
1607880841.491602421
1607880841.591711044
1607880841.691560030
1607880841.791718483
1607880841.891723394
1607880841.991591930
1607880842.091721535
1607880842.191548586
1607880842.291779995
1607880842.391718388
1607880842.491728306
1607880842.591708183
1607880842.691559792
1607880842.791716576
1607880842.891525507
1607880842.991719246
1607880843.091727734
1607880843.191606998
1607880843.291720629
1607880843.391719818
1607880843.491716385
1607880843.591546774
1607880843.691725969
1607880843.791728020
1607880843.891607523
1607880843.991719961
1607880844.091736794
1607880844.191732645
1607880844.291726828
1607880844.391720533
1607880844.491598606
1607880844.591562510
1607880844.691726685
1607880844.791719198
1607880844.891736746
1607880844.991609812
1607880845.091722012
1607880845.191601753
1607880845.291620731
1607880845.391596794
1607880845.491731405
1607880845.591723919
1607880845.691544294
1607880845.791716576
1607880845.891729116
1607880845.991608143
1607880846.091734171
1607880846.191605330
1607880846.291727543
1607880846.391722202
1607880846.491601706
1607880846.591597795
1607880846.691603184
1607880846.791723251
1607880846.891606331
1607880846.991720200
1607880847.091725588
1607880847.191719532
1607880847.291602612
1607880847.391608953
1607880847.491614342
1607880847.591725349
1607880847.691723824
1607880847.791717291
1607880847.891560555
1607880847.991726637
1607880848.091617823
1607880848.191604853
1607880848.291731119
1607880848.391712666
1607880848.491608620
1607880848.591714382
1607880848.691722870
1607880848.791604757
1607880848.891731739
1607880848.991732359
1607880849.091611147
1607880849.191594124
1607880849.291721106
1607880849.391590834
1607880849.491714239
1607880849.591711998
1607880849.691719294
1607880849.791711807
1607880849.891720057
1607880849.991709948
1607880850.091721773
1607880850.191710472
1607880850.291717052
1607880850.391719341
1607880850.491605997
1607880850.591707945
1607880850.691552162
1607880850.791713953
1607880850.891716242
1607880850.991717339
1607880851.091724157
1607880851.191514492
1607880851.291713476
1607880851.391713858
1607880851.491720676
1607880851.591716528
1607880851.691617489
1607880851.791715384
1607880851.891720057
1607880851.991713285
1607880852.091618538
1607880852.191719770
1607880852.291600704
1607880852.391719103
1607880852.491569042
1607880852.591713190
1607880852.691730499
1607880852.791603565
1607880852.891727448
1607880852.991592884
1607880853.091719866
1607880853.191616058
1607880853.291638136
1607880853.391722441
1607880853.491616011
1607880853.591721058
1607880853.691607952
1607880853.791717529
1607880853.891727924
1607880853.991599560
1607880854.091727972
1607880854.191602230
1607880854.291604519
1607880854.391601801
1607880854.491721869
1607880854.591714859
1607880854.691607237
1607880854.791718006
1607880854.891724586
1607880854.991599798
1607880855.091727257
1607880855.191717625
1607880855.291728497
1607880855.391715288
1607880855.491721630
1607880855.591717958
1607880855.691726208
1607880855.791601419
1607880855.891725302
1607880855.991721869
1607880856.091722965
1607880856.191721439
1607880856.291717291
1607880856.391723394
1607880856.491723299
1607880856.591712952
1607880856.691524267
1607880856.791751385
1607880856.891637325
1607880856.991746187
1607880857.091755629
1607880857.191615343
1607880857.291747093
1607880857.391745329
1607880857.491749763
1607880857.591750622
1607880857.691646814
1607880857.791746855
1607880857.891726494
1607880857.991601944
1607880858.091731548
1607880858.191720724
1607880858.291726828
1607880858.391717911
1607880858.491750240
1607880858.591601372
1607880858.691610098
1607880858.791717529
1607880858.891563177
1607880858.991546392
1607880859.091725588
1607880859.191731453
1607880859.291727304
1607880859.391590357
1607880859.491600275
1607880859.591720581
1607880859.691722631
1607880859.791715860
1607880859.891562223
1607880859.991719961
1607880860.091724873
1607880860.191586733
1607880860.291563272
1607880860.391555548
1607880860.491727352
1607880860.591721296
1607880860.691725969
1607880860.791716814
1607880860.891726255
1607880860.991600037
1607880861.091604948
1607880861.191715002
1607880861.291726351
1607880861.391721487
1607880861.491726160
1607880861.591719866
1607880861.691560030
1607880861.791713476
1607880861.891601324
1607880861.991601706
1607880862.091727972
1607880862.191717148
1607880862.291727066
1607880862.391720533
1607880862.491729975
1607880862.591718912
1607880862.691609859
1607880862.791722059
1607880862.891611814
1607880862.991606951
1607880863.091729879
1607880863.191550493
1607880863.291612864
1607880863.391728878
1607880863.491720676
1607880863.591723442
1607880863.691736221
1607880863.791719913
1607880863.891566992
1607880863.991717815
1607880864.091555357
1607880864.191725731
1607880864.291720629
1607880864.391727686
1607880864.491726160
1607880864.591561317
1607880864.691729307
1607880864.791558504
1607880864.891734362
1607880864.991727591
1607880865.091730595
1607880865.191724300
1607880865.291563272
1607880865.391720772
1607880865.491615772
1607880865.591718912
1607880865.691723347
1607880865.791720629
1607880865.891731262
1607880865.991736889
1607880866.091616869
1607880866.191559076
1607880866.291716099
1607880866.391719341
1607880866.491728067
1607880866.591712713
1607880866.691556931
1607880866.791602850
1607880866.891731977
1607880866.991711617
1607880867.091719866
1607880867.191716194
1607880867.291724682
1607880867.391712904
1607880867.491718769
1607880867.591601372
1607880867.691720009
1607880867.791603088
1607880867.891725063
1607880867.991717339
1607880868.091718197
1607880868.191714764
1607880868.291716337
1607880868.391712904
1607880868.491613865
1607880868.591714144
1607880868.691721439
1607880868.791715384
1607880868.891561747
1607880868.991712570
1607880869.091717958
1607880869.191563129
1607880869.291606665
1607880869.391715527
1607880869.491719246
1607880869.591718197
1607880869.691729307
1607880869.791600704
1607880869.891720057
1607880869.991716623
1607880870.091722250
1607880870.191717386
1607880870.291727543
1607880870.391714334
1607880870.491727591
1607880870.591711283
1607880870.691725016
1607880870.791720152
1607880870.891724825
1607880870.991717815
1607880871.091722012
1607880871.191602230
1607880871.291650772
1607880871.391601801
1607880871.491605997
1607880871.591721296
1607880871.691722870
1607880871.791714907
1607880871.891723156
1607880871.991736174
1607880872.091723919
1607880872.191533089
1607880872.291604996
1607880872.391716003
1607880872.491725922
1607880872.591603994
1607880872.691724062
1607880872.791718721
1607880872.891731024
1607880872.991606236
1607880873.091720343
1607880873.191603184
1607880873.291722536
1607880873.391600847
1607880873.491611004
1607880873.591721773
1607880873.691724062
1607880873.791716814
1607880873.891525507
1607880873.991715193
1607880874.091613531
1607880874.191719055
1607880874.291726351
1607880874.391721487
1607880874.491720915
1607880874.591714621
1607880874.691785336
1607880874.791746616
1607880874.891759634
1607880874.991748095
1607880875.091752768
1607880875.191544771
1607880875.291747570
1607880875.391747713
1607880875.491749048
1607880875.591753006
1607880875.691627502
1607880875.791749239
1607880875.891731024
1607880875.991711617
1607880876.091722488
1607880876.191714764
1607880876.291597366
1607880876.391718388
1607880876.491723299
1607880876.591718912
1607880876.691724539
1607880876.791611433
1607880876.891724586
1607880876.991724968
1607880877.091724873
1607880877.191606760
1607880877.291723728
1607880877.391713381
1607880877.491556406
1607880877.591717243
1607880877.691606998
1607880877.791721344
1607880877.891723871
1607880877.991719723
1607880878.091720343
1607880878.191517353
1607880878.291722298
1607880878.391729593
1607880878.491724730
1607880878.591728926
1607880878.691723585
1607880878.791594744
1607880878.891560793
1607880878.991719007
1607880879.091727257
1607880879.191719532
1607880879.291720629
1607880879.391716480
1607880879.491718769
1607880879.591727972
1607880879.691609144
1607880879.791720152
1607880879.891725302
1607880879.991718292
1607880880.091725826
1607880880.191605806
1607880880.291723013
1607880880.391720057
1607880880.491729259
1607880880.591716290
1607880880.691529512
1607880880.791581154
1607880880.891608238
1607880880.991549969
1607880881.091726303
1607880881.191525936
1607880881.291609526
1607880881.391726255
1607880881.491732121
1607880881.591728926
1607880881.691742897
1607880881.791606426
1607880881.891735315
1607880881.991723061
1607880882.091610193
1607880882.191721678
1607880882.291622877
1607880882.391715288
1607880882.491613150
1607880882.591603279
1607880882.691724777
1607880882.791714668
1607880882.891729832
1607880882.991605282
1607880883.091528893
1607880883.191606760
1607880883.291728258
1607880883.391718388
1607880883.491603374
1607880883.591721535
1607880883.691725731
1607880883.791727781
1607880883.891725302
1607880883.991724491
1607880884.091723442
1607880884.191519022
1607880884.291719675
1607880884.391718864
1607880884.491724491
1607880884.591605902
1607880884.691725492
1607880884.791718960
1607880884.891723156
1607880884.991602659
1607880885.091718912
1607880885.191549540
1607880885.291717529
1607880885.391722202
1607880885.491606236
1607880885.591716051
1607880885.691721201
1607880885.791713953
1607880885.891719341
1607880885.991601944
1607880886.091720104
1607880886.191713810
1607880886.291712761
1607880886.391714811
1607880886.491719246
1607880886.591606379
1607880886.691716909
1607880886.791713238
1607880886.891717911
1607880886.991706133
1607880887.091722727
1607880887.191522837
