1607880367.086512566
1607880367.186898470
1607880367.287244558
1607880367.387598276
1607880367.487952709
1607880367.588310480
1607880367.688667536
1607880367.789098501
1607880367.889458179
1607880367.989817142
1607880368.090175152
1607880368.190526485
1607880368.290876865
1607880368.391236067
1607880368.491593122
1607880368.592014551
1607880368.692372084
1607880368.792757750
1607880368.893117666
1607880368.993443727
1607880369.093801975
1607880369.194164038
1607880369.294526339
1607880369.394890547
1607880369.495311975
1607880369.595670700
1607880369.696037292
1607880369.796396971
1607880369.896753073
1607880369.997115850
1607880370.097469091
1607880370.197823048
1607880370.298185349
1607880370.398550272
1607880370.498905659
1607880370.599257708
1607880370.699675083
1607880370.800028801
1607880370.900379181
1607880371.000732422
1607880371.101085424
1607880371.201436043
1607880371.301674128
1607880371.402038097
1607880371.502460957
1607880371.602818012
1607880371.703178406
1607880371.803535461
1607880371.903898716
1607880372.004256964
1607880372.104617834
1607880372.204992771
1607880372.305355310
1607880372.405720472
1607880372.506134748
1607880372.606490612
1607880372.706843376
1607880372.807200432
1607880372.907562971
1607880373.007923365
1607880373.108282566
1607880373.208652735
1607880373.309078455
1607880373.409404278
1607880373.509737492
1607880373.610092163
1607880373.710449934
1607880373.810811758
1607880373.911164284
1607880374.011518717
1607880374.111868858
1607880374.212215662
1607880374.312569618
1607880374.412941217
1607880374.513291597
1607880374.613707781
1607880374.714061260
1607880374.814413309
1607880374.914768696
1607880375.015123367
1607880375.115481138
1607880375.215837479
1607880375.316195011
1607880375.416552782
1607880375.516786814
1607880375.616948128
1607880375.717305899
1607880375.817662001
1607880375.917904854
1607880376.018261433
1607880376.118624687
1607880376.218867064
1607880376.319295883
1607880376.419653654
1607880376.520009995
1607880376.620366573
1607880376.720726252
1607880376.821080446
1607880376.921322346
1607880377.021683455
1607880377.121837139
1607880377.222068787
1607880377.322423697
1607880377.422779799
1607880377.523135424
1607880377.623488426
1607880377.723841667
1607880377.824194908
1607880377.924548864
1607880378.024905443
1607880378.125257254
1607880378.225609064
1607880378.325846195
1607880378.426194668
1607880378.526542902
1607880378.626897812
1607880378.727250814
1607880378.827604055
1607880378.927960157
1607880379.028314114
1607880379.128671169
1607880379.229022980
1607880379.329375267
1607880379.429734945
1607880379.530084372
1607880379.630429745
1607880379.730781317
1607880379.831135273
1607880379.931489706
1607880380.031847239
1607880380.132193804
1607880380.232542038
1607880380.332896233
1607880380.433125973
1607880380.533483505
1607880380.633836746
1607880380.734191179
1607880380.834551573
1607880380.934910774
1607880381.035262108
1607880381.135613203
1607880381.235971212
1607880381.336334467
1607880381.436689854
1607880381.537046432
1607880381.637401104
1607880381.737752438
1607880381.838086128
1607880381.938440084
1607880382.038793325
1607880382.139141321
1607880382.239494562
1607880382.339844465
1607880382.440195560
1607880382.540544748
1607880382.640899658
1607880382.741253853
1607880382.841607809
1607880382.941966772
1607880383.042308807
1607880383.142663717
1607880383.243014812
1607880383.343370914
1607880383.443725824
1607880383.544080734
1607880383.644438982
1607880383.744794607
1607880383.845155716
1607880383.945395947
1607880384.045757294
1607880384.146112204
1607880384.246469021
1607880384.346827745
1607880384.447181225
1607880384.547536373
1607880384.647889137
1607880384.748244286
1607880384.848600149
1607880384.948971748
1607880385.049323320
1607880385.149555683
1607880385.249797344
1607880385.350140810
1607880385.450491667
1607880385.550845861
1607880385.651201248
1607880385.751554251
1607880385.851906776
1607880385.952259541
1607880386.052612305
1607880386.152781487
1607880386.252926111
1607880386.353270769
1607880386.453624487
1607880386.553972244
1607880386.654325962
1607880386.754679918
1607880386.855033875
1607880386.955390453
1607880387.055746555
1607880387.156103611
1607880387.256458521
1607880387.356817007
1607880387.456977367
1607880387.557333469
1607880387.657687902
1607880387.758044720
1607880387.858398199
1607880387.958752155
1607880388.059100628
1607880388.159454584
1607880388.259807348
1607880388.360162258
1607880388.460516691
1607880388.560873508
1607880388.661109924
1607880388.761464834
1607880388.861821175
1607880388.962179899
1607880389.062537670
1607880389.162892103
1607880389.263233662
1607880389.363582611
1607880389.463936806
1607880389.564285755
1607880389.664644241
1607880389.764992714
1607880389.865341902
1607880389.965692043
1607880390.066039085
1607880390.166389227
1607880390.266744137
1607880390.367099285
1607880390.467453480
1607880390.567809582
1607880390.668165207
1607880390.768518925
1607880390.868874311
1607880390.969232321
1607880391.069559574
1607880391.169793129
1607880391.270154953
1607880391.370510101
1607880391.470865488
1607880391.571220160
1607880391.671602249
1607880391.771953106
1607880391.872306347
1607880391.972659349
1607880392.073012352
1607880392.173249245
1607880392.273484945
1607880392.373840094
1607880392.474194765
1607880392.574548721
1607880392.674908161
1607880392.775264978
1607880392.875619173
1607880392.975974560
1607880393.076326370
1607880393.176680803
1607880393.277029037
1607880393.377266407
1607880393.477618456
1607880393.577974558
1607880393.678324699
1607880393.778676748
1607880393.879024506
1607880393.979372501
1607880394.079719305
1607880394.180072069
1607880394.280426741
1607880394.380782843
1607880394.480941534
1607880394.581298828
1607880394.681654692
1607880394.781905651
1607880394.882273912
1607880394.982644558
1607880395.082999468
1607880395.183357477
1607880395.283718348
1607880395.384091377
1607880395.484452724
1607880395.584823608
1607880395.685187101
1607880395.785553932
1607880395.885920048
1607880395.986274958
1607880396.086637259
1607880396.186784506
1607880396.286785126
1607880396.386785507
1607880396.486791134
1607880396.586788654
1607880396.686784029
1607880396.786786079
1607880396.886784792
1607880396.986786127
1607880397.086786270
1607880397.186778307
1607880397.286787033
1607880397.386785746
1607880397.486662388
1607880397.586783886
1607880397.686784029
1607880397.786787271
1607880397.886781931
1607880397.986787558
1607880398.086785316
1607880398.186787367
1607880398.286784649
1607880398.386785269
1607880398.486781120
1607880398.586782217
1607880398.686785936
1607880398.786780119
1607880398.886779547
1607880398.986666679
1607880399.086786509
1607880399.186789274
1607880399.286780119
1607880399.386780739
1607880399.486780643
1607880399.586781263
1607880399.686793566
1607880399.786780596
1607880399.886783123
1607880399.986781597
1607880400.086781502
1607880400.186779261
1607880400.286779642
1607880400.386789083
1607880400.486775637
1607880400.586787701
1607880400.686777830
1607880400.786790848
1607880400.886785746
1607880400.986779213
1607880401.086784840
1607880401.186774731
1607880401.286782980
1607880401.386786461
1607880401.486787558
1607880401.586785793
1607880401.686777592
1607880401.786785841
1607880401.886779547
1607880401.986787319
1607880402.086783886
1607880402.186789036
1607880402.286780596
1607880402.386780739
1607880402.486779451
1607880402.586780071
1607880402.686782598
1607880402.786780596
1607880402.886782885
1607880402.986782312
1607880403.086779594
1607880403.186778545
1607880403.286739111
1607880403.386779785
1607880403.486661911
1607880403.586782932
1607880403.686782837
1607880403.786780357
1607880403.886779785
1607880403.986784458
1607880404.086781979
1607880404.186777115
1607880404.286774158
1607880404.386784077
1607880404.486767530
1607880404.586781740
1607880404.686785221
1607880404.786779642
1607880404.886780977
1607880404.986781120
1607880405.086778879
1607880405.186786890
1607880405.286786079
1607880405.386788607
1607880405.486791372
1607880405.586786509
1607880405.686784267
1607880405.786790133
1607880405.886786699
1607880405.986785889
1607880406.086786747
1607880406.186784744
1607880406.286785603
1607880406.386784554
1607880406.486791611
1607880406.586788177
1607880406.686785936
1607880406.786788702
1607880406.886782646
1607880406.986785889
1607880407.086784124
1607880407.186788321
1607880407.286782503
1607880407.386786222
1607880407.486789703
1607880407.586783648
1607880407.686787605
1607880407.786784410
1607880407.886793613
1607880407.986786842
1607880408.086783409
1607880408.186790705
1607880408.286782742
1607880408.386786461
1607880408.486776352
1607880408.586790562
1607880408.686787128
1607880408.786785364
1607880408.886792183
1607880408.986788273
1607880409.086784601
1607880409.186782122
1607880409.286790848
1607880409.386789083
1607880409.486663342
1607880409.586793184
1607880409.686788797
1607880409.786786318
1607880409.886785030
1607880409.986791134
1607880410.086781979
1607880410.186779976
1607880410.286782503
1607880410.386786938
1607880410.486784697
1607880410.586785078
1607880410.686784506
1607880410.786785841
1607880410.886813164
1607880410.986794233
1607880411.086788893
1607880411.186787128
1607880411.286780834
1607880411.386784792
1607880411.486785412
1607880411.586785078
1607880411.686794758
1607880411.786787510
1607880411.886786461
1607880411.986786366
1607880412.086787462
1607880412.186788082
1607880412.286784410
1607880412.386796236
1607880412.486786127
1607880412.586784840
1607880412.686783314
1607880412.786788464
1607880412.886787653
1607880412.986786842
1607880413.086792231
1607880413.186784029
1607880413.286780357
1607880413.386786938
1607880413.486787558
1607880413.586784363
1607880413.686784029
1607880413.786794186
1607880413.886787415
1607880413.986787319
1607880414.086785078
1607880414.186788321
1607880414.286785841
1607880414.386788607
1607880414.486775160
1607880414.586789131
1607880414.686786413
1607880414.786785126
1607880414.886789083
1607880414.986786604
1607880415.086780071
1607880415.186785460
1607880415.286789656
1607880415.386785984
1607880415.486782789
1607880415.586787939
1607880415.686779976
1607880415.786786079
1607880415.886784077
1607880415.986786366
1607880416.086785316
1607880416.186775684
1607880416.286781549
1607880416.386786222
1607880416.486788511
1607880416.586785078
1607880416.686783791
1607880416.786785126
1607880416.886623383
1607880416.986780882
1607880417.086779356
1607880417.186780453
1607880417.286782026
1607880417.386788607
1607880417.486785173
1607880417.586782932
1607880417.686782122
1607880417.786781073
1607880417.886783361
1607880417.986784697
1607880418.086784601
1607880418.186784267
1607880418.286790133
1607880418.386788130
1607880418.486764908
1607880418.586783648
1607880418.686784744
1607880418.786779642
1607880418.886785269
1607880418.986790657
1607880419.086778879
1607880419.186779022
1607880419.286775827
1607880419.386785984
1607880419.486781836
1607880419.586785078
1607880419.686785460
1607880419.786786556
1607880419.886780024
1607880419.986791372
1607880420.086781025
1607880420.186780691
1607880420.286785603
1607880420.386783123
1607880420.486788273
1607880420.586782217
1607880420.686784744
1607880420.786788464
1607880420.886779308
1607880420.986781836
1607880421.086778879
1607880421.186779022
1607880421.286781073
1607880421.386781693
1607880421.486660719
1607880421.586779594
1607880421.686782122
1607880421.786781788
1607880421.886784792
1607880421.986780882
1607880422.086780548
1607880422.186779499
1607880422.286774874
1607880422.386782885
1607880422.486779928
1607880422.586781740
1607880422.686783791
1607880422.786778688
1607880422.886781693
1607880422.986782074
1607880423.086782694
1607880423.186787128
1607880423.286786318
1607880423.386787415
1607880423.486791849
1607880423.586785078
1607880423.686784506
1607880423.786791086
1607880423.886788130
1607880423.986787319
1607880424.086784601
1607880424.186792135
1607880424.286786556
1607880424.386786461
1607880424.486764193
1607880424.586787462
1607880424.686787367
1607880424.786786318
1607880424.886783838
1607880424.986788273
1607880425.086783648
1607880425.186783791
1607880425.286786079
1607880425.386789083
1607880425.486785173
1607880425.586784363
1607880425.686787605
1607880425.786785603
1607880425.886792898
1607880425.986788511
1607880426.086788654
1607880426.186787128
1607880426.286781788
1607880426.386789799
1607880426.486785650
1607880426.586794138
1607880426.686785460
1607880426.786789417
1607880426.886786461
1607880426.986783266
1607880427.086786509
