1607880432.094904661
1607880432.195267200
1607880432.295652866
1607880432.396116257
1607880432.496496677
1607880432.596872568
1607880432.697252035
1607880432.797636986
1607880432.898029566
1607880432.998412371
1607880433.098868608
1607880433.199256420
1607880433.299640656
1607880433.400026321
1607880433.500408411
1607880433.600805521
1607880433.700995684
1607880433.801386118
1607880433.901839972
1607880434.002224684
1607880434.102617264
1607880434.203006268
1607880434.303453445
1607880434.403829098
1607880434.504205227
1607880434.604592562
1607880434.704993963
1607880434.805452585
1607880434.905837059
1607880435.006221056
1607880435.106599331
1607880435.206978798
1607880435.307359457
1607880435.407740355
1607880435.508122683
1607880435.608579397
1607880435.708981991
1607880435.809367895
1607880435.909755230
1607880436.010144949
1607880436.110524178
1607880436.210983038
1607880436.311360836
1607880436.411746502
1607880436.512131214
1607880436.612515688
1607880436.712903738
1607880436.813317776
1607880436.913709879
1607880437.014167547
1607880437.114542961
1607880437.214940786
1607880437.315322399
1607880437.415779591
1607880437.516161919
1607880437.616550684
1607880437.716951847
1607880437.817205429
1607880437.917649746
1607880438.018027544
1607880438.118396282
1607880438.218777657
1607880438.319165468
1607880438.419547558
1607880438.519926786
1607880438.620377541
1607880438.720758200
1607880438.821136236
1607880438.921516895
1607880439.021898031
1607880439.122268200
1607880439.222648859
1607880439.323105097
1607880439.423490763
1607880439.523870945
1607880439.624252319
1607880439.724652529
1607880439.825116158
1607880439.925500870
1607880440.025766373
1607880440.126033783
1607880440.226296663
1607880440.326755285
1607880440.427141666
1607880440.527524710
1607880440.627905846
1607880440.728291035
1607880440.828747272
1607880440.929132938
1607880441.029397488
1607880441.129783630
1607880441.230166197
1607880441.330554247
1607880441.430930614
1607880441.531308889
1607880441.631757021
1607880441.732141972
1607880441.832523823
1607880441.932905197
1607880442.033282757
1607880442.133552074
1607880442.233932495
1607880442.334305525
1607880442.434678793
1607880442.535051346
1607880442.635425091
1607880442.735805035
1607880442.836184502
1607880442.936562300
1607880443.036959171
1607880443.137138367
1607880443.237415314
1607880443.337796926
1607880443.438179731
1607880443.538553953
1607880443.638931036
1607880443.739309788
1607880443.839691639
1607880443.940100908
1607880444.040480375
1607880444.140862465
1607880444.241045475
1607880444.341425180
1607880444.441801786
1607880444.542177677
1607880444.642562151
1607880444.742943764
1607880444.843324661
1607880444.943710089
1607880445.044087887
1607880445.144462109
1607880445.244840384
1607880445.345214605
1607880445.445596933
1607880445.545970201
1607880445.646336794
1607880445.746711016
1607880445.847087383
1607880445.947459936
1607880446.047835350
1607880446.148204803
1607880446.248582363
1607880446.348881006
1607880446.449266911
1607880446.549648046
1607880446.650026321
1607880446.750404358
1607880446.850785494
1607880446.951168537
1607880447.051550150
1607880447.151929140
1607880447.252313137
1607880447.352694511
1607880447.453101397
1607880447.553483486
1607880447.653863192
1607880447.754235506
1607880447.854608536
1607880447.954986572
1607880448.055364847
1607880448.155746937
1607880448.256126165
1607880448.356505156
1607880448.456872702
1607880448.557252169
1607880448.657465935
1607880448.757855654
1607880448.858232260
1607880448.958605766
1607880449.058977365
1607880449.159346819
1607880449.259721756
1607880449.360100031
1607880449.460474253
1607880449.560852289
1607880449.661229849
1607880449.761603832
1607880449.861867428
1607880449.962252855
1607880450.062628984
1607880450.163005829
1607880450.263389826
1607880450.363771200
1607880450.464150667
1607880450.564535141
1607880450.664915562
1607880450.765294313
1607880450.865668297
1607880450.966048717
1607880451.066443443
1607880451.166825771
1607880451.267203093
1607880451.367582798
1607880451.467965126
1607880451.568351030
1607880451.668729067
1607880451.769112110
1607880451.869489670
1607880451.969870806
1607880452.070254564
1607880452.170460224
1607880452.270823240
1607880452.371201754
1607880452.471580029
1607880452.571951628
1607880452.672332764
1607880452.772704601
1607880452.872873068
1607880452.973250866
1607880453.073624611
1607880453.173998594
1607880453.274370670
1607880453.374744892
1607880453.475116253
1607880453.575488329
1607880453.675873756
1607880453.776251316
1607880453.876642227
1607880453.977029324
1607880454.077412128
1607880454.177787781
1607880454.278165340
1607880454.378425598
1607880454.478812218
1607880454.579195738
1607880454.679571390
1607880454.779949665
1607880454.880329847
1607880454.980707884
1607880455.080883265
1607880455.181133270
1607880455.281379223
1607880455.381751537
1607880455.482131243
1607880455.582505941
1607880455.682883978
1607880455.783267975
1607880455.883646965
1607880455.984024286
1607880456.084403515
1607880456.184779167
1607880456.285160542
1607880456.385532856
1607880456.485793591
1607880456.586178541
1607880456.686561584
1607880456.786932230
1607880456.887309313
1607880456.987684011
1607880457.088056087
1607880457.188430071
1607880457.288805723
1607880457.389184475
1607880457.489440680
1607880457.589620829
1607880457.690001488
1607880457.790385485
1607880457.890764713
1607880457.991137505
1607880458.091516733
1607880458.191889286
1607880458.292145014
1607880458.392527103
1607880458.492915392
1607880458.593164444
1607880458.693549156
1607880458.793930054
1607880458.894313574
1607880458.994697571
1607880459.095077276
1607880459.195117950
1607880459.295114994
1607880459.395114422
1607880459.495113373
1607880459.595114946
1607880459.695116282
1607880459.795113564
1607880459.895118475
1607880459.995115042
1607880460.095114708
1607880460.195112467
1607880460.295116186
1607880460.395115852
1607880460.495113611
1607880460.595106125
1607880460.695111752
1607880460.795115471
1607880460.895117998
1607880460.995113134
1607880461.095114946
1607880461.195112467
1607880461.294993639
1607880461.395111799
1607880461.495101690
1607880461.595118523
1607880461.695116043
1607880461.795116663
1607880461.895108461
1607880461.995105505
1607880462.095113516
1607880462.195114136
1607880462.295116186
1607880462.395113468
1607880462.495093584
1607880462.595108032
1607880462.695111990
1607880462.795109510
1607880462.895104885
1607880462.995104074
1607880463.095114470
1607880463.195109844
1607880463.295110226
1607880463.395107031
1607880463.495115042
1607880463.595105171
1607880463.695117474
1607880463.795114040
1607880463.895114899
1607880463.995114326
1607880464.095109224
1607880464.194995642
1607880464.295105696
1607880464.395107031
1607880464.495104551
1607880464.595112324
1607880464.695116043
1607880464.795112371
1607880464.895125389
1607880464.995111465
1607880465.095107794
1607880465.195110559
1607880465.295117140
1607880465.395116568
1607880465.495110512
1607880465.595108271
1607880465.695110321
1607880465.795105696
1607880465.895106792
1607880465.995109320
1607880466.095113039
1607880466.195110559
1607880466.295107603
1607880466.395110369
1607880466.495107174
1607880466.595103025
1607880466.695108414
1607880466.795110226
1607880466.895107985
1607880466.995110273
1607880467.095113754
1607880467.195103407
1607880467.294992685
1607880467.395104885
1607880467.495110273
1607880467.595108032
1607880467.695110083
1607880467.795108318
1607880467.895107746
1607880467.995109081
1607880468.095110655
1607880468.195106030
1607880468.295108795
1607880468.395112753
1607880468.495117664
1607880468.595114470
1607880468.695114136
1607880468.795115471
1607880468.895116806
1607880468.995113134
1607880469.095112562
1607880469.195118189
1607880469.295115948
1607880469.395115376
1607880469.495109081
1607880469.595114946
1607880469.695115805
1607880469.795112848
1607880469.895118952
1607880469.995114326
1607880470.095112562
1607880470.195111036
1607880470.295009136
1607880470.395116329
1607880470.495111942
1607880470.595116854
1607880470.695116997
1607880470.795114040
1607880470.895112514
1607880470.995118380
1607880471.095117807
1607880471.195113659
1607880471.295120716
1607880471.395114660
1607880471.495115042
1607880471.595110893
1607880471.695119381
1607880471.795113087
1607880471.895114183
1607880471.995122433
1607880472.095115900
1607880472.195104599
1607880472.295111179
1607880472.395110846
1607880472.495113373
1607880472.595109224
1607880472.695122242
1607880472.795115948
1607880472.895115614
1607880472.995111704
1607880473.095113516
1607880473.195112944
1607880473.294992447
1607880473.395123005
1607880473.495115757
1607880473.594983101
1607880473.695112944
1607880473.795109272
1607880473.895114660
1607880473.995112181
1607880474.095151424
1607880474.195113420
1607880474.295115232
1607880474.395115376
1607880474.495110989
1607880474.595112324
1607880474.695113420
1607880474.795123577
1607880474.895114422
1607880474.995112181
1607880475.095116854
1607880475.195115089
1607880475.295107841
1607880475.395113230
1607880475.495117664
1607880475.595108271
1607880475.695115805
1607880475.795115232
1607880475.895120382
1607880475.995112181
1607880476.095112801
1607880476.195110083
1607880476.294993877
1607880476.395114183
1607880476.495116472
1607880476.595114708
1607880476.695114136
1607880476.795112133
1607880476.895113945
1607880476.995113850
1607880477.095114946
1607880477.195116997
1607880477.295114756
1607880477.395113468
1607880477.495114326
1607880477.595113993
1607880477.695112467
1607880477.795112610
1607880477.895118237
1607880477.995115042
1607880478.095114946
1607880478.195114136
1607880478.295114517
1607880478.395113707
1607880478.495113134
1607880478.595116138
1607880478.695115805
1607880478.795113564
1607880478.895114183
1607880478.995114088
1607880479.095114708
1607880479.195112944
1607880479.295116425
1607880479.395117044
1607880479.495114326
1607880479.595114231
1607880479.695113182
1607880479.795114756
1607880479.895105124
1607880479.995115995
1607880480.095113993
1607880480.195112228
1607880480.295110703
1607880480.395110607
1607880480.495121479
1607880480.595111847
1607880480.695105791
1607880480.795111656
1607880480.895108223
1607880480.995110750
1607880481.095114470
1607880481.195108414
1607880481.295109272
1607880481.395096540
1607880481.495109320
1607880481.594999075
1607880481.695112944
1607880481.795109034
1607880481.895106554
1607880481.995114326
1607880482.094903708
1607880482.195112705
1607880482.294995546
1607880482.395117044
1607880482.495107889
1607880482.595109940
1607880482.695110083
1607880482.795110464
1607880482.895117521
1607880482.995111704
1607880483.095117092
1607880483.195109606
1607880483.295110226
1607880483.395112991
1607880483.495107651
1607880483.595108986
1607880483.695112705
1607880483.795108557
1607880483.895103693
1607880483.995106936
1607880484.095112085
1607880484.195108175
1607880484.295109272
1607880484.395107508
1607880484.495107412
1607880484.595104456
1607880484.695109606
1607880484.795108795
1607880484.895107746
1607880484.995107412
1607880485.095109701
1607880485.195106030
1607880485.294994354
1607880485.395109177
1607880485.495110273
1607880485.595108747
1607880485.695108891
1607880485.795104027
1607880485.895113230
1607880485.995111704
1607880486.095108509
1607880486.195109844
1607880486.295109034
1607880486.395118713
1607880486.495114565
1607880486.595103264
1607880486.695117950
1607880486.795113087
1607880486.895116806
1607880486.995114565
1607880487.095116138
1607880487.195114136
1607880487.295118332
1607880487.395118713
1607880487.495112181
1607880487.594994545
1607880487.695115089
1607880487.795114756
1607880487.895107985
1607880487.995110989
1607880488.095118523
1607880488.195108652
1607880488.294993639
1607880488.395115852
1607880488.495116234
1607880488.595114470
1607880488.695111275
1607880488.795120001
1607880488.895113707
1607880488.995119095
1607880489.095115423
1607880489.195116520
1607880489.295113325
1607880489.395110607
1607880489.495115757
1607880489.595113039
1607880489.695120811
1607880489.795110941
1607880489.895116091
1607880489.995113373
1607880490.095112324
1607880490.195115089
1607880490.295113325
1607880490.395114899
1607880490.495115280
1607880490.595108271
1607880490.695113897
1607880490.795111179
1607880490.895117044
1607880490.995113373
1607880491.095119953
1607880491.195110083
1607880491.294990778
1607880491.395114660
1607880491.495110273
1607880491.595113754
1607880491.695108414
1607880491.795116901
1607880491.895113945
1607880491.995114565
1607880492.095116138
