1607880562.115780115
1607880562.216371775
1607880562.316919088
1607880562.417498112
1607880562.517986059
1607880562.618553877
1607880562.719134569
1607880562.819611788
1607880562.920190096
1607880563.020678997
1607880563.121127129
1607880563.221532345
1607880563.321950197
1607880563.422513247
1607880563.523085833
1607880563.623562336
1607880563.724043131
1607880563.824637651
1607880563.925217390
1607880564.025696754
1607880564.126279831
1607880564.226761580
1607880564.327243567
1607880564.427815199
1607880564.528312683
1607880564.628798008
1607880564.729369879
1607880564.829829454
1607880564.930406094
1607880565.030888319
1607880565.131461620
1607880565.231938601
1607880565.332421303
1607880565.433017492
1607880565.533479214
1607880565.633957148
1607880565.734526396
1607880565.834990501
1607880565.935468912
1607880566.035954952
1607880566.136517048
1607880566.236923695
1607880566.337490320
1607880566.437975168
1607880566.538551569
1607880566.639135361
1607880566.739656687
1607880566.840167761
1607880566.940763474
1607880567.041248560
1607880567.141828060
1607880567.242404222
1607880567.342715025
1607880567.443186283
1607880567.543763638
1607880567.644243717
1607880567.744734526
1607880567.845314503
1607880567.945676804
1607880568.046220303
1607880568.146702766
1607880568.247274876
1607880568.347844839
1607880568.448425770
1607880568.548908949
1607880568.649389982
1607880568.749975681
1607880568.850551605
1607880568.951029062
1607880569.051503658
1607880569.152070522
1607880569.252553225
1607880569.353047848
1607880569.453632116
1607880569.554214716
1607880569.654799700
1607880569.755384445
1607880569.855867147
1607880569.956447124
1607880570.056956291
1607880570.157446384
1607880570.258025646
1607880570.358522415
1607880570.459096670
1607880570.559672594
1607880570.660249710
1607880570.760731220
1607880570.861206293
1607880570.961782217
1607880571.062269449
1607880571.162751436
1607880571.263324022
1607880571.363904715
1607880571.464474440
1607880571.564953566
1607880571.665432692
1607880571.765915155
1607880571.866486549
1607880571.966973305
1607880572.067544699
1607880572.168002367
1607880572.268488646
1607880572.368948698
1607880572.469413280
1607880572.569756746
1607880572.670217752
1607880572.770694971
1607880572.871045351
1607880572.971506596
1607880573.071973562
1607880573.172427654
1607880573.272891521
1607880573.373350143
1607880573.473698378
1607880573.574040890
1607880573.674506664
1607880573.774963856
1607880573.875429630
1607880573.975881100
1607880574.076350689
1607880574.176804781
1607880574.277077675
1607880574.377536058
1607880574.477994204
1607880574.578453779
1607880574.678911686
1607880574.779363394
1607880574.879821539
1607880574.980269909
1607880575.080735207
1607880575.180997610
1607880575.281347513
1607880575.381804466
1607880575.482255936
1607880575.582715034
1607880575.683066368
1607880575.783521891
1607880575.883989811
1607880575.984465122
1607880576.084932327
1607880576.185389996
1607880576.285853863
1607880576.386195421
1607880576.486656904
1607880576.587113857
1607880576.687575817
1607880576.788033247
1607880576.888497114
1607880576.988950968
1607880577.089289904
1607880577.189746618
1607880577.290206194
1607880577.390664816
1607880577.491128922
1607880577.591583490
1607880577.692042112
1607880577.792494297
1607880577.892953873
1607880577.993294716
1607880578.093748569
1607880578.194087982
1607880578.294432640
1607880578.394891262
1607880578.495348692
1607880578.595687866
1607880578.696153164
1607880578.796610117
1607880578.897091150
1607880578.997553825
1607880579.098017454
1607880579.198479176
1607880579.298939228
1607880579.399398327
1607880579.499745607
1607880579.600205660
1607880579.700686455
1607880579.801150084
1607880579.901590109
1607880580.002047539
1607880580.102516890
1607880580.202973843
1607880580.303439140
1607880580.403890133
1607880580.504356384
1607880580.604817629
1607880580.705277681
1607880580.805728912
1607880580.906188488
1607880581.006641388
1607880581.107099533
1607880581.207551241
1607880581.307898760
1607880581.408359289
1607880581.508831501
1607880581.609292984
1607880581.709640741
1607880581.810099602
1607880581.910567522
1607880582.011023521
1607880582.111486673
1607880582.211972237
1607880582.312436819
1607880582.412894249
1607880582.513353586
1607880582.613809109
1607880582.714154720
1607880582.814607620
1607880582.915073633
1607880583.015537262
1607880583.115983248
1607880583.215987682
1607880583.315987587
1607880583.415981054
1607880583.515989065
1607880583.615982771
1607880583.715981960
1607880583.815983295
1607880583.915981770
1607880584.015983582
1607880584.115980387
1607880584.215982676
1607880584.315986633
1607880584.415987730
1607880584.515978575
1607880584.615990162
1607880584.715988398
1607880584.815979242
1607880584.915984869
1607880585.015982389
1607880585.115979671
1607880585.215981722
1607880585.315992355
1607880585.415983915
1607880585.515975237
1607880585.615984917
1607880585.715981483
1607880585.815979958
1607880585.915983915
1607880586.015976429
1607880586.115977764
1607880586.215978622
1607880586.315987349
1607880586.415981770
1607880586.515979528
1607880586.615975618
1607880586.715980768
1607880586.815980434
1607880586.915979385
1607880587.015986204
1607880587.115987539
1607880587.215984344
1607880587.315976620
1607880587.415979385
1607880587.515981197
1607880587.615974188
1607880587.715981007
1607880587.815978527
1607880587.915983677
1607880588.015981197
1607880588.115980864
1607880588.215980530
1607880588.315975904
1607880588.415982246
1607880588.515979290
1607880588.615976095
1607880588.715983391
1607880588.815978289
1607880588.915982723
1607880589.015975237
1607880589.115983725
1607880589.215981722
1607880589.315978765
1607880589.415981770
1607880589.515975714
1607880589.615973949
1607880589.715979099
1607880589.815979719
1607880589.915982962
1607880590.015979052
1607880590.115983248
1607880590.215985060
1607880590.315975904
1607880590.415986538
1607880590.515988827
1607880590.615985870
1607880590.715985775
1607880590.815987825
1607880590.915988684
1607880591.015986204
1607880591.115980864
1607880591.215988398
1607880591.315986633
1607880591.415988922
1607880591.515985966
1607880591.615986824
1607880591.715986013
1607880591.815983057
1607880591.915991068
1607880592.015976906
1607880592.115984440
1607880592.215989113
1607880592.315989494
1607880592.415984631
1607880592.515979052
1607880592.615979195
1607880592.715988159
1607880592.815983534
1607880592.915991545
1607880593.015985727
1607880593.115986109
1607880593.215981722
1607880593.315982580
1607880593.415987253
1607880593.515982151
1607880593.615989208
1607880593.715990782
1607880593.815985680
1607880593.915981054
1607880594.015991211
1607880594.115980387
1607880594.215984821
1607880594.315991879
1607880594.415987015
1607880594.515979052
1607880594.615979910
1607880594.715984583
1607880594.815990210
1607880594.915985584
1607880595.015985489
1607880595.115988731
1607880595.215984821
1607880595.315982103
1607880595.415989637
1607880595.515986681
1607880595.615980387
1607880595.715987921
1607880595.815984726
1607880595.916012049
1607880596.015981674
1607880596.115984917
1607880596.215980291
1607880596.315979719
1607880596.415987253
1607880596.515984058
1607880596.615981579
1607880596.715870857
1607880596.815980434
1607880596.915986300
1607880597.015984774
1607880597.115984201
1607880597.215985298
1607880597.315983772
1607880597.415876627
1607880597.515982628
1607880597.615984440
1607880597.715986490
1607880597.815986156
1607880597.915986300
1607880598.015984058
1607880598.115872860
1607880598.215983152
1607880598.315986872
1607880598.415983438
1607880598.515986443
1607880598.615980625
1607880598.715986013
1607880598.815873861
1607880598.915989161
1607880599.015983582
1607880599.115986586
1607880599.215986729
1607880599.315986156
1607880599.416008234
1607880599.515877247
1607880599.615989447
1607880599.715987444
1607880599.815982580
1607880599.915986538
1607880600.015982866
1607880600.115985632
1607880600.215989113
1607880600.315989256
1607880600.415986300
1607880600.515978098
1607880600.615977287
1607880600.715996981
1607880600.815984726
1607880600.915990591
1607880601.015987396
1607880601.115986109
1607880601.215981722
1607880601.315981388
1607880601.415988207
1607880601.515979528
1607880601.615984440
1607880601.715983152
1607880601.815993071
1607880601.915984154
1607880602.015988827
1607880602.115872383
1607880602.215979338
1607880602.315976620
1607880602.415982962
1607880602.515987396
1607880602.615979195
1607880602.715980291
1607880602.815982103
1607880602.915978193
1607880603.015986681
1607880603.115987539
1607880603.215985060
1607880603.315984726
1607880603.415985107
1607880603.515981913
1607880603.615980148
1607880603.715987682
1607880603.815983295
1607880603.915984154
1607880604.015983105
1607880604.115980387
1607880604.215978622
1607880604.315982342
1607880604.416005373
1607880604.515981674
1607880604.615973711
1607880604.715860128
1607880604.815979242
1607880604.915986061
1607880605.015986204
1607880605.115983009
1607880605.215981960
1607880605.315974474
1607880605.415980577
1607880605.515985012
1607880605.615979433
1607880605.715981245
1607880605.815980434
1607880605.915980339
1607880606.015978575
1607880606.115980864
1607880606.215976000
1607880606.315982103
1607880606.415979624
1607880606.515979767
1607880606.615978479
1607880606.715979338
1607880606.815979958
1607880606.915977478
1607880607.015980005
1607880607.115981102
1607880607.215979338
1607880607.315983057
1607880607.415984869
1607880607.515984058
1607880607.615976810
1607880607.715980768
1607880607.815981388
1607880607.915982962
1607880608.015981674
1607880608.115981340
1607880608.215979815
1607880608.315981627
1607880608.415985823
1607880608.515977144
1607880608.615988970
1607880608.715990067
1607880608.815983772
1607880608.915990591
1607880609.015984297
1607880609.115988731
1607880609.215986252
1607880609.315992117
1607880609.415990829
1607880609.515980959
1607880609.615987778
1607880609.715991020
1607880609.815984964
1607880609.915985584
1607880610.015988588
1607880610.115986109
1607880610.215983152
1607880610.315987825
1607880610.415986061
1607880610.515984058
1607880610.615978718
1607880610.715983868
1607880610.815990448
1607880610.915988207
1607880611.015984297
1607880611.115984201
1607880611.215981483
1607880611.315980673
1607880611.415987015
1607880611.515988588
1607880611.615984678
1607880611.715991735
1607880611.815983295
1607880611.915988922
1607880612.015985489
1607880612.115983725
1607880612.215985775
1607880612.315989017
1607880612.415991783
1607880612.515986681
1607880612.615984201
1607880612.715987444
1607880612.815983772
1607880612.915987730
1607880613.015986204
1607880613.115993261
1607880613.215985298
1607880613.315985680
1607880613.415985584
1607880613.515982389
1607880613.615981340
1607880613.715986252
1607880613.815990925
1607880613.916010380
1607880614.016003132
1607880614.115902185
1607880614.215980530
1607880614.315975189
1607880614.415985346
1607880614.515995502
1607880614.615870714
1607880614.715986967
1607880614.815986395
1607880614.915983915
1607880615.015987396
1607880615.115987062
1607880615.215992212
1607880615.315989017
1607880615.415990114
1607880615.515987396
1607880615.615987301
1607880615.715988874
1607880615.815984011
1607880615.915989876
1607880616.015869856
1607880616.115983486
1607880616.215986490
1607880616.315989017
1607880616.415988445
1607880616.515980721
1607880616.615986109
1607880616.715986252
1607880616.815983057
1607880616.915987968
1607880617.015986919
1607880617.115988016
1607880617.215984344
1607880617.315868855
1607880617.415861845
1607880617.515988827
1607880617.615987062
1607880617.715986967
1607880617.815987349
1607880617.915986061
1607880618.015990496
1607880618.115873814
1607880618.215982914
1607880618.315984249
1607880618.415988207
1607880618.515985250
1607880618.615984917
1607880618.715991497
1607880618.815992832
1607880618.915987492
1607880619.015987635
1607880619.115988493
1607880619.215983629
1607880619.315984964
1607880619.415996075
1607880619.515985489
1607880619.615979433
1607880619.715991020
1607880619.815982580
1607880619.915981054
1607880620.015982389
1607880620.115984440
1607880620.215993166
1607880620.315980434
1607880620.415986061
1607880620.515973330
1607880620.615983963
1607880620.715986490
1607880620.815985203
1607880620.915973663
1607880621.015980482
1607880621.115982533
1607880621.215984344
1607880621.315984249
1607880621.415980577
1607880621.515981436
1607880621.615986109
1607880621.715987444
1607880621.815978289
1607880621.915980101
1607880622.015981197
1607880622.115870237
