1607880237.074627638
1607880237.174958706
1607880237.275305033
1607880237.375637293
1607880237.475984812
1607880237.576336861
1607880237.676690340
1607880237.777041674
1607880237.877397299
1607880237.977749109
1607880238.078104496
1607880238.178455591
1607880238.278809786
1607880238.379162550
1607880238.479473591
1607880238.579888582
1607880238.680233955
1607880238.780580282
1607880238.880865335
1607880238.981213331
1607880239.081559420
1607880239.181905985
1607880239.282133102
1607880239.382484913
1607880239.482652903
1607880239.583001614
1607880239.683349371
1607880239.783689737
1607880239.884036303
1607880239.984374046
1607880240.084717989
1607880240.185061455
1607880240.285409927
1607880240.385757208
1607880240.486098766
1607880240.586441040
1607880240.686781645
1607880240.787123919
1607880240.887456417
1607880240.987799644
1607880241.088146448
1607880241.188491344
1607880241.288838863
1607880241.389187574
1607880241.489413500
1607880241.589641809
1607880241.689991236
1607880241.790392399
1607880241.890740633
1607880241.991088867
1607880242.091436386
1607880242.191781759
1607880242.292128563
1607880242.392479420
1607880242.492828608
1607880242.592977285
1607880242.693323612
1607880242.793673038
1607880242.894019842
1607880242.994367838
1607880243.094716072
1607880243.195064783
1607880243.295413733
1607880243.395764112
1607880243.496116877
1607880243.596470833
1607880243.696826220
1607880243.797177315
1607880243.897520065
1607880243.997864962
1607880244.098196745
1607880244.198538303
1607880244.298887730
1607880244.399215698
1607880244.499557972
1607880244.599899292
1607880244.700238705
1607880244.800584555
1607880244.900946617
1607880245.001295805
1607880245.101521969
1607880245.201814175
1607880245.302044868
1607880245.402391672
1607880245.502740622
1607880245.603086948
1607880245.703435421
1607880245.803778887
1607880245.904130697
1607880246.004475594
1607880246.104824781
1607880246.205170870
1607880246.305517197
1607880246.405864239
1607880246.506196260
1607880246.606542826
1607880246.706891775
1607880246.807240486
1607880246.907587528
1607880247.007937431
1607880247.108289480
1607880247.208653688
1607880247.309000731
1607880247.409346819
1607880247.509686470
1607880247.610031128
1607880247.710372210
1607880247.810717821
1607880247.911061287
1607880248.011410713
1607880248.111552238
1607880248.211776972
1607880248.312114477
1607880248.412459612
1607880248.512805462
1607880248.612957478
1607880248.713301659
1607880248.813642025
1607880248.913983345
1607880249.014330387
1607880249.114678144
1607880249.215026855
1607880249.315365314
1607880249.415709019
1607880249.516056299
1607880249.616404533
1607880249.716755152
1607880249.817105055
1607880249.917448521
1607880250.017771244
1607880250.118103981
1607880250.218475103
1607880250.318820953
1607880250.419167757
1607880250.519515753
1607880250.619860888
1607880250.720204353
1607880250.820556402
1607880250.920907259
1607880251.021251440
1607880251.121476412
1607880251.221703291
1607880251.322049379
1607880251.422276974
1607880251.522623301
1607880251.622971535
1607880251.723310947
1607880251.823653698
1607880251.923999310
1607880252.024344921
1607880252.124686003
1607880252.225031376
1607880252.325371742
1607880252.425712824
1607880252.526053905
1607880252.626394749
1607880252.726736784
1607880252.827070236
1607880252.927413225
1607880253.027760029
1607880253.128102303
1607880253.228446484
1607880253.328799009
1607880253.429145336
1607880253.529462099
1607880253.629687071
1607880253.730034590
1607880253.830376625
1607880253.930722713
1607880254.031068802
1607880254.131298780
1607880254.231640577
1607880254.331984043
1607880254.432326794
1607880254.532671690
1607880254.633015633
1607880254.733361483
1607880254.833716154
1607880254.934046984
1607880255.034392357
1607880255.134620905
1607880255.234964609
1607880255.335308075
1607880255.435652971
1607880255.535993338
1607880255.636336565
1607880255.736677170
1607880255.837017775
1607880255.937360287
1607880256.037701607
1607880256.138048410
1607880256.238395691
1607880256.338739157
1607880256.439078569
1607880256.539422750
1607880256.639764071
1607880256.740105152
1607880256.840452433
1607880256.940795898
1607880257.041144371
1607880257.141373396
1607880257.241595984
1607880257.341940165
1607880257.442287683
1607880257.542631149
1607880257.642976046
1607880257.743324995
1607880257.843676805
1607880257.944025278
1607880258.044367552
1607880258.144712925
1607880258.245059013
1607880258.345404863
1607880258.445755005
1607880258.546103954
1607880258.646445990
1607880258.746792078
1607880258.847137451
1607880258.947483063
1607880259.047829151
1607880259.148169756
1607880259.248515606
1607880259.348860741
1607880259.449205637
1607880259.549547911
1607880259.649893999
1607880259.750239372
1607880259.850580692
1607880259.950923920
1607880260.051265001
1607880260.151600361
1607880260.251919270
1607880260.352258444
1607880260.452597618
1607880260.552946329
1607880260.653286219
1607880260.753631830
1607880260.853983402
1607880260.954334736
1607880261.054684401
1607880261.155026674
1607880261.255373955
1607880261.355718374
1607880261.456063271
1607880261.556288481
1607880261.656649590
1607880261.756997347
1607880261.857346773
1607880261.957696199
1607880262.058039904
1607880262.158387184
1607880262.258728504
1607880262.359075308
1607880262.459424019
1607880262.559776306
1607880262.660119295
1607880262.760464430
1607880262.860810518
1607880262.960963011
1607880263.061311960
1607880263.161538839
1607880263.261759043
1607880263.362099648
1607880263.462441206
1607880263.562780380
1607880263.663120031
1607880263.763461828
1607880263.863805771
1607880263.964151621
1607880264.064499140
1607880264.164839506
1607880264.265183926
1607880264.365417719
1607880264.465762377
1607880264.566102982
1607880264.666450262
1607880264.766796827
1607880264.867139101
1607880264.967491388
1607880265.067840338
1607880265.168182611
1607880265.268528461
1607880265.368872881
1607880265.469220161
1607880265.569570303
1607880265.669918776
1607880265.770251274
1607880265.870597839
1607880265.970963001
1607880266.071300507
1607880266.171642780
1607880266.271973133
1607880266.372316837
1607880266.472675323
1607880266.573022127
1607880266.673367977
1607880266.773709774
1607880266.874057293
1607880266.974403858
1607880267.074750900
1607880267.174892187
1607880267.274894476
1607880267.374895334
1607880267.474905729
1607880267.574901819
1607880267.674896717
1607880267.774897337
1607880267.874899864
1607880267.974900723
1607880268.074902773
1607880268.174894333
1607880268.274896860
1607880268.374896049
1607880268.474897623
1607880268.574892998
1607880268.674895287
1607880268.774894953
1607880268.874900579
1607880268.974903345
1607880269.074896336
1607880269.174895525
1607880269.274902344
1607880269.374891758
1607880269.474900961
1607880269.574898958
1607880269.674902201
1607880269.774894953
1607880269.874901533
1607880269.974891901
1607880270.074900627
1607880270.174893379
1607880270.274898529
1607880270.374894619
1607880270.474897623
1607880270.574899435
1607880270.674892187
1607880270.774899483
1607880270.874900818
1607880270.974897146
1607880271.074897289
1607880271.174889088
1607880271.274895906
1607880271.374892235
1607880271.474890471
1607880271.574894428
1607880271.674894333
1607880271.774897099
1607880271.874896049
1607880271.974896193
1607880272.074882746
1607880272.174896717
1607880272.274892330
1607880272.374894619
1607880272.474894762
1607880272.574897528
1607880272.674895525
1607880272.774704695
1607880272.874896765
1607880272.974894047
1607880273.074896812
1607880273.174894333
1607880273.274899006
1607880273.374896288
1607880273.474894524
1607880273.574902296
1607880273.674906969
1607880273.774902821
1607880273.874902010
1607880273.974905491
1607880274.074901819
1607880274.174901009
1607880274.274899960
1607880274.374897480
1607880274.474901199
1607880274.574904203
1607880274.674907923
1607880274.774901390
1607880274.874902487
1607880274.974902630
1607880275.074897289
1607880275.174899101
1607880275.274895191
1607880275.374906540
1607880275.474900961
1607880275.574897766
1607880275.674901247
1607880275.774878263
1607880275.874872923
1607880275.974729061
1607880276.074907541
1607880276.174901485
1607880276.274898052
1607880276.374904871
1607880276.474904060
1607880276.574890852
1607880276.674903393
1607880276.774904728
1607880276.874900103
1607880276.974899292
1607880277.074907064
1607880277.174902678
1607880277.274899244
1607880277.374899626
1607880277.474903822
1607880277.574903250
1607880277.674899817
1607880277.774906874
1607880277.874902964
1607880277.974900007
1607880278.074898958
1607880278.174893856
1607880278.274896622
1607880278.374900103
1607880278.474903584
1607880278.574905634
1607880278.674902678
1607880278.774900675
1607880278.874896288
1607880278.974901199
1607880279.074901581
1607880279.174909592
1607880279.274893761
1607880279.374901772
1607880279.474896431
1607880279.574897051
1607880279.674896240
1607880279.774894238
1607880279.874907255
1607880279.974900484
1607880280.074900389
1607880280.174898386
1607880280.274787188
1607880280.374899864
1607880280.474899292
1607880280.574910879
1607880280.674907923
1607880280.774899244
1607880280.874899864
1607880280.974902153
1607880281.074898481
1607880281.174894810
1607880281.274888039
1607880281.374899626
1607880281.474899054
1607880281.574901819
1607880281.674901724
1607880281.774899960
1607880281.874901056
1607880281.974899054
1607880282.074900389
1607880282.174900055
1607880282.274901867
1607880282.374900103
1607880282.474901438
1607880282.574903488
1607880282.674899578
1607880282.774898767
1607880282.874899149
1607880282.974903107
1607880283.074901819
1607880283.174901485
1607880283.274904490
1607880283.374904156
1607880283.474898815
1607880283.574898958
1607880283.674891949
1607880283.774902105
1607880283.874900341
1607880283.974903584
1607880284.074905872
1607880284.174896240
1607880284.274894714
1607880284.374893665
1607880284.474903345
1607880284.574901819
1607880284.674906015
1607880284.774904251
1607880284.874900103
1607880284.974899292
1607880285.074894428
1607880285.174894810
1607880285.274899960
1607880285.374901772
1607880285.474897385
1607880285.574895382
1607880285.674896479
1607880285.774892807
1607880285.874894381
1607880285.974894047
1607880286.074894190
1607880286.174898148
1607880286.274894238
1607880286.374901772
1607880286.474894285
1607880286.574903488
1607880286.674893618
1607880286.774895668
1607880286.874900818
1607880286.974900484
1607880287.074902058
1607880287.174895287
1607880287.274893999
1607880287.374898434
1607880287.474893570
1607880287.574897766
1607880287.674896479
1607880287.774899483
1607880287.874892473
1607880287.974897861
1607880288.074900866
1607880288.174901485
1607880288.274901867
1607880288.374895334
1607880288.474894524
1607880288.574894667
1607880288.674898863
1607880288.774899244
1607880288.874897480
1607880288.974896431
1607880289.074894667
1607880289.174896717
1607880289.274884939
1607880289.374893665
1607880289.474897146
1607880289.574895144
1607880289.674897194
1607880289.774894953
1607880289.874896765
1607880289.974703550
1607880290.074893713
1607880290.174894810
1607880290.274892807
1607880290.374896288
1607880290.474898100
1607880290.574894428
1607880290.674897909
1607880290.774895191
1607880290.874899864
1607880290.974897146
1607880291.074896336
1607880291.174897432
1607880291.274894714
1607880291.374896288
1607880291.474895477
1607880291.574896097
1607880291.674901247
1607880291.774901628
1607880291.874901056
1607880291.974896431
1607880292.074900389
1607880292.174899340
1607880292.274907827
1607880292.374902964
1607880292.474903107
1607880292.574903488
1607880292.674897194
1607880292.774901152
1607880292.874898672
1607880292.974903584
1607880293.074902058
1607880293.174894333
1607880293.274899483
1607880293.374902725
1607880293.474899530
1607880293.574905157
1607880293.674904108
1607880293.774901867
1607880293.874902964
1607880293.974905491
1607880294.074902534
1607880294.174898624
1607880294.274903774
1607880294.374906063
1607880294.474903107
1607880294.574903488
1607880294.674906731
1607880294.774901628
1607880294.874902010
1607880294.974901438
1607880295.074897289
1607880295.174900055
1607880295.274899483
1607880295.374906063
1607880295.474702835
1607880295.574902773
1607880295.674905539
1607880295.774896860
1607880295.874901533
1607880295.974901199
1607880296.074902534
1607880296.174898386
1607880296.274894714
1607880296.374903917
1607880296.474897385
1607880296.574902534
1607880296.674901724
1607880296.774903297
1607880296.874901056
1607880296.974901438
1607880297.074907064
