1607880047.070952177
1607880047.171277761
1607880047.271612406
1607880047.371962786
1607880047.472299814
1607880047.572487831
1607880047.672840118
1607880047.772987127
1607880047.873198509
1607880047.973423481
1607880048.073648214
1607880048.173875093
1607880048.274191141
1607880048.374413729
1607880048.474646568
1607880048.574956656
1607880048.675276518
1607880048.775604248
1607880048.875944853
1607880048.976288557
1607880049.076613665
1607880049.176942110
1607880049.277268648
1607880049.377612114
1607880049.477945805
1607880049.578188896
1607880049.678529978
1607880049.778867245
1607880049.879213810
1607880049.979555368
1607880050.079901934
1607880050.180240154
1607880050.280580997
1607880050.380941391
1607880050.481281281
1607880050.581630468
1607880050.681980371
1607880050.782325506
1607880050.882667780
1607880050.983015299
1607880051.083366156
1607880051.183708191
1607880051.284053564
1607880051.384398937
1607880051.484743595
1607880051.584919453
1607880051.685261488
1607880051.785606623
1607880051.885951519
1607880051.986296654
1607880052.086644173
1607880052.186986923
1607880052.287330151
1607880052.387674332
1607880052.488019943
1607880052.588371515
1607880052.688722849
1607880052.789064407
1607880052.889414549
1607880052.989731550
1607880053.089873552
1607880053.190194607
1607880053.290529490
1607880053.390870571
1607880053.491212845
1607880053.591561794
1607880053.691901684
1607880053.792248726
1607880053.892587423
1607880053.992941141
1607880054.093286514
1607880054.193627596
1607880054.293967009
1607880054.394307613
1607880054.494653940
1607880054.595001936
1607880054.695349455
1607880054.795695782
1607880054.896041870
1607880054.996386766
1607880055.096745014
1607880055.197092056
1607880055.297442436
1607880055.397784472
1607880055.498127222
1607880055.598463535
1607880055.698836327
1607880055.799179077
1607880055.899523735
1607880055.999873400
1607880056.100065947
1607880056.200270176
1607880056.300629377
1607880056.400987625
1607880056.501309633
1607880056.601666212
1607880056.702020407
1607880056.802377462
1607880056.902729750
1607880057.003082275
1607880057.103438377
1607880057.203788042
1607880057.304142952
1607880057.404490948
1607880057.504853725
1607880057.605210066
1607880057.705533504
1607880057.805880547
1607880057.906218767
1607880058.006570816
1607880058.106919050
1607880058.207269192
1607880058.307622671
1607880058.407977343
1607880058.508330345
1607880058.608683109
1607880058.709041119
1607880058.809395075
1607880058.909748077
1607880059.010100842
1607880059.110447407
1607880059.210796118
1607880059.311156750
1607880059.411511898
1607880059.511865854
1607880059.612219095
1607880059.712575197
1607880059.812942266
1607880059.913296700
1607880060.013530493
1607880060.113887072
1607880060.214237928
1607880060.314591169
1607880060.414948940
1607880060.515298605
1607880060.615654707
1607880060.716009855
1607880060.816369295
1607880060.916725874
1607880061.017079115
1607880061.117316723
1607880061.217669487
1607880061.318017960
1607880061.418365717
1607880061.518721104
1607880061.619072437
1607880061.719421625
1607880061.819775343
1607880061.920129299
1607880062.020481348
1607880062.120845556
1607880062.221044540
1607880062.321399927
1607880062.421602488
1607880062.521959066
1607880062.622311592
1607880062.722665071
1607880062.823018551
1607880062.923374176
1607880063.023727179
1607880063.124070883
1607880063.224429369
1607880063.324784040
1607880063.425136089
1607880063.525490522
1607880063.625847101
1607880063.726199865
1607880063.826550007
1607880063.926908255
1607880064.027260303
1607880064.127613306
1607880064.227965593
1607880064.328321457
1607880064.428675413
1607880064.528855324
1607880064.629211664
1607880064.729561567
1607880064.829919577
1607880064.930258989
1607880065.030616283
1607880065.130795717
1607880065.231152773
1607880065.331506968
1607880065.431864977
1607880065.532217026
1607880065.632571220
1607880065.732934237
1607880065.833286047
1607880065.933522940
1607880066.033880949
1607880066.134240866
1607880066.234601498
1607880066.334958553
1607880066.435309887
1607880066.535665512
1607880066.636021852
1607880066.736376762
1607880066.836728096
1607880066.937082529
1607880067.037439585
1607880067.137794256
1607880067.238174200
1607880067.338530064
1607880067.438890457
1607880067.539244175
1607880067.639596939
1607880067.739953041
1607880067.840305328
1607880067.940662384
1607880068.040862799
1607880068.141083241
1607880068.241321564
1607880068.341671944
1607880068.442024946
1607880068.542381763
1607880068.642735004
1607880068.743083715
1607880068.843436003
1607880068.943789959
1607880069.044142485
1607880069.144494057
1607880069.244844437
1607880069.345192432
1607880069.445428848
1607880069.545777559
1607880069.646126509
1607880069.746478558
1607880069.846833467
1607880069.947185755
1607880070.047540426
1607880070.147892475
1607880070.248251200
1607880070.348604679
1607880070.448977470
1607880070.549336195
1607880070.649687767
1607880070.750042200
1607880070.850391150
1607880070.950748682
1607880071.051102638
1607880071.151452541
1607880071.251806974
1607880071.352162123
1607880071.452515364
1607880071.552862883
1607880071.653219461
1607880071.753571987
1607880071.853929758
1607880071.954287052
1607880072.054642677
1607880072.154996157
1607880072.255342722
1607880072.355695248
1607880072.456046343
1607880072.556399584
1607880072.656759501
1607880072.757115126
1607880072.857468843
1607880072.957705975
1607880073.058056593
1607880073.158406973
1607880073.258753777
1607880073.359105825
1607880073.459456205
1607880073.559806347
1607880073.660157681
1607880073.760517359
1607880073.860872746
1607880073.961224079
1607880074.061580658
1607880074.161819220
1607880074.262157440
1607880074.362504482
1607880074.462864399
1607880074.563216686
1607880074.663569689
1607880074.763926983
1607880074.864281654
1607880074.964643002
1607880075.064999104
1607880075.165355444
1607880075.265706301
1607880075.366060257
1607880075.466413498
1607880075.566758633
1607880075.667111874
1607880075.767467737
1607880075.867819786
1607880075.968172550
1607880076.068522692
1607880076.168874979
1607880076.269225121
1607880076.369579792
1607880076.469918013
1607880076.570262432
1607880076.670615673
1607880076.770968676
1607880076.871222973
1607880076.971224546
1607880077.071223736
1607880077.171220779
1607880077.271219015
1607880077.371224403
1607880077.471220255
1607880077.571218491
1607880077.671227932
1607880077.771227837
1607880077.871221781
1607880077.971223116
1607880078.071220160
1607880078.171219587
1607880078.271221638
1607880078.371225834
1607880078.471221685
1607880078.571219683
1607880078.671221972
1607880078.771222115
1607880078.871220589
1607880078.971220732
1607880079.071223736
1607880079.171222925
1607880079.271025181
1607880079.371226072
1607880079.471230507
1607880079.571021080
1607880079.671225786
1607880079.771227598
1607880079.871223211
1607880079.971227407
1607880080.071227312
1607880080.171228409
1607880080.271224499
1607880080.371227503
1607880080.471228123
1607880080.571224213
1607880080.671226263
1607880080.771216631
1607880080.871228933
1607880080.971228600
1607880081.071222782
1607880081.171227217
1607880081.271222591
1607880081.371225357
1607880081.471217155
1607880081.571230650
1607880081.671232224
1607880081.771225929
1607880081.871225357
1607880081.971223593
1607880082.071225405
1607880082.171225548
1607880082.271230698
1607880082.371228456
1607880082.471224785
1607880082.571050644
1607880082.671234131
1607880082.771224260
1607880082.871225595
1607880082.971231699
1607880083.071228027
1607880083.171220779
1607880083.271221638
1607880083.371225119
1607880083.471221924
1607880083.571227074
1607880083.671230555
1607880083.771231413
1607880083.871224403
1607880083.971225739
1607880084.071232319
1607880084.171221256
1607880084.271224976
1607880084.371229887
1607880084.471229792
1607880084.571223974
1607880084.671226025
1607880084.771231890
1607880084.871220827
1607880084.971225739
1607880085.071230173
1607880085.171234846
1607880085.271226883
1607880085.371226072
1607880085.471219778
1607880085.571066618
1607880085.671228409
1607880085.771228552
1607880085.871229887
1607880085.971225739
1607880086.071226835
1607880086.171226740
1607880086.271224260
1607880086.371225834
1607880086.471227169
1607880086.571222544
1607880086.671224356
1607880086.771225452
1607880086.871229410
1607880086.971225500
1607880087.071225643
1607880087.171227694
1607880087.271223068
1607880087.371228456
1607880087.471225500
1607880087.571228266
1607880087.671222925
1607880087.771225691
1607880087.871227026
1607880087.971228838
1607880088.071227312
1607880088.171226501
1607880088.271232843
1607880088.371225595
1607880088.471226215
1607880088.571217537
1607880088.671223402
1607880088.771226883
1607880088.871226072
1607880088.971227646
1607880089.071225643
1607880089.171222448
1607880089.271222353
1607880089.371224403
1607880089.471225739
1607880089.571224689
1607880089.671230793
1607880089.771221876
1607880089.871224403
1607880089.971225500
1607880090.071222067
1607880090.171224833
1607880090.271224737
1607880090.371230602
1607880090.471217632
1607880090.571224689
1607880090.671227217
1607880090.771233082
1607880090.871220112
1607880090.971227884
1607880091.071228504
1607880091.171059132
1607880091.271221638
1607880091.371221781
1607880091.471236467
1607880091.571228266
1607880091.671227694
1607880091.771225214
1607880091.871222496
1607880091.971220732
1607880092.071222544
1607880092.171218634
1607880092.271219015
1607880092.371225357
1607880092.471227407
1607880092.571220875
1607880092.671221495
1607880092.771222353
1607880092.871225119
1607880092.971220255
1607880093.071227551
1607880093.171230555
1607880093.271226883
1607880093.371228933
1607880093.471221447
1607880093.571221590
1607880093.671223879
1607880093.771221876
1607880093.871227741
1607880093.971224546
1607880094.071219683
1607880094.171221733
1607880094.271229029
1607880094.371228218
1607880094.471222401
1607880094.571222067
1607880094.671221018
1607880094.771221638
1607880094.871220350
1607880094.971220016
1607880095.071221352
1607880095.171217680
1607880095.271219254
1607880095.371222019
1607880095.471223593
1607880095.571219921
1607880095.671223402
1607880095.771218538
1607880095.871222496
1607880095.971218586
1607880096.071219921
1607880096.171222687
1607880096.271220922
1607880096.371222973
1607880096.471100807
1607880096.571024418
1607880096.671225309
1607880096.771221161
1607880096.871222496
1607880096.971219540
1607880097.071226835
1607880097.171218157
1607880097.271220207
1607880097.371226311
1607880097.471225023
1607880097.571220398
1607880097.671224356
1607880097.771230221
1607880097.871230125
1607880097.971230507
1607880098.071227312
1607880098.171222448
1607880098.271228313
1607880098.371227980
1607880098.471225739
1607880098.571229219
1607880098.671224594
1607880098.771226406
1607880098.871231556
1607880098.971229553
1607880099.071220636
1607880099.171228886
1607880099.271229267
1607880099.371226072
1607880099.471226215
1607880099.571230888
1607880099.671228170
1607880099.771225452
1607880099.871229649
1607880099.971222639
1607880100.071228504
1607880100.171226740
1607880100.271235466
1607880100.371227741
1607880100.471224070
1607880100.571228266
1607880100.671222687
1607880100.771229506
1607880100.871225834
1607880100.971228838
1607880101.071226835
1607880101.171221733
1607880101.271227121
1607880101.371222496
1607880101.471227407
1607880101.571223974
1607880101.671229601
1607880101.771227837
1607880101.871227026
1607880101.971226692
1607880102.071221828
1607880102.171227694
1607880102.271225929
1607880102.371231318
1607880102.471225977
1607880102.571224928
1607880102.671226978
1607880102.771222115
1607880102.871226788
1607880102.971225500
1607880103.071231365
1607880103.171235323
1607880103.271225691
1607880103.371225834
1607880103.471219063
1607880103.571218252
1607880103.671226740
1607880103.771232128
1607880103.871228933
1607880103.971227646
1607880104.071225405
1607880104.171221495
1607880104.271224499
1607880104.371225834
1607880104.471226454
1607880104.571225882
1607880104.671226501
1607880104.771226406
1607880104.871230841
1607880104.971230030
1607880105.071216345
1607880105.171230793
1607880105.271229029
1607880105.371226072
1607880105.471225977
1607880105.571221590
1607880105.671224594
1607880105.771225452
1607880105.871228695
1607880105.971230030
1607880106.071067810
1607880106.171224833
1607880106.271231413
1607880106.371217012
1607880106.471225500
1607880106.571229935
1607880106.671230316
1607880106.771229982
1607880106.871227026
1607880106.971229553
1607880107.071228504
