1607880497.104714155
1607880497.205006361
1607880497.305395842
1607880497.405813694
1607880497.506308079
1607880497.606750250
1607880497.707173109
1607880497.807592630
1607880497.908016443
1607880498.008529186
1607880498.108964920
1607880498.209382057
1607880498.309894562
1607880498.410308361
1607880498.510732174
1607880498.611151457
1607880498.711578846
1607880498.812090635
1607880498.912519455
1607880499.012961388
1607880499.113378048
1607880499.213792801
1607880499.314297676
1607880499.414718866
1607880499.515131235
1607880499.615547657
1607880499.715964079
1607880499.816384792
1607880499.916896105
1607880500.017320156
1607880500.117626667
1607880500.217934370
1607880500.318350315
1607880500.418767214
1607880500.519186497
1607880500.619604826
1607880500.720112085
1607880500.820531607
1607880500.920966387
1607880501.021479368
1607880501.121901989
1607880501.222321033
1607880501.322834015
1607880501.423252821
1607880501.523667336
1607880501.624182940
1607880501.724605083
1607880501.824889421
1607880501.925309658
1607880502.025813580
1607880502.126230955
1607880502.226735592
1607880502.327159405
1607880502.427575350
1607880502.528001308
1607880502.628417015
1607880502.728834391
1607880502.829246044
1607880502.929559708
1607880503.029979467
1607880503.130280256
1607880503.230695486
1607880503.331207991
1607880503.431630373
1607880503.532048702
1607880503.632558823
1607880503.732998133
1607880503.833387375
1607880503.933809280
1607880504.034230232
1607880504.134737492
1607880504.235156298
1607880504.335573435
1607880504.436079502
1607880504.536492109
1607880504.637013435
1607880504.737436533
1607880504.837850809
1607880504.938270807
1607880505.038783312
1607880505.139201164
1607880505.239617586
1607880505.340128899
1607880505.440546274
1607880505.540983200
1607880505.641272306
1607880505.741677284
1607880505.842080116
1607880505.942477942
1607880506.042971373
1607880506.143263102
1607880506.243750811
1607880506.344160557
1607880506.444566727
1607880506.544806242
1607880506.645041943
1607880506.745453596
1607880506.845947266
1607880506.946363211
1607880507.046769619
1607880507.147181988
1607880507.247574806
1607880507.347976208
1607880507.448369503
1607880507.548771381
1607880507.649053812
1607880507.749452829
1607880507.849743843
1607880507.950037003
1607880508.050441265
1607880508.150856018
1607880508.251261711
1607880508.351673841
1607880508.452076435
1607880508.552481413
1607880508.652886629
1607880508.753260851
1607880508.853668928
1607880508.954080582
1607880509.054490089
1607880509.154904127
1607880509.255300760
1607880509.355594397
1607880509.455992222
1607880509.556396008
1607880509.656800747
1607880509.757212877
1607880509.857616425
1607880509.958023310
1607880510.058432579
1607880510.158838749
1607880510.259245396
1607880510.359658480
1607880510.460063696
1607880510.560473680
1607880510.660879612
1607880510.761318922
1607880510.861699581
1607880510.962111473
1607880511.062523127
1607880511.162928104
1607880511.263331175
1607880511.363742828
1607880511.464148998
1607880511.564557791
1607880511.664983273
1607880511.765396833
1607880511.865798950
1607880511.966213942
1607880512.066617966
1607880512.166830778
1607880512.267105579
1607880512.367518187
1607880512.467925549
1607880512.568334818
1607880512.668737650
1607880512.769144535
1607880512.869436979
1607880512.969729185
1607880513.070130825
1607880513.170541763
1607880513.270948648
1607880513.371359348
1607880513.471771002
1607880513.572181225
1607880513.672589064
1607880513.773013830
1607880513.873417854
1607880513.973830223
1607880514.074238062
1607880514.174647093
1607880514.275049210
1607880514.375461578
1607880514.475875139
1607880514.576289177
1607880514.676578999
1607880514.777010441
1607880514.877417564
1607880514.977828264
1607880515.078231573
1607880515.178635836
1607880515.278922558
1607880515.379324913
1607880515.479696989
1607880515.580099344
1607880515.680503607
1607880515.780915022
1607880515.881323814
1607880515.981707096
1607880516.082090378
1607880516.182492018
1607880516.282895803
1607880516.383298159
1607880516.483700752
1607880516.584107161
1607880516.684514284
1607880516.784889221
1607880516.885295868
1607880516.985706329
1607880517.086117268
1607880517.186529160
1607880517.286938190
1607880517.387350559
1607880517.487751961
1607880517.588158607
1607880517.688556910
1607880517.788985729
1607880517.889272690
1607880517.989685535
1607880518.090093613
1607880518.190499067
1607880518.290902376
1607880518.391309261
1607880518.491715193
1607880518.592119932
1607880518.692526102
1607880518.792954922
1607880518.893334627
1607880518.993740559
1607880519.094142675
1607880519.194548368
1607880519.294954777
1607880519.395368099
1607880519.495767593
1607880519.596170425
1607880519.696573496
1607880519.796996355
1607880519.897397041
1607880519.997809649
1607880520.098205328
1607880520.198607445
1607880520.299007416
1607880520.399422169
1607880520.499828815
1607880520.600234032
1607880520.700648069
1607880520.801057100
1607880520.901465893
1607880521.001877546
1607880521.102283239
1607880521.202688694
1607880521.303092957
1607880521.403496742
1607880521.503908396
1607880521.604320526
1607880521.704740286
1607880521.804879427
1607880521.904874325
1607880522.004875660
1607880522.104876757
1607880522.204878569
1607880522.304873943
1607880522.404876471
1607880522.504876852
1607880522.604878664
1607880522.704874754
1607880522.804880619
1607880522.904882193
1607880523.004880428
1607880523.104877472
1607880523.204881191
1607880523.304875851
1607880523.404878378
1607880523.504875422
1607880523.604694605
1607880523.704868793
1607880523.804875851
1607880523.904866695
1607880524.004879236
1607880524.104872227
1607880524.204761744
1607880524.304762602
1607880524.404871941
1607880524.504877090
1607880524.604875326
1607880524.704868078
1607880524.804870844
1607880524.904873371
1607880525.004874945
1607880525.104873180
1607880525.204879761
1607880525.304867268
1607880525.404870510
1607880525.504876375
1607880525.604873657
1607880525.704866409
1607880525.804870367
1607880525.904803991
1607880526.004877806
1607880526.104873419
1607880526.204871416
1607880526.304867983
1607880526.404875040
1607880526.504867554
1607880526.604751587
1607880526.704874039
1607880526.804871321
1607880526.904875278
1607880527.004878759
1607880527.104878902
1607880527.204869270
1607880527.304738283
1607880527.404870272
1607880527.504867315
1607880527.604873419
1607880527.704870224
1607880527.804872036
1607880527.904865026
1607880528.004876852
1607880528.104867935
1607880528.204870701
1607880528.304869175
1607880528.404871702
1607880528.504867792
1607880528.604868412
1607880528.704765797
1607880528.804870844
1607880528.904868126
1607880529.004873753
1607880529.104869366
1607880529.204869747
1607880529.304866076
1607880529.404880524
1607880529.504873991
1607880529.604706526
1607880529.704869509
1607880529.804871559
1607880529.904865026
1607880530.004876375
1607880530.104876995
1607880530.204878569
1607880530.304686546
1607880530.404877424
1607880530.504868746
1607880530.604880095
1607880530.704872847
1607880530.804764271
1607880530.904881239
1607880531.004875660
1607880531.104881525
1607880531.204880714
1607880531.304877520
1607880531.404875278
1607880531.504878759
1607880531.604877472
1607880531.704874277
1607880531.804890156
1607880531.904870987
1607880532.004876137
1607880532.104873180
1607880532.204883337
1607880532.304878473
1607880532.404877901
1607880532.504871130
1607880532.604890585
1607880532.704872847
1607880532.804875612
1607880532.904868603
1607880533.004877567
1607880533.104874372
1607880533.204877615
1607880533.304762840
1607880533.404875278
1607880533.504874229
1607880533.604883909
1607880533.704872608
1607880533.804874420
1607880533.904875278
1607880534.004872799
1607880534.104874134
1607880534.204877615
1607880534.304881096
1607880534.404875755
1607880534.504876614
1607880534.604876995
1607880534.704870701
1607880534.804876804
1607880534.904873133
1607880535.004879951
1607880535.104878902
1607880535.204875469
1607880535.304876566
1607880535.404882669
1607880535.504872322
1607880535.604890108
1607880535.704901218
1607880535.804888964
1607880535.904879570
1607880536.004881144
1607880536.104870796
1607880536.204877615
1607880536.304683924
1607880536.404880047
1607880536.504876614
1607880536.604873419
1607880536.704876184
1607880536.804881811
1607880536.904873133
1607880537.004876137
1607880537.104880333
1607880537.204876184
1607880537.304872513
1607880537.404875755
1607880537.504887581
1607880537.604873657
1607880537.704873323
1607880537.804885387
1607880537.904870749
1607880538.004877090
1607880538.104873896
1607880538.204883814
1607880538.304875135
1607880538.404877424
1607880538.504871130
1607880538.604881048
1607880538.704873085
1607880538.804882050
1607880538.904882431
1607880539.004875660
1607880539.104877710
1607880539.204873562
1607880539.304874659
1607880539.404875278
1607880539.504875183
1607880539.604885340
1607880539.704876184
1607880539.804877281
1607880539.904884338
1607880540.004771471
1607880540.104872704
1607880540.204885006
1607880540.304878950
1607880540.404875755
1607880540.504873991
1607880540.604879618
1607880540.704875469
1607880540.804876804
1607880540.904877186
1607880541.004879475
1607880541.104871511
1607880541.204879761
1607880541.304872513
1607880541.404876471
1607880541.504877567
1607880541.604777336
1607880541.704871893
1607880541.804876566
1607880541.904875994
1607880542.004875183
1607880542.104869843
1607880542.204871178
1607880542.304725647
1607880542.404869318
1607880542.504866362
1607880542.604880810
1607880542.704869270
1607880542.804873466
1607880542.904870272
1607880543.004871130
1607880543.104877234
1607880543.204873085
1607880543.304870605
1607880543.404873371
1607880543.504867315
1607880543.604873180
1607880543.704867125
1607880543.804884672
1607880543.904882193
1607880544.004875898
1607880544.104870081
1607880544.204874039
1607880544.304871798
1607880544.404870749
1607880544.504873753
1607880544.604879618
1607880544.704874039
1607880544.804875851
1607880544.904870987
1607880545.004876614
1607880545.104876757
1607880545.204874992
1607880545.304871321
1607880545.404873610
1607880545.504879951
1607880545.604871035
1607880545.704874516
1607880545.804870844
1607880545.904865980
1607880546.004873276
1607880546.104870081
1607880546.204873323
1607880546.304868698
1607880546.404871702
1607880546.504867315
1607880546.604873657
1607880546.704869270
1607880546.804871321
1607880546.904868126
1607880547.004872084
1607880547.104870558
1607880547.204872608
1607880547.304867268
1607880547.404873371
1607880547.504865885
1607880547.604874849
1607880547.704869986
1607880547.804872990
1607880547.904881477
1607880548.004873753
1607880548.104874849
1607880548.204881907
1607880548.304884911
1607880548.404881477
1607880548.504877567
1607880548.604882002
1607880548.704881430
1607880548.804766178
1607880548.904872417
1607880549.004881859
1607880549.104872942
1607880549.204878807
1607880549.304876566
1607880549.404761553
1607880549.504881382
1607880549.604880333
1607880549.704876661
1607880549.804877758
1607880549.904875517
1607880550.004881620
1607880550.104698420
1607880550.204876900
1607880550.304877520
1607880550.404880762
1607880550.504872799
1607880550.604882002
1607880550.704875469
1607880550.804876328
1607880550.904874086
1607880551.004882574
1607880551.104882002
1607880551.204877853
1607880551.304675341
1607880551.404881001
1607880551.504869938
1607880551.604875088
1607880551.704872847
1607880551.804882765
1607880551.904886961
1607880552.004876375
1607880552.104876757
1607880552.204876423
1607880552.304872751
1607880552.404875994
1607880552.504874706
1607880552.604875088
1607880552.704879761
1607880552.804880381
1607880552.904872894
1607880553.004876375
1607880553.104870081
1607880553.204877853
1607880553.304874182
1607880553.404884100
1607880553.504873991
1607880553.604882717
1607880553.704874277
1607880553.804898977
1607880553.904876709
1607880554.004876137
1607880554.104879618
1607880554.204875708
1607880554.304873228
1607880554.404877424
1607880554.504877567
1607880554.604845762
1607880554.704873800
1607880554.804884672
1607880554.904875278
1607880555.004876614
1607880555.104879379
1607880555.204874516
1607880555.304873466
1607880555.404876471
1607880555.504877090
1607880555.604880571
1607880555.704873323
1607880555.804880619
1607880555.904878616
1607880556.004876614
1607880556.104873896
1607880556.204882145
1607880556.304873943
1607880556.404876947
1607880556.504876137
1607880556.604883432
1607880556.704881907
1607880556.804878235
1607880556.904880047
1607880557.004879475
1607880557.104872942
