1607880627.129170418
1607880627.230257750
1607880627.331057549
1607880627.431557655
1607880627.532398939
1607880627.633066416
1607880627.733892679
1607880627.834712744
1607880627.935391188
1607880628.035983562
1607880628.136837721
1607880628.237657309
1607880628.338327646
1607880628.439149618
1607880628.539811373
1607880628.640470743
1607880628.741147757
1607880628.841964245
1607880628.942793131
1607880629.043448210
1607880629.144268036
1607880629.244933128
1607880629.345554352
1607880629.446193457
1607880629.547013283
1607880629.647673607
1607880629.748495102
1607880629.849335432
1607880629.950020313
1607880630.050607204
1607880630.151276588
1607880630.252084732
1607880630.352758169
1607880630.453561306
1607880630.553984880
1607880630.654602051
1607880630.755424261
1607880630.856073141
1607880630.956784010
1607880631.057589293
1607880631.158292055
1607880631.258947134
1607880631.359599590
1607880631.460409641
1607880631.561245203
1607880631.662070274
1607880631.762584209
1607880631.863168716
1607880631.963979721
1607880632.064645767
1607880632.165127516
1607880632.265942812
1607880632.366436005
1607880632.467135906
1607880632.567955017
1607880632.668783188
1607880632.769435406
1607880632.870092869
1607880632.970787525
1607880633.071496248
1607880633.172124863
1607880633.272720337
1607880633.373370886
1607880633.474019766
1607880633.574718714
1607880633.675512552
1607880633.776162624
1607880633.876808405
1607880633.977614164
1607880634.078265905
1607880634.179073334
1607880634.279882431
1607880634.380564690
1607880634.481016636
1607880634.581702948
1607880634.682349443
1607880634.783159494
1607880634.883814573
1607880634.984470844
1607880635.085139036
1607880635.185845137
1607880635.286379337
1607880635.387193441
1607880635.487843990
1607880635.588659763
1607880635.689454794
1607880635.790280581
1607880635.890928268
1607880635.991584301
1607880636.092391253
1607880636.193217039
1607880636.293869734
1607880636.394695044
1607880636.495346069
1607880636.595999479
1607880636.696602821
1607880636.797277451
1607880636.898083448
1607880636.998890400
1607880637.099540949
1607880637.200371504
1607880637.300876617
1607880637.401457310
1607880637.502064943
1607880637.602604389
1607880637.703213215
1607880637.803828239
1607880637.904434919
1607880638.005061626
1607880638.105683088
1607880638.206301212
1607880638.306911945
1607880638.407523870
1607880638.508135080
1607880638.608761072
1607880638.709378242
1607880638.810000420
1607880638.910611868
1607880639.011232376
1607880639.111847162
1607880639.212463379
1607880639.313097000
1607880639.413710594
1607880639.514320850
1607880639.614830971
1607880639.715447903
1607880639.816062927
1607880639.916692734
1607880640.017317772
1607880640.117923021
1607880640.218536139
1607880640.319150686
1607880640.419764042
1607880640.520227432
1607880640.620804310
1607880640.721414804
1607880640.822028637
1607880640.922641516
1607880641.023258924
1607880641.123871088
1607880641.224412918
1607880641.324998140
1607880641.425607681
1607880641.526219606
1607880641.626826525
1607880641.727429867
1607880641.828041077
1607880641.928655863
1607880642.029007912
1607880642.129002810
1607880642.228998184
1607880642.329000473
1607880642.429009676
1607880642.529003143
1607880642.629002094
1607880642.729001522
1607880642.829006433
1607880642.928997040
1607880643.029006958
1607880643.129003763
1607880643.229017019
1607880643.329003334
1607880643.429001570
1607880643.529005289
1607880643.628997087
1607880643.728999138
1607880643.829008818
1607880643.928999186
1607880644.029012203
1607880644.128827095
1607880644.229032516
1607880644.328990698
1607880644.428998470
1607880644.528999567
1607880644.629001856
1607880644.729002714
1607880644.829006672
1607880644.929006815
1607880645.029005289
1607880645.128997564
1607880645.229005098
1607880645.328996658
1607880645.429001331
1607880645.528997898
1607880645.628880262
1607880645.729000568
1607880645.829001188
1607880645.929003239
1607880646.029001951
1607880646.128842592
1607880646.229005098
1607880646.328999758
1607880646.429003000
1607880646.529001951
1607880646.628997564
1607880646.729001045
1607880646.829004765
1607880646.929000616
1607880647.029000998
1607880647.128763437
1607880647.229027510
1607880647.328988075
1607880647.428994417
1607880647.528995514
1607880647.629007101
1607880647.728996992
1607880647.829006910
1607880647.929000616
1607880648.029007912
1607880648.128994703
1607880648.229002953
1607880648.328999043
1607880648.429000854
1607880648.529002905
1607880648.629007339
1607880648.729007721
1607880648.829010248
1607880648.929003954
1607880649.029010296
1607880649.129008770
1607880649.229012012
1607880649.329003334
1607880649.429013729
1607880649.529003382
1607880649.629001141
1607880649.729003191
1607880649.829014301
1607880649.929007530
1607880650.029005766
1607880650.128839731
1607880650.229032040
1607880650.329003811
1607880650.429008245
1607880650.528999329
1607880650.629008055
1607880650.729005575
1607880650.829013586
1607880650.929004908
1607880651.029009342
1607880651.129003763
1607880651.229006052
1607880651.329004526
1607880651.429010868
1607880651.529004812
1607880651.629014015
1607880651.729002237
1607880651.829005957
1607880651.928998232
1607880652.029014349
1607880652.129011631
1607880652.229012489
1607880652.329006672
1607880652.429010868
1607880652.529003620
1607880652.629002094
1607880652.729005575
1607880652.829010248
1607880652.928998947
1607880653.029012680
1607880653.128822327
1607880653.229016781
1607880653.328999043
1607880653.429006815
1607880653.529002666
1607880653.629015923
1607880653.729007006
1607880653.829013348
1607880653.929014206
1607880654.029035807
1607880654.129020691
1607880654.229009151
1607880654.329009295
1607880654.429008722
1607880654.529003382
1607880654.629008293
1607880654.728998423
1607880654.829009533
1607880654.929002762
1607880655.029014587
1607880655.128883600
1607880655.228794575
1607880655.329005241
1607880655.428999901
1607880655.529006004
1607880655.629006624
1607880655.728973150
1607880655.829008818
1607880655.929004908
1607880656.029008865
1607880656.128834009
1607880656.228996277
1607880656.329002142
1607880656.429012537
1607880656.529005051
1607880656.629006863
1607880656.729006052
1607880656.829009533
1607880656.929006815
1607880657.029007912
1607880657.129009962
1607880657.229012728
1607880657.329002142
1607880657.429012060
1607880657.529005289
1607880657.629009247
1607880657.728993893
1607880657.829012156
1607880657.929005146
1607880658.029006720
1607880658.129006624
1607880658.229013443
1607880658.328996181
1607880658.428998232
1607880658.529009581
1607880658.628999472
1607880658.729004383
1607880658.829018831
1607880658.929006338
1607880659.029007673
1607880659.128893614
1607880659.228795052
1607880659.329000473
1607880659.429004192
1607880659.529004812
1607880659.629009962
1607880659.729005575
1607880659.828997850
1607880659.929009914
1607880660.028998137
1607880660.129009008
1607880660.229013681
1607880660.329012156
1607880660.429008484
1607880660.528996706
1607880660.629009962
1607880660.729007244
1607880660.829002619
1607880660.929006577
1607880661.029007196
1607880661.129003763
1607880661.228998661
1607880661.328999519
1607880661.429003239
1607880661.528999329
1607880661.629002571
1607880661.729000568
1607880661.829004526
1607880661.928990841
1607880662.028994322
1607880662.128879547
1607880662.228995800
1607880662.328999996
1607880662.429004669
1607880662.529000521
1607880662.628843307
1607880662.729004622
1607880662.829010010
1607880662.928997040
1607880663.029006481
1607880663.129004717
1607880663.229006529
1607880663.329020500
1607880663.428997993
1607880663.529001951
1607880663.629002333
1607880663.728998423
1607880663.829002380
1607880663.928999186
1607880664.028998137
1607880664.128993273
1607880664.229001045
1607880664.329000235
1607880664.428782701
1607880664.528996944
1607880664.628996611
1607880664.728874683
1607880664.829005241
1607880664.928995132
1607880665.029004335
1607880665.128802538
1607880665.228761196
1607880665.328995705
1607880665.428826809
1607880665.528996706
1607880665.629000425
1607880665.728995800
1607880665.829001665
1607880665.928999662
1607880666.029001474
1607880666.128822803
1607880666.229008675
1607880666.328998327
1607880666.429008245
1607880666.529005289
1607880666.629010916
1607880666.729003668
1607880666.829001188
1607880666.929001331
1607880667.029008865
1607880667.129004240
1607880667.229013681
1607880667.329002619
1607880667.429004669
1607880667.529000044
1607880667.629001141
1607880667.729003429
1607880667.829007864
1607880667.929006100
1607880668.029013634
1607880668.128890276
1607880668.228842497
1607880668.328883410
1607880668.429007053
1607880668.529005289
1607880668.629014015
1607880668.729008436
1607880668.829008102
1607880668.928822041
1607880669.029014349
1607880669.129004717
1607880669.229006767
1607880669.329009056
1607880669.429011345
1607880669.529001236
1607880669.629012346
1607880669.729004383
1607880669.829007387
1607880669.928839207
1607880670.029005527
1607880670.129003763
1607880670.229010820
1607880670.329007626
1607880670.429009438
1607880670.529002666
1607880670.629003048
1607880670.729001522
1607880670.829010010
1607880670.929004908
1607880671.029007912
1607880671.128877163
1607880671.228891611
1607880671.329003096
1607880671.429001570
1607880671.529003382
1607880671.629007339
1607880671.729008675
1607880671.829010725
1607880671.929004669
1607880672.029037952
1607880672.129023314
1607880672.229008913
1607880672.329006433
1607880672.429011583
1607880672.529007435
1607880672.629008293
1607880672.729002476
1607880672.829006195
1607880672.929009199
1607880673.029010773
1607880673.128822088
1607880673.229000092
1607880673.329001665
1607880673.429012060
1607880673.528999090
1607880673.629004002
1607880673.729002237
1607880673.829012394
1607880673.929007053
1607880674.029006958
1607880674.128813028
1607880674.228893280
1607880674.329003334
1607880674.429009676
1607880674.529010773
1607880674.629008055
1607880674.729007006
1607880674.829009533
1607880674.929002762
1607880675.029008865
1607880675.129003525
1607880675.229013443
1607880675.329004288
1607880675.428999662
1607880675.529005527
1607880675.629004478
1607880675.729006052
1607880675.829009056
1607880675.929003716
1607880676.029008150
1607880676.129004717
1607880676.229007483
1607880676.328992128
1607880676.429010153
1607880676.528998375
1607880676.628795624
1607880676.729007244
1607880676.829005241
1607880676.929006338
1607880677.029003859
1607880677.128759146
1607880677.229007006
1607880677.329007387
1607880677.429009438
1607880677.529001236
1607880677.629010439
1607880677.729003429
1607880677.829009771
1607880677.929003716
1607880678.029014349
1607880678.129006624
1607880678.229006052
1607880678.329009295
1607880678.429006815
1607880678.529006243
1607880678.629002094
1607880678.729008913
1607880678.829007149
1607880678.928997278
1607880679.029008150
1607880679.128994942
1607880679.229002237
1607880679.329004526
1607880679.429004669
1607880679.529000044
1607880679.628787756
1607880679.729003429
1607880679.828998089
1607880679.928998470
1607880680.029004574
1607880680.128762007
1607880680.228898764
1607880680.329005718
1607880680.429006100
1607880680.528841734
1607880680.628998756
1607880680.728998184
1607880680.829007626
1607880680.929002285
1607880681.029012442
1607880681.129008055
1607880681.229002714
1607880681.329001188
1607880681.429005623
1607880681.528997421
1607880681.629000187
1607880681.729007244
1607880681.828992367
1607880681.928993225
1607880682.029003859
1607880682.129001379
1607880682.229002476
1607880682.328996420
1607880682.429003000
1607880682.529003382
1607880682.629000664
1607880682.728998899
1607880682.829004526
1607880682.929000854
1607880683.029002428
1607880683.128820419
1607880683.228994370
1607880683.328991413
1607880683.428995848
1607880683.528999090
1607880683.629001141
1607880683.728996515
1607880683.829002857
1607880683.928997993
1607880684.028991938
1607880684.128998518
1607880684.229009151
1607880684.328999758
1607880684.428992033
1607880684.529008389
1607880684.629012823
1607880684.728843689
1607880684.829005003
1607880684.929003239
1607880685.029005289
1607880685.129006624
1607880685.229006767
1607880685.329003096
1607880685.428895712
1607880685.529003382
1607880685.628999472
1607880685.728993654
1607880685.828998804
1607880685.929004669
1607880686.029012680
1607880686.128890991
1607880686.228890657
1607880686.328992844
1607880686.429005384
1607880686.529005289
1607880686.629006147
1607880686.729011059
1607880686.828891754
1607880686.929005623
1607880687.029010296
1607880687.129001379
