1607880757.166465998
1607880757.270316839
1607880757.372417688
1607880757.474549294
1607880757.576367140
1607880757.677984238
1607880757.780097961
1607880757.881885529
1607880757.983549356
1607880758.085684299
1607880758.187120199
1607880758.288552761
1607880758.390281677
1607880758.491942167
1607880758.593881845
1607880758.695410728
1607880758.797115088
1607880758.899323225
1607880759.001439095
1607880759.103565693
1607880759.205143929
1607880759.306817055
1607880759.408964872
1607880759.510664940
1607880759.612343073
1607880759.714488506
1607880759.816197157
1607880759.918350697
1607880760.020448685
1607880760.122599363
1607880760.224250555
1607880760.326382160
1607880760.428040504
1607880760.529723406
1607880760.631853104
1607880760.733521461
1607880760.835630417
1607880760.937753439
1607880761.039439201
1607880761.141525269
1607880761.243059158
1607880761.344762325
1607880761.446879148
1607880761.549012184
1607880761.651097536
1607880761.752803564
1607880761.854600668
1607880761.956207514
1607880762.057895899
1607880762.159997702
1607880762.262131691
1607880762.363847017
1607880762.465521812
1607880762.565732241
1607880762.665832043
1607880762.765840769
1607880762.865635395
1607880762.965839148
1607880763.065827608
1607880763.165835142
1607880763.265711784
1607880763.365842819
1607880763.465829134
1607880763.565837383
1607880763.665824175
1607880763.765836000
1607880763.865821362
1607880763.965646982
1607880764.065831661
1607880764.165639162
1607880764.265630960
1607880764.365836859
1607880764.465824366
1607880764.565847397
1607880764.665634871
1607880764.765837669
1607880764.865701199
1607880764.965838671
1607880765.065826893
1607880765.165847063
1607880765.265833855
1607880765.365651369
1607880765.465828657
1607880765.565840244
1607880765.665823936
1607880765.765840054
1607880765.865634441
1607880765.965835571
1607880766.065637350
1607880766.165842533
1607880766.265825987
1607880766.365834951
1607880766.465827942
1607880766.565843821
1607880766.665826321
1607880766.765640259
1607880766.865634680
1607880766.965832710
1607880767.065824509
1607880767.165640354
1607880767.265633345
1607880767.365804434
1607880767.465658188
1607880767.565811872
1607880767.665848970
1607880767.765817642
1607880767.865655422
1607880767.965821505
1607880768.065848112
1607880768.165459871
1607880768.265848637
1607880768.365618706
1607880768.465850353
1607880768.565809965
1607880768.665855408
1607880768.765801668
1607880768.865653753
1607880768.965810776
1607880769.065846920
1607880769.165806293
1607880769.265850067
1607880769.365806341
1607880769.465844393
1607880769.565456867
1607880769.665841341
1607880769.765805006
1607880769.865650415
1607880769.965701580
1607880770.065845251
1607880770.165619612
1607880770.265654087
1607880770.365808249
1607880770.465844870
1607880770.565799713
1607880770.665844679
1607880770.765806437
1607880770.865650415
1607880770.965617657
1607880771.065845728
1607880771.165806770
1607880771.265843391
1607880771.365812540
1607880771.465852022
1607880771.565806866
1607880771.665555000
1607880771.765817165
1607880771.865653038
1607880771.965814114
1607880772.065851212
1607880772.165612459
1607880772.265852928
1607880772.365454197
1607880772.465848207
1607880772.565809727
1607880772.665652990
1607880772.765616894
1607880772.865637064
1607880772.965812206
1607880773.065583467
1607880773.165617943
1607880773.265851736
1607880773.365811110
1607880773.465855837
1607880773.565817118
1607880773.665851593
1607880773.765809536
1607880773.865654707
1607880773.965816975
1607880774.065843821
1607880774.165815592
1607880774.265855789
1607880774.365808964
1607880774.465848684
1607880774.565817356
1607880774.665854454
1607880774.765811443
1607880774.865857840
1607880774.965816736
1607880775.065852880
1607880775.165809870
1607880775.265857697
1607880775.365816116
1607880775.465849161
1607880775.565809965
1607880775.665850401
1607880775.765813112
1607880775.865848780
1607880775.965817451
1607880776.065851688
1607880776.165611982
1607880776.265851736
1607880776.365810394
1607880776.465879202
1607880776.565838575
1607880776.665881157
1607880776.765841722
1607880776.865713120
1607880776.965842247
1607880777.065886736
1607880777.165833473
1607880777.265854359
1607880777.365820408
1607880777.465857029
1607880777.565811634
1607880777.665852070
1607880777.765815973
1607880777.865847826
1607880777.965696335
1607880778.065855026
1607880778.165812969
1607880778.265845537
1607880778.365811110
1607880778.465850592
1607880778.565812588
1607880778.665845871
1607880778.765815735
1607880778.865847349
1607880778.965814829
1607880779.065858603
1607880779.165614128
1607880779.265848398
1607880779.365808725
1607880779.465844870
1607880779.565807104
1607880779.665851116
1607880779.765816689
1607880779.865854025
1607880779.965809822
1607880780.065852880
1607880780.165803909
1607880780.265852213
1607880780.365813017
1607880780.465847731
1607880780.565805912
1607880780.665847778
1607880780.765809774
1607880780.865848780
1607880780.965615273
1607880781.065850019
1607880781.165812492
1607880781.265851259
1607880781.365812302
1607880781.465849161
1607880781.565808535
1607880781.665849447
1607880781.765805960
1607880781.865855932
1607880781.965811491
1607880782.065852642
1607880782.165615559
1607880782.265651226
1607880782.365811110
1607880782.465850353
1607880782.565823078
1607880782.665856600
1607880782.765812874
1607880782.865855932
1607880782.965816975
1607880783.065852642
1607880783.165806055
1607880783.265849829
1607880783.365808487
1607880783.465853930
1607880783.565812349
1607880783.665857792
1607880783.765814304
1607880783.865850687
1607880783.965812922
1607880784.065848112
1607880784.165809631
1607880784.265855551
1607880784.365810871
1607880784.465846539
1607880784.565811634
1607880784.665859699
1607880784.765815020
1607880784.865844965
1607880784.965803623
1607880785.065846920
1607880785.165616035
1607880785.265851259
1607880785.365695715
1607880785.465852022
1607880785.565810204
1607880785.665847778
1607880785.765808105
1607880785.865851164
1607880785.965805769
1607880786.065845490
1607880786.165815115
1607880786.265851974
1607880786.365808249
1607880786.465842724
1607880786.565810919
1607880786.665840864
1607880786.765806913
1607880786.865839005
1607880786.965805292
1607880787.065846920
1607880787.165805817
1607880787.265841484
1607880787.365801334
1607880787.465844154
1607880787.565804243
1607880787.665846348
1607880787.765806198
1607880787.865843534
1607880787.965806246
1607880788.065845966
1607880788.165613413
1607880788.265848637
1607880788.365804911
1607880788.465851545
1607880788.565807819
1607880788.665847778
1607880788.765804529
1607880788.865846157
1607880788.965805054
1607880789.065844059
1607880789.165808678
1607880789.265845060
1607880789.365803719
1607880789.465844631
1607880789.565823078
1607880789.665853024
1607880789.765808344
1607880789.865850687
1607880789.965819836
1607880790.065840006
1607880790.165807724
1607880790.265853882
1607880790.365811348
1607880790.465674162
1607880790.565766096
1607880790.665840626
1607880790.765815973
1607880790.865845680
1607880790.965815067
1607880791.065852165
1607880791.165617943
1607880791.265855312
1607880791.365815163
1607880791.465848684
1607880791.565807104
1607880791.665853500
1607880791.765814781
1607880791.865853786
1607880791.965815306
1607880792.065857887
1607880792.165611267
1607880792.265845537
1607880792.365820169
1607880792.465852499
1607880792.565812111
1607880792.665849209
1607880792.765814304
1607880792.865848541
1607880792.965812683
1607880793.065654755
1607880793.165813208
1607880793.265855551
1607880793.365813017
1607880793.465849400
1607880793.565811157
1607880793.665845394
1607880793.765816212
1607880793.865849495
1607880793.965616226
1607880794.065851212
1607880794.165613174
1607880794.265848398
1607880794.365810394
1607880794.465885639
1607880794.565843344
1607880794.665880680
1607880794.765846729
1607880794.865880728
1607880794.965841055
1607880795.065874338
1607880795.165649176
1607880795.265853405
1607880795.365816116
1607880795.465857983
1607880795.565809727
1607880795.665854216
1607880795.765811205
1607880795.865651846
1607880795.965813398
1607880796.065849066
1607880796.165817499
1607880796.265859365
1607880796.365812063
1607880796.465849400
1607880796.565803289
1607880796.665855408
1607880796.765814543
1607880796.865851164
1607880796.965815783
1607880797.065851212
1607880797.165609360
1607880797.265650988
1607880797.365813971
1607880797.465845346
1607880797.565814495
1607880797.665854931
1607880797.765811205
1607880797.865852833
1607880797.965615749
1607880798.065849781
1607880798.165817261
1607880798.265855312
1607880798.365815639
1607880798.465846777
1607880798.565812349
1607880798.665654659
1607880798.765809774
1607880798.865855217
1607880798.965815783
1607880799.065850258
1607880799.165616989
1607880799.265848637
1607880799.365809917
1607880799.465846300
1607880799.565807104
1607880799.665853500
1607880799.765817881
1607880799.865847111
1607880799.965805054
1607880800.065655947
1607880800.165614843
1607880800.265853643
1607880800.365812778
1607880800.465847731
1607880800.565814018
1607880800.665846586
1607880800.765705824
1607880800.865852594
1607880800.965809822
1607880801.065848351
1607880801.165814638
1607880801.265849590
1607880801.365815163
1607880801.465742111
1607880801.565817118
1607880801.665857077
1607880801.765621424
1607880801.865659714
1607880801.965809822
1607880802.065852165
1607880802.165812492
1607880802.265854120
1607880802.365811586
1607880802.465684652
1607880802.565806389
1607880802.665848494
1607880802.765810251
1607880802.865848780
1607880802.965814352
1607880803.065847635
1607880803.165620327
1607880803.265846729
1607880803.365801573
1607880803.465844154
1607880803.565824032
1607880803.665849686
1607880803.765815973
1607880803.865853548
1607880803.965817690
1607880804.065854549
1607880804.165809870
1607880804.265855074
1607880804.365804434
1607880804.465839624
1607880804.565810919
1607880804.665851355
1607880804.765814543
1607880804.865851164
1607880804.965806484
1607880805.065846920
1607880805.165804625
1607880805.265846968
1607880805.365803242
1607880805.465845823
1607880805.565808535
1607880805.665842533
1607880805.765807152
1607880805.865846634
1607880805.965769053
1607880806.065844297
1607880806.165612698
1607880806.265844345
1607880806.365696669
1607880806.465842485
1607880806.565804958
1607880806.665848255
1607880806.765808344
1607880806.865846872
1607880806.965809107
1607880807.065735102
1607880807.165799379
1607880807.265842199
1607880807.365805626
1607880807.465847254
1607880807.565813303
1607880807.665848732
1607880807.765693426
1607880807.865851641
1607880807.965807438
1607880808.065855265
1607880808.165815353
1607880808.265853405
1607880808.365808249
1607880808.465654850
1607880808.565806150
1607880808.665847778
1607880808.765815258
1607880808.865851164
1607880808.965806961
1607880809.065854311
1607880809.165616512
1607880809.265854597
1607880809.365808487
1607880809.465858459
1607880809.565812588
1607880809.665849686
1607880809.765808105
1607880809.865736485
1607880809.965700388
1607880810.065844536
1607880810.165810585
1607880810.265851498
1607880810.365809679
1607880810.465736628
1607880810.565692186
1607880810.665848970
1607880810.765813589
1607880810.865651131
1607880810.965813160
1607880811.065852880
1607880811.165812016
1607880811.265741825
1607880811.365810394
1607880811.465844631
1607880811.565814972
1607880811.665852308
1607880811.765809298
1607880811.865856171
1607880811.965769291
1607880812.065856218
1607880812.165612459
1607880812.265848398
1607880812.365817547
1607880812.465655327
1607880812.565844774
1607880812.665713787
1607880812.765844345
1607880812.865877390
1607880812.965845108
1607880813.065878153
1607880813.165842295
1607880813.265872478
1607880813.365642071
1607880813.465851784
1607880813.565811634
1607880813.665850163
1607880813.765813112
1607880813.865845680
1607880813.965455294
1607880814.065657377
1607880814.165810823
1607880814.265846252
1607880814.365819216
1607880814.465852976
1607880814.565810919
1607880814.665852785
1607880814.765532970
1607880814.865849018
1607880814.965814352
1607880815.065855265
1607880815.165615320
1607880815.265653610
1607880815.365813017
1607880815.465671539
1607880815.565809011
1607880815.665850639
1607880815.765819311
1607880815.865646839
1607880815.965609550
1607880816.065845728
1607880816.165620089
1607880816.265850782
1607880816.365811825
1607880816.465657473
1607880816.565815449
1607880816.665850163
1607880816.765815735
1607880816.865684032
1607880816.965814352
1607880817.065851450
1607880817.165612221
