1607880172.072710514
1607880172.173036575
1607880172.273383856
1607880172.373735189
1607880172.474096298
1607880172.574306726
1607880172.674640179
1607880172.774985790
1607880172.875331640
1607880172.975735426
1607880173.076078653
1607880173.176426172
1607880173.276568174
1607880173.376931906
1607880173.477285862
1607880173.577635527
1607880173.677986622
1607880173.778336287
1607880173.878683567
1607880173.979022980
1607880174.079365253
1607880174.179711580
1607880174.280053616
1607880174.380396128
1607880174.480729342
1607880174.581073046
1607880174.681417227
1607880174.781756639
1607880174.882099390
1607880174.982438087
1607880175.082778454
1607880175.183124304
1607880175.283473492
1607880175.383820295
1607880175.484043360
1607880175.584390640
1607880175.684618473
1607880175.784984589
1607880175.885332108
1607880175.985685110
1607880176.086029053
1607880176.186365604
1607880176.286705732
1607880176.387045622
1607880176.487395763
1607880176.587746143
1607880176.688093424
1607880176.788439035
1607880176.888787508
1607880176.989140272
1607880177.089459658
1607880177.189805269
1607880177.290035248
1607880177.390381336
1607880177.490733147
1607880177.591087103
1607880177.691432953
1607880177.791776896
1607880177.892116785
1607880177.992458344
1607880178.092802048
1607880178.193142414
1607880178.293485403
1607880178.393830776
1607880178.494155169
1607880178.594487667
1607880178.694829226
1607880178.795170307
1607880178.895511866
1607880178.995861769
1607880179.096205473
1607880179.196612358
1607880179.296860456
1607880179.397207499
1607880179.497554064
1607880179.597902298
1607880179.698256016
1607880179.798604488
1607880179.898947477
1607880179.999296188
1607880180.099639177
1607880180.199986219
1607880180.300333738
1607880180.400681973
1607880180.501026630
1607880180.601338387
1607880180.701687813
1607880180.802033663
1607880180.902377844
1607880181.002723694
1607880181.103070736
1607880181.203412533
1607880181.303754807
1607880181.404097080
1607880181.504448414
1607880181.604789972
1607880181.705136299
1607880181.805477619
1607880181.905693293
1607880182.006037951
1607880182.106373787
1607880182.206583977
1607880182.306920528
1607880182.407258511
1607880182.507599354
1607880182.607940197
1607880182.708283901
1607880182.808634996
1607880182.908983707
1607880183.009329557
1607880183.109677076
1607880183.210029125
1607880183.310377121
1607880183.410715818
1607880183.511055470
1607880183.611401320
1607880183.711754322
1607880183.812105894
1607880183.912459612
1607880184.012808323
1607880184.113042593
1607880184.213392258
1607880184.313746691
1607880184.414093971
1607880184.514432669
1607880184.614776134
1607880184.715121984
1607880184.815468311
1607880184.915818453
1607880185.016160727
1607880185.116504669
1607880185.216847658
1607880185.317194223
1607880185.417543650
1607880185.517872810
1607880185.618212461
1607880185.718552113
1607880185.818891287
1607880185.919237137
1607880186.019577503
1607880186.119922161
1607880186.220261812
1607880186.320601940
1607880186.420954943
1607880186.521297216
1607880186.621636629
1607880186.721983910
1607880186.822331429
1607880186.922678471
1607880187.023028135
1607880187.123363972
1607880187.223711014
1607880187.324055910
1607880187.424399376
1607880187.524747610
1607880187.625093222
1607880187.725437641
1607880187.825781822
1607880187.926139593
1607880188.026486635
1607880188.126828194
1607880188.227168322
1607880188.327510357
1607880188.427854776
1607880188.528200865
1607880188.628547430
1607880188.728894711
1607880188.829241991
1607880188.929587364
1607880189.029934883
1607880189.130286455
1607880189.230633497
1607880189.330973864
1607880189.431319952
1607880189.531667233
1607880189.632009029
1607880189.732352018
1607880189.832695961
1607880189.933033228
1607880190.033374548
1607880190.133714199
1607880190.234054565
1607880190.334397554
1607880190.434740305
1607880190.535079479
1607880190.635424614
1607880190.735769033
1607880190.836117506
1607880190.936458588
1607880191.036804438
1607880191.136987209
1607880191.237213135
1607880191.337441921
1607880191.437784195
1607880191.538128138
1607880191.638475657
1607880191.738816977
1607880191.839186430
1607880191.939535618
1607880192.039877653
1607880192.140227318
1607880192.240581036
1607880192.340941906
1607880192.441288471
1607880192.541632652
1607880192.641958714
1607880192.742302895
1607880192.842630148
1607880192.942971945
1607880193.043318272
1607880193.143661022
1607880193.244001627
1607880193.344345331
1607880193.444689989
1607880193.544868708
1607880193.645212650
1607880193.745559692
1607880193.845909595
1607880193.946248770
1607880194.046587706
1607880194.146929979
1607880194.247265339
1607880194.347603798
1607880194.447944164
1607880194.548286200
1607880194.648637295
1607880194.748984098
1607880194.849331141
1607880194.949654102
1607880195.049999237
1607880195.150346041
1607880195.250692368
1607880195.351039886
1607880195.451386452
1607880195.551733017
1607880195.652074814
1607880195.752420902
1607880195.852770329
1607880195.953118563
1607880196.053466558
1607880196.153674603
1607880196.254018068
1607880196.354360342
1607880196.454705954
1607880196.555049419
1607880196.655388355
1607880196.755738258
1607880196.856086254
1607880196.956431866
1607880197.056776762
1607880197.156925917
1607880197.257136822
1607880197.357474804
1607880197.457822323
1607880197.558173180
1607880197.658517599
1607880197.758853436
1607880197.859196186
1607880197.959535122
1607880198.059874773
1607880198.160216570
1607880198.260556936
1607880198.360898733
1607880198.461071968
1607880198.561417818
1607880198.661771297
1607880198.762104273
1607880198.862449646
1607880198.962793589
1607880199.063143015
1607880199.163496494
1607880199.263847351
1607880199.364187956
1607880199.464531422
1607880199.564875126
1607880199.665247679
1607880199.765595913
1607880199.865920782
1607880199.966268301
1607880200.066614151
1607880200.166953802
1607880200.267293930
1607880200.367635250
1607880200.467980146
1607880200.568322659
1607880200.668667793
1607880200.768872499
1607880200.869217634
1607880200.969446182
1607880201.069788933
1607880201.170132399
1607880201.270471334
1607880201.370809078
1607880201.471149921
1607880201.571493387
1607880201.671834707
1607880201.772174597
1607880201.872515440
1607880201.972850561
1607880202.072796822
1607880202.172978640
1607880202.272981405
1607880202.372978449
1607880202.472981930
1607880202.572978258
1607880202.672852993
1607880202.772978544
1607880202.872983217
1607880202.972980738
1607880203.072799683
1607880203.172854662
1607880203.272852659
1607880203.372853994
1607880203.472977161
1607880203.572983265
1607880203.672984600
1607880203.772985220
1607880203.872983217
1607880203.972988844
1607880204.072803974
1607880204.172983885
1607880204.272988558
1607880204.372986794
1607880204.472984791
1607880204.572984457
1607880204.672852993
1607880204.772858620
1607880204.872983694
1607880204.972988367
1607880205.072801352
1607880205.172983170
1607880205.272983551
1607880205.372987270
1607880205.472860575
1607880205.572983503
1607880205.672985792
1607880205.772980213
1607880205.872985840
1607880205.972862482
1607880206.072804451
1607880206.172860861
1607880206.272856474
1607880206.372984886
1607880206.472983360
1607880206.572984695
1607880206.672985554
1607880206.772985935
1607880206.872856379
1607880206.972985744
1607880207.072803974
1607880207.172983646
1607880207.272984982
1607880207.372985363
1607880207.472990274
1607880207.572861671
1607880207.672984362
1607880207.772984266
1607880207.872981310
1607880207.972984076
1607880208.072804451
1607880208.172985077
1607880208.272859097
1607880208.372985840
1607880208.472983599
1607880208.572982073
1607880208.672862530
1607880208.772985220
1607880208.872990131
1607880208.972861767
1607880209.072802544
1607880209.172861814
1607880209.272860765
1607880209.372987986
1607880209.472985268
1607880209.572985888
1607880209.672858953
1607880209.772985935
1607880209.872985840
1607880209.972989559
1607880210.072801590
1607880210.172984362
1607880210.272989750
1607880210.372848749
1607880210.472986460
1607880210.572984934
1607880210.672989607
1607880210.772986650
1607880210.872985363
1607880210.972986937
1607880211.072827816
1607880211.172987461
1607880211.272984982
1607880211.372987986
1607880211.472985268
1607880211.572982788
1607880211.672986746
1607880211.772985935
1607880211.872986794
1607880211.972985744
1607880212.072804213
1607880212.172859907
1607880212.272858143
1607880212.372987270
1607880212.472982883
1607880212.572986841
1607880212.672860861
1607880212.772986889
1607880212.872984648
1607880212.972983837
1607880213.072804689
1607880213.172981262
1607880213.272984743
1607880213.372984409
1607880213.472986698
1607880213.572988510
1607880213.672985077
1607880213.772985220
1607880213.872982264
1607880213.972985506
1607880214.072805166
1607880214.172990799
1607880214.272989511
1607880214.372985601
1607880214.472985268
1607880214.572982788
1607880214.672984123
1607880214.772984028
1607880214.872990370
1607880214.972986460
1607880215.072804451
1607880215.172860146
1607880215.272855759
1607880215.372979164
1607880215.472978354
1607880215.572867870
1607880215.672985315
1607880215.772985697
1607880215.872984171
1607880215.972862005
1607880216.072805166
1607880216.172978640
1607880216.272986174
1607880216.372981310
1607880216.472983122
1607880216.572986603
1607880216.672983885
1607880216.772979021
1607880216.872977734
1607880216.972983122
1607880217.072795630
1607880217.172979593
1607880217.272980928
1607880217.372982264
1607880217.472987652
1607880217.572986364
1607880217.672982454
1607880217.772852421
1607880217.872977257
1607880217.972981453
1607880218.072806835
1607880218.172853470
1607880218.272853851
1607880218.372982502
1607880218.472860575
1607880218.572989464
1607880218.672853470
1607880218.772979259
1607880218.872985363
1607880218.972978592
1607880219.072801590
1607880219.172852039
1607880219.272977591
1607880219.372978926
1607880219.472983360
1607880219.572981119
1607880219.672978401
1607880219.772980928
1607880219.872850895
1607880219.972979546
1607880220.072797060
1607880220.172980547
1607880220.272979498
1607880220.372980356
1607880220.472981215
1607880220.572855473
1607880220.672979116
1607880220.772979021
1607880220.872981310
1607880220.972978592
1607880221.072799921
1607880221.172857046
1607880221.272854328
1607880221.372977257
1607880221.472979069
1607880221.572982788
1607880221.672989607
1607880221.772985220
1607880221.872982740
1607880221.972857952
1607880222.072802305
1607880222.172985315
1607880222.272991419
1607880222.372986078
1607880222.472983837
1607880222.572983980
1607880222.672858953
1607880222.772983313
1607880222.872985601
1607880222.972990274
1607880223.072799921
1607880223.172982454
1607880223.272984028
1607880223.372859001
1607880223.472983122
1607880223.572983265
1607880223.672983646
1607880223.772987366
1607880223.872984886
1607880223.972984791
1607880224.072808743
1607880224.172859192
1607880224.272862434
1607880224.372988701
1607880224.472986460
1607880224.572984934
1607880224.672984838
1607880224.772854567
1607880224.872986078
1607880224.972984791
1607880225.072802544
1607880225.172987223
1607880225.272983789
1607880225.372982740
1607880225.472854853
1607880225.572985649
1607880225.672983408
1607880225.772988319
1607880225.872986317
1607880225.972986460
1607880226.072806835
1607880226.172854900
1607880226.272984982
1607880226.372985125
1607880226.472985506
1607880226.572981358
1607880226.672985315
1607880226.772984266
1607880226.872856140
1607880226.972985268
1607880227.072805166
1607880227.172865391
1607880227.272861004
1607880227.372987747
1607880227.472984552
1607880227.572855234
1607880227.672979832
1607880227.772983551
1607880227.872986317
1607880227.972982168
1607880228.072801828
1607880228.172985792
1607880228.272860289
1607880228.372987270
1607880228.472985029
1607880228.572984695
1607880228.672983170
1607880228.772855759
1607880228.872983694
1607880228.972917080
1607880229.072798491
1607880229.172984362
1607880229.272984743
1607880229.372980118
1607880229.472985506
1607880229.572983742
1607880229.672985077
1607880229.772985935
1607880229.872983694
1607880229.972983360
1607880230.072802067
1607880230.172860146
1607880230.272858858
1607880230.372989893
1607880230.472986698
1607880230.572983265
1607880230.672982931
1607880230.772989988
1607880230.872984409
1607880230.972983599
1607880231.072807312
1607880231.172986746
1607880231.272984505
1607880231.372983694
1607880231.472989559
1607880231.572986364
1607880231.672984362
1607880231.772987127
1607880231.872987270
1607880231.972985268
1607880232.072803259
