1607879982.068884134
1607879982.169051886
1607879982.269409895
1607879982.369767904
1607879982.470112801
1607879982.570465803
1607879982.670702219
1607879982.771046162
1607879982.871395826
1607879982.971754074
1607879983.072059393
1607879983.172380209
1607879983.272540808
1607879983.372666597
1607879983.472849607
1607879983.573080540
1607879983.673255205
1607879983.773495436
1607879983.873737335
1607879983.973971128
1607879984.074310303
1607879984.174659252
1607879984.274890423
1607879984.375242949
1607879984.475470781
1607879984.575818539
1607879984.676167011
1607879984.776514292
1607879984.876853228
1607879984.977012396
1607879985.077248812
1607879985.177489996
1607879985.277841091
1607879985.378185749
1607879985.478531837
1607879985.578893900
1607879985.679249287
1607879985.779608250
1607879985.879964590
1607879985.980319262
1607879986.080674648
1607879986.181030512
1607879986.281390190
1607879986.381630421
1607879986.481867313
1607879986.582212687
1607879986.682576180
1607879986.782929182
1607879986.883282185
1607879986.983614206
1607879987.083801746
1607879987.184153795
1607879987.284509659
1607879987.384876490
1607879987.485233784
1607879987.585397243
1607879987.685555220
1607879987.785783291
1607879987.886023521
1607879987.986255407
1607879988.086488008
1607879988.186726809
1607879988.287063360
1607879988.387421131
1607879988.487769127
1607879988.588113785
1607879988.688459158
1607879988.788801670
1607879988.888965368
1607879988.989190817
1607879989.089388132
1607879989.189621925
1607879989.289803505
1607879989.390040636
1607879989.490389347
1607879989.590736389
1607879989.691087246
1607879989.791438341
1607879989.891789198
1607879989.992145300
1607879990.092519283
1607879990.192860603
1607879990.293021917
1607879990.393391132
1607879990.493743896
1607879990.593982458
1607879990.694330931
1607879990.794686794
1607879990.895043373
1607879990.995399475
1607879991.095757008
1607879991.196115494
1607879991.296450138
1607879991.396806717
1607879991.496971607
1607879991.597332954
1607879991.697696447
1607879991.797860384
1607879991.898025274
1607879991.998188496
1607879992.098352194
1607879992.198530436
1607879992.298695087
1607879992.398861885
1607879992.499088049
1607879992.599321604
1607879992.699659109
1607879992.800007582
1607879992.900351524
1607879993.000701666
1607879993.100848913
1607879993.201027632
1607879993.301252604
1607879993.401489258
1607879993.501727343
1607879993.602058411
1607879993.702404022
1607879993.802756548
1607879993.903109550
1607879994.003458977
1607879994.103805304
1607879994.204156399
1607879994.304398060
1607879994.404677868
1607879994.504831553
1607879994.605038166
1607879994.705245495
1607879994.805465221
1607879994.905684710
1607879995.005905151
1607879995.106126070
1607879995.206342936
1607879995.306568384
1607879995.406782866
1607879995.507008314
1607879995.607228279
1607879995.707461834
1607879995.807682991
1607879995.907902718
1607879996.008120537
1607879996.108329058
1607879996.208531618
1607879996.308843374
1607879996.409061670
1607879996.509282112
1607879996.609502077
1607879996.709719658
1607879996.809878349
1607879996.910151243
1607879997.010495186
1607879997.110685825
1607879997.210957289
1607879997.311260462
1607879997.411616802
1607879997.511822224
1607879997.612139225
1607879997.712480307
1607879997.812704802
1607879997.912864685
1607879998.013020754
1607879998.113185406
1607879998.213443279
1607879998.313672066
1607879998.413899183
1607879998.514126062
1607879998.614357471
1607879998.714686632
1607879998.815006495
1607879998.915355921
1607879999.015712261
1607879999.115943432
1607879999.216278791
1607879999.316505194
1607879999.416734457
1607879999.516900063
1607879999.617072821
1607879999.717253208
1607879999.817425966
1607879999.917785883
1607880000.018038511
1607880000.118392706
1607880000.218724489
1607880000.319077969
1607880000.419427633
1607880000.519779921
1607880000.620136976
1607880000.720491409
1607880000.820843697
1607880000.921196222
1607880001.021547079
1607880001.121882677
1607880001.222234726
1607880001.322583675
1607880001.422930717
1607880001.523280382
1607880001.623604298
1607880001.723958254
1607880001.824315548
1607880001.924669981
1607880002.025029659
1607880002.125255585
1607880002.225492954
1607880002.325848103
1607880002.426200867
1607880002.526555777
1607880002.626907349
1607880002.727262020
1607880002.827610493
1607880002.927968025
1607880003.028322458
1607880003.128675222
1607880003.229031324
1607880003.329385042
1607880003.429735184
1607880003.530087233
1607880003.630441427
1607880003.730793953
1607880003.831149578
1607880003.931496620
1607880004.031845093
1607880004.132200003
1607880004.232546568
1607880004.332899332
1607880004.433125973
1607880004.533471346
1607880004.633821487
1607880004.734178782
1607880004.834523678
1607880004.934871435
1607880005.035219193
1607880005.135565758
1607880005.235910892
1607880005.336264610
1607880005.436610460
1607880005.536974669
1607880005.637198210
1607880005.737549543
1607880005.837783575
1607880005.938140869
1607880006.038497686
1607880006.138852119
1607880006.239206076
1607880006.339558363
1607880006.439912319
1607880006.540265799
1607880006.640618086
1607880006.740986586
1607880006.841340065
1607880006.941692352
1607880007.042032480
1607880007.142367840
1607880007.242644787
1607880007.343006849
1607880007.443361282
1607880007.543712378
1607880007.644062042
1607880007.744416475
1607880007.844776869
1607880007.945129156
1607880008.045484066
1607880008.145722151
1607880008.246064425
1607880008.346415758
1607880008.446762562
1607880008.547119856
1607880008.647469997
1607880008.747816801
1607880008.848165512
1607880008.948516130
1607880009.048864365
1607880009.149024248
1607880009.249377728
1607880009.349735022
1607880009.450089693
1607880009.550445080
1607880009.650798559
1607880009.751153469
1607880009.851508379
1607880009.951860666
1607880010.052214384
1607880010.152566671
1607880010.252933264
1607880010.353288174
1607880010.453641653
1607880010.553878784
1607880010.654230833
1607880010.754576445
1607880010.854932785
1607880010.955288649
1607880011.055646896
1607880011.155994654
1607880011.256346464
1607880011.356704235
1607880011.457058430
1607880011.557410240
1607880011.657767773
1607880011.758128881
1607880011.858484030
1607880011.958841324
1607880012.059190273
1607880012.159541607
1607880012.259895802
1607880012.360254288
1607880012.460605383
1607880012.560971737
1607880012.661210060
1607880012.761562586
1607880012.861916304
1607880012.962257624
1607880013.062607527
1607880013.162955284
1607880013.263307810
1607880013.363663912
1607880013.464015484
1607880013.564368725
1607880013.664721489
1607880013.765076876
1607880013.865430355
1607880013.965667725
1607880014.066021919
1607880014.166363239
1607880014.266707897
1607880014.367066860
1607880014.467412949
1607880014.567774534
1607880014.668126345
1607880014.768478870
1607880014.868834019
1607880014.969159365
1607880015.069157600
1607880015.169166327
1607880015.269186258
1607880015.369158745
1607880015.469161034
1607880015.569160700
1607880015.669157743
1607880015.769163370
1607880015.869165897
1607880015.968963861
1607880016.069159269
1607880016.169164658
1607880016.269156456
1607880016.369157791
1607880016.469158649
1607880016.568960905
1607880016.669160604
1607880016.768959045
1607880016.869164228
1607880016.968963146
1607880017.069160223
1607880017.169048309
1607880017.268975258
1607880017.369159698
1607880017.469158173
1607880017.568965912
1607880017.669161320
1607880017.769159794
1607880017.869157314
1607880017.968963623
1607880018.069161415
1607880018.169156551
1607880018.268966436
1607880018.369045258
1607880018.469154596
1607880018.569157124
1607880018.669164658
1607880018.769152880
1607880018.869152069
1607880018.968963623
1607880019.069155455
1607880019.169159174
1607880019.269156933
1607880019.369157791
1607880019.469156504
1607880019.569014311
1607880019.668963909
1607880019.769153833
1607880019.869153261
1607880019.968960762
1607880020.069157600
1607880020.168963909
1607880020.268954515
1607880020.368964911
1607880020.469157457
1607880020.569163322
1607880020.669156551
1607880020.768960953
1607880020.869156837
1607880020.969159365
1607880021.068964720
1607880021.169164181
1607880021.269152164
1607880021.369158030
1607880021.469165087
1607880021.569150925
1607880021.669152737
1607880021.768965721
1607880021.869163275
1607880021.969161987
1607880022.069153547
1607880022.169160366
1607880022.269154549
1607880022.369048119
1607880022.468966246
1607880022.568960190
1607880022.669153452
1607880022.769152641
1607880022.869159460
1607880022.969154358
1607880023.069153786
1607880023.168962955
1607880023.268973589
1607880023.369156361
1607880023.469154358
1607880023.569155931
1607880023.669153690
1607880023.769152880
1607880023.868992329
1607880023.969151258
1607880024.069154501
1607880024.169152737
1607880024.269155264
1607880024.369153500
1607880024.469151497
1607880024.568995714
1607880024.669156313
1607880024.768998861
1607880024.868963480
1607880024.969159126
1607880025.069154978
1607880025.169158936
1607880025.268960953
1607880025.369165659
1607880025.469160080
1607880025.568963766
1607880025.669158459
1607880025.769155741
1607880025.869158506
1607880025.968997955
1607880026.069164753
1607880026.169157505
1607880026.268968344
1607880026.368995905
1607880026.469156981
1607880026.569158316
1607880026.668986797
1607880026.769159555
1607880026.869158745
1607880026.969156981
1607880027.069157362
1607880027.169157505
1607880027.269158125
1607880027.368962526
1607880027.469159126
1607880027.569159746
1607880027.669157743
1607880027.769155979
1607880027.869155645
1607880027.969156981
1607880028.068962336
1607880028.169162512
1607880028.269159794
1607880028.369157553
1607880028.469156504
1607880028.568960428
1607880028.669157028
1607880028.768961668
1607880028.868962526
1607880028.969162226
1607880029.069156885
1607880029.168959379
1607880029.268959522
1607880029.369160175
1607880029.468962431
1607880029.569151878
1607880029.669158697
1607880029.769156218
1607880029.869156599
1607880029.969162226
1607880030.069160700
1607880030.169027090
1607880030.269161224
1607880030.368994474
1607880030.469158173
1607880030.569156647
1607880030.669163465
1607880030.769159794
1607880030.868967056
1607880030.969160318
1607880031.069160461
1607880031.169157028
1607880031.269157171
1607880031.369165659
1607880031.469158411
1607880031.569021225
1607880031.669160128
1607880031.769159555
1607880031.869158745
1607880031.969157934
1607880032.069167376
1607880032.169157982
1607880032.269163609
1607880032.369158745
1607880032.469156265
1607880032.569159508
1607880032.669156790
1607880032.769160509
1607880032.868963718
1607880032.969157934
1607880033.069159508
1607880033.169155359
1607880033.269159317
1607880033.369165182
1607880033.469164133
1607880033.569160223
1607880033.669151306
1607880033.769162416
1607880033.869155407
1607880033.969158411
1607880034.069157362
1607880034.169159174
1607880034.269160748
1607880034.368994474
1607880034.469156742
1607880034.569019794
1607880034.669149637
1607880034.769158602
1607880034.869164228
1607880034.969160080
1607880035.069157600
1607880035.168997049
1607880035.269155979
1607880035.369157076
1607880035.469147205
1607880035.569158077
1607880035.669159889
1607880035.769157171
1607880035.869156599
1607880035.968965292
1607880036.069161415
1607880036.169156551
1607880036.269159794
1607880036.369155407
1607880036.469157934
1607880036.569158316
1607880036.669036627
1607880036.769161224
1607880036.868961334
1607880036.969156265
1607880037.069154024
1607880037.169157028
1607880037.269154549
1607880037.369162321
1607880037.469154596
1607880037.569020271
1607880037.669156075
1607880037.769153118
1607880037.869152069
1607880037.969152689
1607880038.069161654
1607880038.169154406
1607880038.268986225
1607880038.368995905
1607880038.469153166
1607880038.569152355
1607880038.668963432
1607880038.769161224
1607880038.869158506
1607880038.968963861
1607880039.069157600
1607880039.169046879
1607880039.269152164
1607880039.369152308
1607880039.469160795
1607880039.569152594
1607880039.668963194
1607880039.769154310
1607880039.869156122
1607880039.969159603
1607880040.069152832
1607880040.169153929
1607880040.269153118
1607880040.368962765
1607880040.469154119
1607880040.569019556
1607880040.669151068
1607880040.769152880
1607880040.869153500
1607880040.969151974
1607880041.068960428
1607880041.168960810
1607880041.268963099
1607880041.369152784
1607880041.469152451
1607880041.569152832
1607880041.669157267
1607880041.768958330
1607880041.869155645
1607880041.969153404
1607880042.069151163
