1607880302.077977657
1607880302.178371668
1607880302.278725147
1607880302.379081488
1607880302.479319572
1607880302.579678297
1607880302.680036068
1607880302.780392408
1607880302.880756378
1607880302.981122017
1607880303.081488132
1607880303.181848526
1607880303.282212496
1607880303.382579565
1607880303.482840538
1607880303.583204746
1607880303.683571100
1607880303.783914804
1607880303.884274721
1607880303.984645128
1607880304.085013151
1607880304.185378075
1607880304.285739422
1607880304.386089563
1607880304.486424923
1607880304.586777210
1607880304.687135220
1607880304.787502766
1607880304.887864828
1607880304.988227367
1607880305.088587523
1607880305.188964128
1607880305.289207458
1607880305.389626026
1607880305.489991665
1607880305.590353727
1607880305.690727472
1607880305.791088581
1607880305.891449928
1607880305.991810799
1607880306.092170000
1607880306.192527056
1607880306.292886257
1607880306.393245697
1607880306.493604898
1607880306.593847275
1607880306.694201708
1607880306.794564247
1607880306.894930840
1607880306.995281696
1607880307.095707417
1607880307.196077585
1607880307.296440363
1607880307.396805525
1607880307.497052908
1607880307.597296715
1607880307.697657347
1607880307.798017740
1607880307.898382664
1607880307.998740673
1607880308.099096298
1607880308.199455976
1607880308.299811840
1607880308.400177240
1607880308.500536680
1607880308.600908518
1607880308.701272488
1607880308.801636457
1607880308.901984692
1607880309.002404928
1607880309.102766752
1607880309.203123808
1607880309.303484440
1607880309.403841734
1607880309.504201412
1607880309.604557037
1607880309.704931974
1607880309.805293798
1607880309.905652046
1607880310.006009340
1607880310.106365442
1607880310.206721544
1607880310.307081699
1607880310.407440186
1607880310.507804394
1607880310.608165741
1607880310.708590746
1607880310.808972120
1607880310.909339190
1607880311.009586573
1607880311.109923840
1607880311.210166454
1607880311.310519695
1607880311.410882711
1607880311.511247873
1607880311.611604691
1607880311.711848497
1607880311.812216520
1607880311.912578106
1607880312.012952805
1607880312.113314867
1607880312.213678598
1607880312.314036369
1607880312.414387226
1607880312.514744520
1607880312.615103245
1607880312.715465546
1607880312.815827131
1607880312.916180134
1607880313.016532660
1607880313.116863728
1607880313.217050791
1607880313.317404747
1607880313.417760372
1607880313.518116713
1607880313.618468523
1607880313.718823195
1607880313.819175243
1607880313.919528246
1607880314.019878387
1607880314.120227575
1607880314.220581293
1607880314.320954800
1607880314.421319485
1607880314.521564960
1607880314.621924877
1607880314.722284794
1607880314.822645903
1607880314.923002720
1607880315.023369789
1607880315.123728275
1607880315.224084139
1607880315.324443340
1607880315.424810410
1607880315.525171041
1607880315.625538588
1607880315.725898981
1607880315.826259375
1607880315.926618814
1607880316.026978493
1607880316.127344847
1607880316.227705717
1607880316.328068018
1607880316.428430796
1607880316.528787613
1607880316.628953695
1607880316.729315758
1607880316.829673529
1607880316.929914713
1607880317.030277729
1607880317.130438089
1607880317.230791807
1607880317.331151724
1607880317.431505680
1607880317.531861067
1607880317.632219553
1607880317.732575178
1607880317.832941532
1607880317.933293819
1607880318.033536911
1607880318.133898258
1607880318.234256268
1607880318.334616184
1607880318.434978247
1607880318.535336971
1607880318.635693550
1607880318.736051559
1607880318.836413383
1607880318.936779261
1607880319.037137270
1607880319.137468815
1607880319.237826109
1607880319.338176250
1607880319.438530445
1607880319.538886070
1607880319.639241457
1607880319.739608526
1607880319.839969635
1607880319.940329790
1607880320.040688515
1607880320.140850067
1607880320.241208315
1607880320.341566801
1607880320.441928387
1607880320.542294264
1607880320.642659664
1607880320.743013144
1607880320.843366385
1607880320.943720579
1607880321.044077396
1607880321.144431591
1607880321.244788408
1607880321.345141649
1607880321.445381165
1607880321.545624256
1607880321.645983219
1607880321.746341705
1607880321.846698761
1607880321.947060585
1607880322.047420979
1607880322.147779942
1607880322.248142958
1607880322.348502398
1607880322.448862314
1607880322.549222469
1607880322.649583101
1607880322.749944925
1607880322.850301027
1607880322.950653553
1607880323.051008463
1607880323.151359320
1607880323.251713991
1607880323.352074623
1607880323.452442169
1607880323.552802324
1607880323.653165340
1607880323.753526688
1607880323.853882313
1607880323.954246283
1607880324.054608583
1607880324.154966593
1607880324.255324125
1607880324.355686188
1607880324.456037760
1607880324.556392431
1607880324.656744957
1607880324.757106543
1607880324.857460022
1607880324.957819223
1607880325.058181763
1607880325.158536673
1607880325.258891106
1607880325.359244347
1607880325.459599018
1607880325.559952974
1607880325.660310268
1607880325.760671139
1607880325.861030102
1607880325.961391926
1607880326.061747551
1607880326.161904573
1607880326.262245417
1607880326.362606525
1607880326.462967634
1607880326.563327074
1607880326.663686275
1607880326.764046192
1607880326.864409208
1607880326.964762926
1607880327.065125227
1607880327.165486813
1607880327.265846491
1607880327.366209984
1607880327.466562271
1607880327.566923141
1607880327.667276859
1607880327.767631531
1607880327.867988825
1607880327.968357086
1607880328.068709850
1607880328.168874502
1607880328.269230366
1607880328.369595289
1607880328.469952345
1607880328.570308924
1607880328.670663357
1607880328.771015167
1607880328.871371031
1607880328.971723080
1607880329.072077036
1607880329.172425270
1607880329.272610188
1607880329.372966528
1607880329.473207235
1607880329.573450565
1607880329.673815966
1607880329.774176121
1607880329.874535322
1607880329.974895239
1607880330.075257540
1607880330.175613642
1607880330.275974035
1607880330.376333475
1607880330.476691246
1607880330.577051401
1607880330.677411079
1607880330.777796984
1607880330.878154993
1607880330.978236437
1607880331.078254938
1607880331.178247929
1607880331.278245211
1607880331.378252268
1607880331.478245974
1607880331.578249454
1607880331.678237915
1607880331.778256893
1607880331.878248453
1607880331.978248596
1607880332.078250647
1607880332.178236485
1607880332.278128862
1607880332.378234625
1607880332.478251219
1607880332.578223944
1607880332.678239584
1607880332.778248310
1607880332.878251314
1607880332.978246689
1607880333.078240156
1607880333.178252459
1607880333.278248310
1607880333.378237486
1607880333.478236198
1607880333.578249216
1607880333.678237438
1607880333.778129578
1607880333.878247023
1607880333.978248596
1607880334.078246832
1607880334.178250551
1607880334.278250933
1607880334.378246784
1607880334.478246689
1607880334.578245401
1607880334.678247929
1607880334.778247833
1607880334.878254175
1607880334.978233576
1607880335.078246355
1607880335.178235292
1607880335.278234243
1607880335.378248453
1607880335.478247881
1607880335.578250408
1607880335.678247452
1607880335.778248072
1607880335.878244877
1607880335.978230715
1607880336.078240871
1607880336.178246975
1607880336.278251648
1607880336.378242731
1607880336.478243589
1607880336.578249454
1607880336.678246260
1607880336.778243303
1607880336.878245592
1607880336.978240728
1607880337.078250647
1607880337.178245068
1607880337.278249979
1607880337.378248692
1607880337.478249788
1607880337.578244925
1607880337.678241968
1607880337.778240919
1607880337.878247261
1607880337.978243351
1607880338.078241348
1607880338.178231716
1607880338.278228521
1607880338.378248692
1607880338.478241444
1607880338.578243732
1607880338.678242922
1607880338.778248072
1607880338.878248692
1607880338.978230715
1607880339.078236103
1607880339.178250313
1607880339.278243065
1607880339.378244877
1607880339.478248596
1607880339.578241825
1607880339.678245306
1607880339.778232098
1607880339.878243446
1607880339.978243351
1607880340.078244209
1607880340.178244829
1607880340.278244019
1607880340.378246546
1607880340.478230476
1607880340.578240633
1607880340.678245544
1607880340.778241873
1607880340.878241301
1607880340.978242636
1607880341.078242302
1607880341.178229809
1607880341.278229475
1607880341.378242016
1607880341.478242159
1607880341.578242779
1607880341.678240776
1607880341.778243303
1607880341.878240108
1607880341.978242636
1607880342.078247070
1607880342.178246021
1607880342.278247118
1607880342.378235102
1607880342.478249550
1607880342.578240156
1607880342.678247929
1607880342.778248787
1607880342.878245354
1607880342.978231430
1607880343.078235626
1607880343.178251028
1607880343.278235197
1607880343.378250122
1607880343.478251696
1607880343.578250408
1607880343.678249121
1607880343.778248549
1607880343.878252029
1607880343.978235960
1607880344.078246593
1607880344.178237915
1607880344.278236151
1607880344.378247023
1607880344.478246212
1607880344.578253269
1607880344.678235292
1607880344.778248787
1607880344.878252268
1607880344.978248835
1607880345.078248739
1607880345.178247690
1607880345.278245449
1607880345.378234386
1607880345.478239775
1607880345.578247786
1607880345.678256512
1607880345.778248072
1607880345.878249407
1607880345.978245258
1607880346.078233957
1607880346.178246498
1607880346.278255701
1607880346.378249645
1607880346.478253365
1607880346.578248501
1607880346.678129911
1607880346.778237343
1607880346.878236055
1607880346.978236437
1607880347.078233957
1607880347.178235054
1607880347.278235912
1607880347.378250599
1607880347.478238106
1607880347.578246832
1607880347.678251743
1607880347.778249741
1607880347.878248930
1607880347.978255272
1607880348.078249693
1607880348.178236008
1607880348.278245687
1607880348.378240824
1607880348.478245735
1607880348.578248024
1607880348.678251982
1607880348.778248787
1607880348.878236532
1607880348.978249311
1607880349.078244448
1607880349.178245783
1607880349.278247356
1607880349.378248692
1607880349.478238583
1607880349.578234196
1607880349.678247690
1607880349.778243780
1607880349.878247738
1607880349.978246927
1607880350.078253269
1607880350.178233624
1607880350.278235435
1607880350.378248930
1607880350.478250504
1607880350.578248501
1607880350.678247690
1607880350.778250456
1607880350.878231525
1607880350.978230476
1607880351.078233480
1607880351.178246498
1607880351.278249502
1607880351.378235579
1607880351.478251219
1607880351.578248978
1607880351.678244829
1607880351.778251410
1607880351.878249645
1607880351.978249311
1607880352.078247070
1607880352.178252935
1607880352.278253317
1607880352.378246307
1607880352.478246927
1607880352.578251839
1607880352.678249359
1607880352.778248310
1607880352.878245354
1607880352.978251934
1607880353.078248262
1607880353.178237677
1607880353.278238058
1607880353.378247738
1607880353.478235960
1607880353.578243494
1607880353.678247213
1607880353.778241634
1607880353.878243446
1607880353.978254318
1607880354.078248262
1607880354.178242922
1607880354.278240919
1607880354.378241062
1607880354.478248596
1607880354.578244448
1607880354.678247452
1607880354.778245449
1607880354.878249407
1607880354.978227139
1607880355.078248978
1607880355.178239346
1607880355.278300047
1607880355.378244400
1607880355.478241205
1607880355.578245878
1607880355.678239822
1607880355.778242111
1607880355.878244162
1607880355.978241444
1607880356.078246117
1607880356.178231001
1607880356.278228045
1607880356.378244877
1607880356.478246450
1607880356.578245163
1607880356.678241491
1607880356.778240919
1607880356.878242731
1607880356.978247404
1607880357.078245878
1607880357.178244114
1607880357.278246164
1607880357.378242970
1607880357.478235960
1607880357.578245878
1607880357.678244591
1607880357.778241634
1607880357.878243446
1607880357.978243589
1607880358.078241825
1607880358.178241491
1607880358.278241396
1607880358.378244877
1607880358.478248358
1607880358.578244448
1607880358.678244352
1607880358.778241396
1607880358.878242970
1607880358.978231668
1607880359.078241587
1607880359.178228140
1607880359.278234005
1607880359.378245831
1607880359.478242636
1607880359.578243732
1607880359.678242922
1607880359.778242350
1607880359.878241062
1607880359.978242636
1607880360.078245878
1607880360.178243637
1607880360.278251648
1607880360.378249884
1607880360.478253365
1607880360.578248024
1607880360.678247929
1607880360.778247595
1607880360.878250837
1607880360.978248358
1607880361.078248501
1607880361.178245783
1607880361.278249025
1607880361.378247976
1607880361.478239536
1607880361.578248501
1607880361.678247690
1607880361.778247118
1607880361.878246546
1607880361.978248119
1607880362.078246832
