1607880692.145157814
1607880692.246962547
1607880692.348093987
1607880692.449154854
1607880692.550032854
1607880692.651070595
1607880692.752388716
1607880692.853527546
1607880692.954862595
1607880693.055805922
1607880693.157135248
1607880693.258069992
1607880693.359117270
1607880693.460456371
1607880693.561515808
1607880693.662827730
1607880693.763918877
1607880693.864825249
1607880693.966162443
1607880694.067484379
1607880694.168511152
1607880694.269844532
1607880694.370761871
1607880694.472095966
1607880694.573448896
1607880694.674487829
1607880694.775725365
1607880694.877076387
1607880694.977996588
1607880695.079056978
1607880695.179965973
1607880695.281107664
1607880695.382428646
1607880695.483450890
1607880695.584798574
1607880695.685850382
1607880695.787185907
1607880695.888210058
1607880695.989384413
1607880696.090647221
1607880696.191663504
1607880696.292989731
1607880696.394309759
1607880696.495339870
1607880696.596370459
1607880696.697422981
1607880696.798723459
1607880696.899786711
1607880697.001118898
1607880697.102159977
1607880697.203471184
1607880697.304500103
1607880697.405875683
1607880697.506893635
1607880697.607662201
1607880697.708430767
1607880697.809766531
1607880697.911110640
1607880698.012449265
1607880698.113396168
1607880698.214407682
1607880698.315715313
1607880698.416781425
1607880698.517810106
1607880698.619127512
1607880698.720442772
1607880698.821497440
1607880698.922800779
1607880699.023836136
1607880699.125159740
1607880699.226486206
1607880699.327517748
1607880699.428850889
1607880699.529779196
1607880699.631105900
1607880699.732147932
1607880699.833189964
1607880699.934514284
1607880700.035562515
1607880700.136648178
1607880700.237854004
1607880700.338792086
1607880700.440133333
1607880700.541175365
1607880700.642224073
1607880700.743260622
1607880700.844599247
1607880700.944781780
1607880701.044772387
1607880701.144773006
1607880701.244772196
1607880701.344776630
1607880701.444775581
1607880701.544770479
1607880701.644776106
1607880701.744650841
1607880701.844534874
1607880701.944777012
1607880702.044791222
1607880702.144780636
1607880702.244760752
1607880702.344777107
1607880702.444774628
1607880702.544773340
1607880702.644773960
1607880702.744778156
1607880702.844774485
1607880702.944785595
1607880703.044777155
1607880703.144764423
1607880703.244775534
1607880703.344770908
1607880703.444768906
1607880703.544773817
1607880703.644774437
1607880703.744771481
1607880703.844781160
1607880703.944780111
1607880704.044782400
1607880704.144655943
1607880704.244656324
1607880704.344773531
1607880704.444769859
1607880704.544779062
1607880704.644780874
1607880704.744771481
1607880704.844785690
1607880704.944779873
1607880705.044773579
1607880705.144778252
1607880705.244783401
1607880705.344778299
1607880705.444777727
1607880705.544777870
1607880705.644776344
1607880705.744532585
1607880705.844770908
1607880705.944783449
1607880706.044788122
1607880706.144790888
1607880706.244773626
1607880706.344776869
1607880706.444780588
1607880706.544777393
1607880706.644777536
1607880706.744778395
1607880706.844783545
1607880706.944778681
1607880707.044775009
1607880707.144776583
1607880707.244781256
1607880707.344775915
1607880707.444765806
1607880707.544781685
1607880707.644775867
1607880707.744776726
1607880707.844782591
1607880707.944776058
1607880708.044773817
1607880708.144772768
1607880708.244769812
1607880708.344781160
1607880708.444779873
1607880708.544769526
1607880708.644781828
1607880708.744790792
1607880708.844779491
1607880708.944778442
1607880709.044812679
1607880709.144798756
1607880709.244799852
1607880709.344809771
1607880709.444786549
1607880709.544780016
1607880709.644770861
1607880709.744765043
1607880709.844775677
1607880709.944784403
1607880710.044780016
1607880710.144780397
1607880710.244782925
1607880710.344772577
1607880710.444780111
1607880710.544780970
1607880710.644783735
1607880710.744776011
1607880710.844774961
1607880710.944777966
1607880711.044775248
1607880711.144785643
1607880711.244776487
1607880711.344771862
1607880711.444773912
1607880711.544774771
1607880711.644779205
1607880711.744780302
1607880711.844775200
1607880711.944777489
1607880712.044775009
1607880712.144774675
1607880712.244769335
1607880712.344775677
1607880712.444776297
1607880712.544772625
1607880712.644782305
1607880712.744768143
1607880712.844775915
1607880712.944771528
1607880713.044773817
1607880713.144778252
1607880713.244785786
1607880713.344784260
1607880713.444779158
1607880713.544781208
1607880713.644774675
1607880713.744765520
1607880713.844778538
1607880713.944784880
1607880714.044774294
1607880714.144788027
1607880714.244488478
1607880714.344779968
1607880714.444777727
1607880714.544771910
1607880714.644784689
1607880714.744776249
1607880714.844777584
1607880714.944785357
1607880715.044779539
1607880715.144775867
1607880715.244777679
1607880715.344773531
1607880715.444772720
1607880715.544780731
1607880715.644777298
1607880715.744787216
1607880715.844774723
1607880715.944779634
1607880716.044776201
1607880716.144781590
1607880716.244662762
1607880716.344779015
1607880716.444774866
1607880716.544764996
1607880716.644778728
1607880716.744771004
1607880716.844775200
1607880716.944771528
1607880717.044778347
1607880717.144783974
1607880717.244776726
1607880717.344781637
1607880717.444768429
1607880717.544778109
1607880717.644775152
1607880717.744766951
1607880717.844775915
1607880717.944771528
1607880718.044777632
1607880718.144762278
1607880718.244488478
1607880718.344769239
1607880718.444778204
1607880718.544779778
1607880718.644769430
1607880718.744777918
1607880718.844777107
1607880718.944779873
1607880719.044772625
1607880719.144769669
1607880719.244654179
1607880719.344771147
1607880719.444772005
1607880719.544765472
1607880719.644771338
1607880719.744780540
1607880719.844773531
1607880719.944774628
1607880720.044772863
1607880720.144777775
1607880720.244768143
1607880720.344771147
1607880720.444769382
1607880720.544773102
1607880720.644774437
1607880720.744776249
1607880720.844780445
1607880720.944530725
1607880721.044764757
1607880721.144766092
1607880721.244776249
1607880721.344776630
1607880721.444775343
1607880721.544769287
1607880721.644772530
1607880721.744772673
1607880721.844778299
1607880721.944786549
1607880722.044780970
1607880722.144539595
1607880722.244532108
1607880722.344774246
1607880722.444777727
1607880722.544770241
1607880722.644777298
1607880722.744779110
1607880722.844776154
1607880722.944773436
1607880723.044772387
1607880723.144772530
1607880723.244778395
1607880723.344776392
1607880723.444777489
1607880723.544769764
1607880723.644773006
1607880723.744777203
1607880723.844774246
1607880723.944777727
1607880724.044779778
1607880724.144774437
1607880724.244776249
1607880724.344773054
1607880724.444651365
1607880724.544778585
1607880724.644653320
1607880724.744783401
1607880724.844650984
1607880724.944774151
1607880725.044775486
1607880725.144527674
1607880725.244784832
1607880725.344781399
1607880725.444786787
1607880725.544779062
1607880725.644777060
1607880725.744768381
1607880725.844775200
1607880725.944777250
1607880726.044775248
1607880726.144777775
1607880726.244778872
1607880726.344769716
1607880726.444770813
1607880726.544771910
1607880726.644775391
1607880726.744776726
1607880726.844781160
1607880726.944777012
1607880727.044782877
1607880727.144805431
1607880727.244803905
1607880727.344814777
1607880727.444809198
1607880727.544782877
1607880727.644780874
1607880727.744786501
1607880727.844776154
1607880727.944776058
1607880728.044784546
1607880728.144539595
1607880728.244783640
1607880728.344775200
1607880728.444772959
1607880728.544769049
1607880728.644781590
1607880728.744774103
1607880728.844782591
1607880728.944784641
1607880729.044780970
1607880729.144778252
1607880729.244783401
1607880729.344782352
1607880729.444777966
1607880729.544771433
1607880729.644778967
1607880729.744771481
1607880729.844768286
1607880729.944784164
1607880730.044778109
1607880730.144777775
1607880730.244770527
1607880730.344779253
1607880730.444782257
1607880730.544780731
1607880730.644786596
1607880730.744780302
1607880730.844778061
1607880730.944780827
1607880731.044778824
1607880731.144776583
1607880731.244774342
1607880731.344781399
1607880731.444782019
1607880731.544772863
1607880731.644772291
1607880731.744791746
1607880731.844486475
1607880731.944773674
1607880732.044784069
1607880732.144779205
1607880732.244790554
1607880732.344771147
1607880732.444773436
1607880732.544771433
1607880732.644770384
1607880732.744776726
1607880732.844776630
1607880732.944778204
1607880733.044781446
1607880733.144778252
1607880733.244786263
1607880733.344779730
1607880733.444782019
1607880733.544779778
1607880733.644775152
1607880733.744775057
1607880733.844776869
1607880733.944780350
1607880734.044781208
1607880734.144657850
1607880734.244772911
1607880734.344774961
1607880734.444779396
1607880734.544762850
1607880734.644776344
1607880734.744776726
1607880734.844536781
1607880734.944777966
1607880735.044781923
1607880735.144773245
1607880735.244771957
1607880735.344769955
1607880735.444772482
1607880735.544649601
1607880735.644778967
1607880735.744784594
1607880735.844772100
1607880735.944777012
1607880736.044776678
1607880736.144772530
1607880736.244536638
1607880736.344774008
1607880736.444777727
1607880736.544779778
1607880736.644768238
1607880736.744770050
1607880736.844767809
1607880736.944537401
1607880737.044780493
1607880737.144773960
1607880737.244666815
1607880737.344782352
1607880737.444772720
1607880737.544770241
1607880737.644662857
1607880737.744771004
1607880737.844769001
1607880737.944769144
1607880738.044773102
1607880738.144773722
1607880738.244769096
1607880738.344540358
1607880738.444774389
1607880738.544771910
1607880738.644773960
1607880738.744770765
1607880738.844765663
1607880738.944774151
1607880739.044541121
1607880739.144773722
1607880739.244771004
1607880739.344772339
1607880739.444772482
1607880739.544772148
1607880739.644775867
1607880739.744538069
1607880739.844770908
1607880739.944775343
1607880740.044779539
1607880740.144774675
1607880740.244644642
1607880740.344775677
1607880740.444809437
1607880740.544774294
1607880740.644769669
1607880740.744778395
1607880740.844775915
1607880740.944781542
1607880741.044772863
1607880741.144778013
1607880741.244780302
1607880741.344768524
1607880741.444771290
1607880741.544775963
1607880741.644778252
1607880741.744772673
1607880741.844773054
1607880741.944780111
1607880742.044774055
1607880742.144781113
1607880742.244776487
1607880742.344486475
1607880742.444767952
1607880742.544780493
1607880742.644778490
1607880742.744778633
1607880742.844774246
1607880742.944769382
1607880743.044778347
1607880743.144657612
1607880743.244659662
1607880743.344776392
1607880743.444774151
1607880743.544779778
1607880743.644777060
1607880743.744785309
1607880743.844780684
1607880743.944781780
1607880744.044783354
1607880744.144775867
1607880744.244778156
1607880744.344767094
1607880744.444772720
1607880744.544781208
1607880744.644776821
1607880744.744780779
1607880744.844654322
1607880744.944780588
1607880745.044771194
1607880745.144794703
1607880745.244802475
1607880745.344815969
1607880745.444808960
1607880745.544782639
1607880745.644782066
1607880745.744775295
1607880745.844766855
1607880745.944783211
1607880746.044779778
1607880746.144663095
1607880746.244656086
1607880746.344773769
1607880746.444773674
1607880746.544778109
1607880746.644775867
1607880746.744781017
1607880746.844650745
1607880746.944777012
1607880747.044780016
1607880747.144775629
1607880747.244777441
1607880747.344775438
1607880747.444766760
1607880747.544768333
1607880747.644775629
1607880747.744790077
1607880747.844780684
1607880747.944779158
1607880748.044774532
1607880748.144771576
1607880748.244773388
1607880748.344769716
1607880748.444782734
1607880748.544785261
1607880748.644779682
1607880748.744774103
1607880748.844766617
1607880748.944781780
1607880749.044776201
1607880749.144481897
1607880749.244657755
1607880749.344779730
1607880749.444776773
1607880749.544773579
1607880749.644779205
1607880749.744778395
1607880749.844771862
1607880749.944785833
1607880750.044777393
1607880750.144773483
1607880750.244767666
1607880750.344772577
1607880750.444776297
1607880750.544779778
1607880750.644784451
1607880750.744778395
1607880750.844650745
1607880750.944775105
1607880751.044778347
1607880751.144773960
1607880751.244769573
1607880751.344771862
1607880751.444775105
1607880751.544784307
1607880751.644783258
1607880751.744774103
1607880751.844654799
1607880751.944775343
1607880752.044772625
1607880752.144659281
