1607880107.171225071
1607880107.271226168
1607880107.371230364
1607880107.471229792
1607880107.571225166
1607880107.671230555
1607880107.771228552
1607880107.871227980
1607880107.971229315
1607880108.071224928
1607880108.171228886
1607880108.271226883
1607880108.371200085
1607880108.471230030
1607880108.571225405
1607880108.671229839
1607880108.771226406
1607880108.871221781
1607880108.971221924
1607880109.071229696
1607880109.171231031
1607880109.271226883
1607880109.371228218
1607880109.471222401
1607880109.571230412
1607880109.671225548
1607880109.771223307
1607880109.871222019
1607880109.971224070
1607880110.071228504
1607880110.171218157
1607880110.271222115
1607880110.371218443
1607880110.471225739
1607880110.571225166
1607880110.671223879
1607880110.771226168
1607880110.871223211
1607880110.971227169
1607880111.071227074
1607880111.171231985
1607880111.271227598
1607880111.371220827
1607880111.471225023
1607880111.571219683
1607880111.671223164
1607880111.771229267
1607880111.871227503
1607880111.971225739
1607880112.071228027
1607880112.171227932
1607880112.271233320
1607880112.371225595
1607880112.471216917
1607880112.571227312
1607880112.671228409
1607880112.771223307
1607880112.871223927
1607880112.971224785
1607880113.071220636
1607880113.171219349
1607880113.271223783
1607880113.371224403
1607880113.471221685
1607880113.571222782
1607880113.671221018
1607880113.771224976
1607880113.871223450
1607880113.971226454
1607880114.071227551
1607880114.171223640
1607880114.271223307
1607880114.371217012
1607880114.471224546
1607880114.571220636
1607880114.671226501
1607880114.771223307
1607880114.871222496
1607880114.971222639
1607880115.071223497
1607880115.171222925
1607880115.271219969
1607880115.371224165
1607880115.471229553
1607880115.571218252
1607880115.671226978
1607880115.771231174
1607880115.871236086
1607880115.971228838
1607880116.071231604
1607880116.171221256
1607880116.271226168
1607880116.371258974
1607880116.471211195
1607880116.571214437
1607880116.671225548
1607880116.771229029
1607880116.871225834
1607880116.971227169
1607880117.071226597
1607880117.171228886
1607880117.271229744
1607880117.371228218
1607880117.471227884
1607880117.571222782
1607880117.671228409
1607880117.771228313
1607880117.871233940
1607880117.971230984
1607880118.071227312
1607880118.171227694
1607880118.271224737
1607880118.371226072
1607880118.471225500
1607880118.571229696
1607880118.671229839
1607880118.771227837
1607880118.871227980
1607880118.971224785
1607880119.071226120
1607880119.171223640
1607880119.271230936
1607880119.371230125
1607880119.471226931
1607880119.571227312
1607880119.671224117
1607880119.771231651
1607880119.871227264
1607880119.971232891
1607880120.071232319
1607880120.171225786
1607880120.271227360
1607880120.371233225
1607880120.471231222
1607880120.571224689
1607880120.671230316
1607880120.771230459
1607880120.871230841
1607880120.971227884
1607880121.071231127
1607880121.171240330
1607880121.271228552
1607880121.371231079
1607880121.471222639
1607880121.571223021
1607880121.671227694
1607880121.771229506
1607880121.871229649
1607880121.971227646
1607880122.071230650
1607880122.171227217
1607880122.271220684
1607880122.371227980
1607880122.471232176
1607880122.571233034
1607880122.671228170
1607880122.771232843
1607880122.871231556
1607880122.971230268
1607880123.071223974
1607880123.171235561
1607880123.271225691
1607880123.371227980
1607880123.471227407
1607880123.571223736
1607880123.671227932
1607880123.771228552
1607880123.871232748
1607880123.971230268
1607880124.071228504
1607880124.171228647
1607880124.271227121
1607880124.371228933
1607880124.471227407
1607880124.571233511
1607880124.671231270
1607880124.771228075
1607880124.871228218
1607880124.971225500
1607880125.071227789
1607880125.171224117
1607880125.271224499
1607880125.371228456
1607880125.471227646
1607880125.571224451
1607880125.671224594
1607880125.771228313
1607880125.871228933
1607880125.971228361
1607880126.071230173
1607880126.171227932
1607880126.271224260
1607880126.371233702
1607880126.471226931
1607880126.571223974
1607880126.671233416
1607880126.771229267
1607880126.871221781
1607880126.971224546
1607880127.071232080
1607880127.171233177
1607880127.271228552
1607880127.371225357
1607880127.471225262
1607880127.571220160
1607880127.671224594
1607880127.771221876
1607880127.871228456
1607880127.971227646
1607880128.071224928
1607880128.171221733
1607880128.271219730
1607880128.371230602
1607880128.471223831
1607880128.571229935
1607880128.671222210
1607880128.771226883
1607880128.871224165
1607880128.971228838
1607880129.071224928
1607880129.171228886
1607880129.271224976
1607880129.371219635
1607880129.471230030
1607880129.571221352
1607880129.671230793
1607880129.771231890
1607880129.871223450
1607880129.971223831
1607880130.071228981
1607880130.171224833
1607880130.271220207
1607880130.371223211
1607880130.471222878
1607880130.571222067
1607880130.671227217
1607880130.771221876
1607880130.871222734
1607880130.971223354
1607880131.071220160
1607880131.171221256
1607880131.271219730
1607880131.371225595
1607880131.471220255
1607880131.571222544
1607880131.671222687
1607880131.771220446
1607880131.871225595
1607880131.971222401
1607880132.071224689
1607880132.171223640
1607880132.271227121
1607880132.371222973
1607880132.471222401
1607880132.571220875
1607880132.671223879
1607880132.771216393
1607880132.871222496
1607880132.971227407
1607880133.071219921
1607880133.171221972
1607880133.271222591
1607880133.371227026
1607880133.471230030
1607880133.571218729
1607880133.671227932
1607880133.771231651
1607880133.871232033
1607880133.971228361
1607880134.071232319
1607880134.171229362
1607880134.271224737
1607880134.371226788
1607880134.471233606
1607880134.571228743
1607880134.671227932
1607880134.771231413
1607880134.871230364
1607880134.971228838
1607880135.071227312
1607880135.171231508
1607880135.271227837
1607880135.371227264
1607880135.471230745
1607880135.571228266
1607880135.671227694
1607880135.771229029
1607880135.871232271
1607880135.971228123
1607880136.071228266
1607880136.171230793
1607880136.271226406
1607880136.371247292
1607880136.471227646
1607880136.571233511
1607880136.671227694
1607880136.771228075
1607880136.871229649
1607880136.971223831
1607880137.071228266
1607880137.171220779
1607880137.271227837
1607880137.371230364
1607880137.471224308
1607880137.571228743
1607880137.671223164
1607880137.771228075
1607880137.871228456
1607880137.971227884
1607880138.071228504
1607880138.171227932
1607880138.271228313
1607880138.371223927
1607880138.471227646
1607880138.571226358
1607880138.671232462
1607880138.771228790
1607880138.871226788
1607880138.971227169
1607880139.071225643
1607880139.171250105
1607880139.271227837
1607880139.371231794
1607880139.471228838
1607880139.571226597
1607880139.671226978
1607880139.771224260
1607880139.871230602
1607880139.971227646
1607880140.071233273
1607880140.171225786
1607880140.271223545
1607880140.371225357
1607880140.471232653
1607880140.571223974
1607880140.671230316
1607880140.771233082
1607880140.871229887
1607880140.971223831
1607880141.071228266
1607880141.171232462
1607880141.271224499
1607880141.371228933
1607880141.471225023
1607880141.571236134
1607880141.671225548
1607880141.771226168
1607880141.871230841
1607880141.971229553
1607880142.071229219
1607880142.171219826
1607880142.271229029
1607880142.371224642
1607880142.471226215
1607880142.571230650
1607880142.671228409
1607880142.771227598
1607880142.871228933
1607880142.971231222
1607880143.071225166
1607880143.171222925
1607880143.271226168
1607880143.371228218
1607880143.471230030
1607880143.571227312
1607880143.671223402
1607880143.771224022
1607880143.871227026
1607880143.971235752
1607880144.071226597
1607880144.171228647
1607880144.271227598
1607880144.371221066
1607880144.471114159
1607880144.571224213
1607880144.671050072
1607880144.771032095
1607880144.871326208
1607880144.971229315
1607880145.071222067
1607880145.171226978
1607880145.271225214
1607880145.371231318
1607880145.471225977
1607880145.571220160
1607880145.671221972
1607880145.771221876
1607880145.871219873
1607880145.971222162
1607880146.071227312
1607880146.171219826
1607880146.271217346
1607880146.371226788
1607880146.471221924
1607880146.571226120
1607880146.671221018
1607880146.771227360
1607880146.871233463
1607880146.971228123
1607880147.071225405
1607880147.171220541
1607880147.271224737
1607880147.371223927
1607880147.471225977
1607880147.571219683
1607880147.671220303
1607880147.771223783
1607880147.871225357
1607880147.971221209
1607880148.071229219
1607880148.171224594
1607880148.271223068
1607880148.371031761
1607880148.471221685
1607880148.571220875
1607880148.671223879
1607880148.771031857
1607880148.871225119
1607880148.971285343
1607880149.071219444
1607880149.171219826
1607880149.271216869
1607880149.371109009
1607880149.471221447
1607880149.571228743
1607880149.671221495
1607880149.771220207
1607880149.871222258
1607880149.971220732
1607880150.071031332
1607880150.171221495
1607880150.271223307
1607880150.371221304
1607880150.471223354
1607880150.571221590
1607880150.671222687
1607880150.771222353
1607880150.871220112
1607880150.971224070
1607880151.071222782
1607880151.171223640
1607880151.271222830
1607880151.371222734
1607880151.471226454
1607880151.571218967
1607880151.671227932
1607880151.771224022
1607880151.871230364
1607880151.971227884
1607880152.071234703
1607880152.171224117
1607880152.271222591
1607880152.371228456
1607880152.471223593
1607880152.571228266
1607880152.671225548
1607880152.771228552
1607880152.871230602
1607880152.971229076
1607880153.071228266
1607880153.171222448
1607880153.271229744
1607880153.371228695
1607880153.471232414
1607880153.571228981
1607880153.671230793
1607880153.771228313
1607880153.871225119
1607880153.971227884
1607880154.071225643
1607880154.171232700
1607880154.271230221
1607880154.371230602
1607880154.471227407
1607880154.571220875
1607880154.671223879
1607880154.771226645
1607880154.871226311
1607880154.971231937
1607880155.071229458
1607880155.171221495
1607880155.271222353
1607880155.371228218
1607880155.471225977
1607880155.571229219
1607880155.671027422
1607880155.771229029
1607880155.871226311
1607880155.971227646
1607880156.071225166
1607880156.171227217
1607880156.271229506
1607880156.371225834
1607880156.471232653
1607880156.571224451
1607880156.671230555
1607880156.771229029
1607880156.871226311
1607880156.971231222
1607880157.071229935
1607880157.171255827
1607880157.271224022
1607880157.371229649
1607880157.471226454
1607880157.571224689
1607880157.671227932
1607880157.771227360
1607880157.871230841
1607880157.971228361
1607880158.071226835
1607880158.171226263
1607880158.271223307
1607880158.371226072
1607880158.471225023
1607880158.571108341
1607880158.671226740
1607880158.771233797
1607880158.871225595
1607880158.971228600
1607880159.071227074
1607880159.171223640
1607880159.271230459
1607880159.371225357
1607880159.471228600
1607880159.571226597
1607880159.671224594
1607880159.771226645
1607880159.871225119
1607880159.971229792
1607880160.071227074
1607880160.171228409
1607880160.271226883
1607880160.371227741
1607880160.471228600
1607880160.571223259
1607880160.671229124
1607880160.771225691
1607880160.871231556
1607880160.971227407
1607880161.071227074
1607880161.171220541
1607880161.271029949
1607880161.371228456
1607880161.471226931
1607880161.571232319
1607880161.671226740
1607880161.771227598
1607880161.871227026
1607880161.971232653
1607880162.071232080
1607880162.171225071
1607880162.271230459
1607880162.371227026
1607880162.471225262
1607880162.571224213
1607880162.671231985
1607880162.771231890
1607880162.871226072
1607880162.971227646
1607880163.071223259
1607880163.171220541
1607880163.271229744
1607880163.371223211
1607880163.471228838
1607880163.571220398
1607880163.671228170
1607880163.771221161
1607880163.871221304
1607880163.971225500
1607880164.071231365
1607880164.171224833
1607880164.271220207
1607880164.371227980
1607880164.471224070
1607880164.571219444
1607880164.671227455
1607880164.771223783
1607880164.871222258
1607880164.971226692
1607880165.071223497
1607880165.171218157
1607880165.271222591
1607880165.371220589
1607880165.471228838
1607880165.571223736
1607880165.671222687
1607880165.771226406
1607880165.871218920
1607880165.971221924
1607880166.071221352
1607880166.171223402
1607880166.271223545
1607880166.371229172
1607880166.471227646
1607880166.571226120
1607880166.671226978
1607880166.771221161
1607880166.871221304
1607880166.971221924
1607880167.071222067
