0.018153667
0.000221729
0.000221014
0.000216722
0.000252724
0.000225306
0.000223398
0.000224829
0.000225306
0.000280857
0.000200987
0.000216007
0.000198364
0.000187874
0.000181913
0.000194311
0.000185013
0.000190735
0.000200033
0.000207424
0.000209093
0.000199080
0.000183105
0.000184298
0.000187397
0.000179291
0.000182867
0.000228643
0.000254631
0.000227213
0.000224590
0.000224113
0.000180244
0.000275850
0.000156879
0.000177145
0.000181675
0.000247955
0.000215769
0.000220060
0.000219345
0.000178814
0.000185966
0.000227690
0.000219345
0.000220299
0.000231981
0.000228882
0.000203609
0.000229836
0.000226974
0.000224829
0.000243902
0.000247955
0.000180721
0.000225782
0.000223637
0.000236034
0.000219345
0.000217438
0.000177622
0.000181437
0.000179768
0.000221014
0.000158072
0.000212193
0.000234365
0.000250340
0.000224829
0.000219822
0.000215769
0.000213623
0.000218868
0.000182152
0.000219584
0.000222683
0.000247002
0.000222445
0.000226498
0.000256300
0.000224590
0.000223398
0.000226259
0.000226736
0.000221252
0.000226259
0.000222206
0.000259876
0.000228167
0.000242710
0.000221252
0.000228643
0.000240564
0.000248671
0.000223160
0.000223160
0.000228405
0.000229120
0.000223160
0.000228405
0.000240326
0.000231028
0.000235558
0.000231028
0.000232935
0.000230551
0.000225544
0.000228167
0.000206709
0.000228882
0.000241280
0.000234365
0.000232697
0.000187635
0.000187635
0.000225782
0.000225306
0.000252724
0.000232458
0.000227690
0.000231743
0.000229359
0.000225544
0.000230074
0.000220299
0.000226259
0.000232697
0.000227928
0.000222683
0.000228882
0.000226974
0.000225782
0.000225782
0.000233889
0.000229359
0.000227213
0.000221729
0.000230074
0.000227213
0.000225782
0.000227213
0.000228643
0.000229597
0.000230551
0.000225067
0.000222921
0.000229359
0.000225067
0.000225782
0.000224590
0.000224829
0.000229120
0.000229597
0.000230312
0.000226736
0.000237465
0.000233412
0.000234604
0.000234127
0.000232935
0.000229120
0.000232220
0.000232697
0.000235081
0.000256300
0.000237703
0.000268698
0.000234604
0.000231504
0.000233173
0.000258207
0.000227690
0.000229359
0.000230789
0.000229359
0.000228643
0.000257254
0.000233173
0.000231504
0.000229120
0.000226736
0.000228167
0.000228643
0.000232458
0.000227690
0.000234842
0.000232220
0.000234604
0.000231504
0.000235319
0.000233173
0.000229836
0.000231981
0.000235558
0.000233650
0.000236750
0.000235319
0.000232220
0.000232458
0.000223875
0.000235558
0.000232458
0.000232220
0.000230789
0.000231266
0.000228882
0.000230312
0.000230074
0.000228405
0.000230074
0.000229597
0.000232458
0.000230312
0.000231743
0.000235319
0.000220537
0.000226736
0.000286818
0.000233412
0.000220776
0.000247002
0.000200272
0.000226974
0.000199318
0.000203848
0.000189304
0.000208855
0.000225067
0.000226259
0.000240564
0.000253201
0.000218153
0.000232935
0.000235081
0.000236988
0.000244141
0.000242472
0.000259399
0.000221252
0.000226498
0.000223398
0.000224113
0.000189543
0.000223160
0.000158310
0.000253439
0.000227451
0.000222683
0.000230312
0.000227451
0.000230551
0.000232220
0.000224113
0.000236034
0.000220776
0.000234604
0.000230551
0.000212908
0.000264406
0.000231266
0.000226021
0.000224113
0.000234604
0.000233889
0.000228643
0.000252247
0.000231981
0.000234127
0.000232697
0.000232697
0.000233412
0.000231743
0.000232220
0.000232935
0.000229120
0.000231266
0.000230074
0.000233173
0.000235558
0.000233650
0.000230789
0.000232935
0.000232220
0.000229120
0.000231743
0.000238180
0.000232220
0.000228643
0.000232458
0.000229359
0.000203371
0.000215292
0.000216007
0.000230551
0.000239372
0.000234604
0.000230789
0.000221729
0.000212193
0.000186920
0.000228882
0.000219345
0.000229359
0.000231743
0.000165224
0.000231504
0.000225782
0.000230074
0.000190258
0.000195742
0.000211477
0.000232935
0.000189304
0.000225067
0.000190973
0.000231743
0.000226974
0.000233412
0.000233650
0.000228405
0.000229359
0.000233412
0.000233173
0.000229836
0.000232220
0.000229836
0.000229836
0.000231266
0.000232697
0.000230074
0.000229836
0.000228882
0.000232935
0.000223637
0.000215769
0.000225306
0.000235081
0.000224829
0.000238419
0.000230074
0.000228405
0.000227690
0.000233650
0.000223875
0.000233650
0.000222206
0.000229836
0.000234127
0.000224590
0.000231981
0.000226498
0.000233889
0.000234365
0.000231028
0.000228882
0.000226259
0.000229359
0.000232220
0.000236034
0.000233173
0.000230789
0.000220299
0.000224352
0.000186682
0.000170708
0.000230312
0.000235796
0.000230551
0.000186682
0.000244856
0.000189304
0.000220299
0.000230789
0.000233173
0.000230074
0.000229597
0.000234604
0.000206232
0.000233650
0.000229597
0.000233650
0.000231266
0.000227690
0.000239611
0.000273228
0.000219584
0.000229597
0.000197411
0.000223637
0.000239372
0.000223160
0.000230074
0.000217438
0.000217438
0.000207424
0.000226974
0.000229597
0.000225067
0.000225067
0.000182629
0.000226498
0.000224829
0.000188112
0.000226736
0.000221252
0.000227213
0.000254154
0.000247717
0.000256062
0.000232697
0.000231743
0.000224829
0.000245094
0.000227928
0.000228405
0.000229597
0.000235558
0.000233650
0.000224113
0.000228643
0.000231981
0.000203848
0.000186682
0.000249386
0.000159979
0.000194073
0.000185251
0.000188828
0.000189781
0.000168800
0.000190973
0.000189066
0.000188351
0.000216246
0.000216484
0.000193119
0.000191212
0.000190973
0.000213385
0.000200033
0.000181675
0.000190020
0.000189066
0.000194073
0.000194788
0.000187874
0.000231981
0.000233173
0.000236750
0.000229597
0.000235558
0.000235796
0.000235319
0.000235319
0.000231981
0.000229836
0.000235558
0.000231504
0.000231266
0.000233173
0.000232935
0.000237703
0.000234842
0.000229597
0.000236511
0.000231266
0.000231981
0.000229597
0.000232697
0.000222445
0.000233412
0.000234604
0.000229120
0.000229359
0.000232458
0.000230551
0.000232935
0.000230789
0.000236034
0.000232458
0.000230789
0.000227213
0.000229359
0.000234127
0.000210762
0.000231266
0.000233650
0.000232935
0.000232935
0.000230789
0.000234127
0.000232697
0.000234365
0.000233412
0.000231981
0.000233650
0.000235558
0.000233412
0.000235081
0.000231981
0.000233650
0.000236511
0.000234842
0.000233650
0.000236273
0.000234127
0.000231028
0.000231266
0.000233412
0.000231504
0.000235319
0.000233173
0.000233412
0.000231743
0.000212431
0.000231981
0.000235558
0.000231981
0.000234365
0.000229836
0.000228167
0.000231504
0.000229359
0.000228167
0.000230074
0.000231028
0.000231504
0.000228882
0.000231504
0.000231981
0.000236750
0.000232935
0.000233650
0.000235081
0.000228882
0.000237226
0.000233650
0.000233650
0.000233173
0.000232458
0.000234127
0.000232697
0.000233889
0.000230551
0.000202656
0.000233650
0.000232220
0.000232458
0.000231743
0.000225067
0.000235319
0.000234127
0.000234365
0.000231028
0.000230789
0.000232220
0.000235081
0.000230074
0.000233650
0.000234365
0.000234604
0.000234604
0.000233412
0.000229359
0.000230074
0.000231266
0.000230074
0.000233173
0.000232697
0.000232220
0.000233650
0.000232697
0.000232697
0.000230789
0.000205994
0.000241518
0.000247478
0.000243425
0.000240564
0.000237942
0.000236750
0.000242472
0.000241995
0.000239849
0.000238419
0.000270128
0.000264168
0.000269413
0.000241756
0.000244617
0.000242710
0.000242472
0.000241518
0.000242949
0.000190973
0.000222445
0.000220537
0.000231504
0.000220537
0.000228643
