0.087087393
0.000344276
0.000359058
0.000361681
0.000340223
0.000345230
0.000357628
0.000351906
0.000346661
0.000270605
0.000360250
0.000398397
0.000339508
0.000305653
0.000367880
0.000347376
0.000274897
0.000383377
0.000273466
0.000335455
0.000318289
0.000377893
0.000337124
0.000271797
0.000334978
0.000330925
0.000326872
0.000330925
0.000557899
0.000305891
0.000345230
0.000355005
0.000369310
0.000293732
0.000444412
0.000340223
0.000356436
0.000284910
0.000281811
0.000334024
0.000292301
0.000463486
0.000409603
0.000306845
0.000379086
0.000375032
0.000379562
0.000377893
0.000324488
0.000272751
0.000236273
0.000237942
0.000394821
0.000313282
0.000319481
0.000382185
0.000377655
0.000312090
0.000321865
0.000321150
0.000322819
0.000313759
0.000350952
0.000276089
0.000398397
0.000395060
0.000381947
0.000387430
0.000384092
0.000375748
0.000389338
0.000497103
0.000399113
0.000315905
0.000393152
0.000402927
0.000402927
0.000393629
0.000396490
0.000391722
0.000390291
0.000406027
0.000396729
0.000299215
0.000397921
0.000245094
0.000426054
0.000402689
0.000394583
0.000390530
0.000311852
0.000424862
0.000399590
0.000336409
0.000402927
0.000387669
0.000385523
0.000386000
0.000395536
0.000294924
0.000283957
0.000457525
0.000407219
0.000411987
0.000395536
0.000397682
0.000402451
0.000319719
0.000284433
0.000288010
0.000309467
0.000293255
0.000257015
0.000294209
0.000317574
0.000327110
0.000322819
0.000313282
0.000371933
0.000407219
0.000394821
0.000338554
0.000378132
0.000334978
0.000277996
0.000316381
0.000384808
0.000380993
0.000391483
0.000373125
0.000385523
0.000549316
0.000387192
0.000360250
0.000384331
0.000382423
0.000369072
0.000362635
0.000371456
0.000368834
0.000360250
0.000368357
0.000363350
0.000390291
0.000388145
0.000371456
0.000375509
0.000375748
0.000380278
0.000380993
0.000383854
0.000394344
0.000366926
0.000365019
0.000356913
0.000393152
0.000384808
0.000387907
0.000372410
0.000380039
0.000365019
0.000477791
0.000367641
0.000370264
0.000361919
0.000360727
0.000370264
0.000372171
0.000367641
0.000397921
0.000412703
0.000406504
0.000406981
0.000405550
0.000360489
0.000364780
0.000366211
0.000360727
0.000374079
0.000363111
0.000365734
0.000372171
0.000407457
0.000393152
0.000388384
0.000296116
0.000408173
0.000367880
0.000377178
0.000348568
0.000353813
0.000424623
0.000416279
0.000395536
0.000377655
0.000408173
0.000303984
0.000400305
0.000410080
0.000357389
0.000390053
0.000397444
0.000404358
0.000362158
0.000380278
0.000375032
0.000371456
0.000411749
0.000395298
0.000393391
0.000398874
0.000368357
0.000403404
0.000396729
0.000394344
0.000414371
0.000414371
0.000428438
0.000452042
0.000411272
0.000473738
0.000387192
0.000423908
0.000349760
0.000409365
0.000364065
0.000440359
0.000370979
0.000400066
0.000534534
0.000395060
0.000390768
0.000324249
0.000373125
0.000368834
0.000300407
0.000415087
0.000302553
0.000405788
0.000415087
0.000360489
0.000398874
0.000388622
0.000361919
0.000356436
0.000358582
0.000362873
0.000358582
0.000358582
0.000349998
0.000361681
0.000362873
0.000367403
0.000358820
0.000358820
0.000358582
0.000294924
0.000299692
0.000337839
0.000320196
0.000364542
0.000371218
0.000341654
0.000359535
0.000355482
0.000349283
0.000333786
0.000340700
0.000367165
0.000332832
0.000334501
0.000328779
0.000343323
0.000356197
0.000326395
0.000351191
0.000394583
0.000342131
0.000345230
0.000348091
0.000393391
0.000339985
0.000331163
0.000366926
0.000361443
0.000341177
0.000371933
0.000333309
0.000336647
0.000404119
0.000376940
0.000360489
0.000348568
0.000414371
0.000359058
0.000356436
0.000356197
0.000358820
0.000359535
0.000358105
0.000359774
0.000355721
0.000358820
0.000356436
0.000349998
0.000350237
0.000354052
0.000361681
0.000359058
0.000345230
0.000359058
0.000331163
0.000353336
0.000363350
0.000357389
0.000356436
0.000355721
0.000362158
0.000359535
0.000333309
0.000396967
0.000340939
0.000335932
0.000392914
0.000349760
0.000291109
0.000397205
0.000335932
0.000344276
0.000342607
0.000350952
0.000407696
0.000462294
0.000435591
0.000392199
0.000417471
0.000390291
0.000396013
0.000374794
0.000349760
0.000373840
0.000400305
0.000407219
0.000397921
0.000406265
0.000401020
0.000405550
0.000402451
0.000408411
0.000401974
0.000408173
0.000399828
0.000380754
0.000368357
0.000368595
0.000360250
0.000391245
0.000356913
0.000395536
0.000358105
0.000390053
0.000389099
0.000402689
0.000391483
0.000370026
0.000379801
0.000380993
0.000373125
0.000406742
0.000397444
0.000392914
0.000368118
0.000376225
0.000382423
0.000376463
0.000394583
0.000402451
0.000405073
0.000376463
0.000413418
0.000374079
0.000392914
0.000398397
0.000394344
0.000374079
0.000319958
0.000400305
0.000372887
0.000404358
0.000397444
0.000368357
0.000385523
0.000372648
0.000344515
0.000388384
0.000345469
0.000344515
0.000346661
0.000387192
0.000338793
0.000347614
0.000339508
0.000351429
0.000348806
0.000349998
0.000395775
0.000391245
0.000398636
0.000351191
0.000342607
0.000394583
0.000397921
0.000295639
0.000340700
0.000356197
0.000349283
0.000340700
0.000342846
0.000397205
0.000342846
0.000346661
0.000392675
0.000404596
0.000398159
0.000387907
0.000415325
0.000391960
0.000396729
0.000368357
0.000363111
0.000391722
0.000387669
0.000409603
0.000381231
0.000368357
0.000387907
0.000412941
0.000392914
0.000413418
0.000373840
0.000354290
0.000391960
0.000387907
0.000388861
0.000383615
0.000388145
0.000383615
0.000386715
0.000385523
0.000392437
0.000390530
0.000378609
0.000428677
0.000394106
0.000370502
0.000394821
0.000399590
0.000401735
0.000376701
0.000430584
0.000401974
0.000393391
0.000389338
0.000418425
0.000400305
0.000376463
0.000393152
0.000375271
0.000403404
0.000378609
0.000394821
0.000396013
0.000421286
0.000395775
0.000424623
0.000407219
0.000399113
0.000382423
0.000366926
0.000366449
0.000413895
0.000360489
0.000305414
0.000299692
0.000318289
0.000306845
0.000324726
0.000323534
0.000306845
0.000367165
0.000319242
0.000308275
0.000312090
0.000308752
0.000323534
0.000307083
0.000350237
0.000326633
0.000307322
0.000320673
0.000303507
0.000308514
0.000318527
0.000311136
0.000306845
0.000304937
0.000317335
0.000306368
0.000300884
0.000303268
0.000315428
0.000308514
0.000317097
0.000345469
0.000346422
0.000332594
0.000294447
0.000323534
0.000309944
0.000466347
0.000324965
0.000397205
0.000393391
0.000403166
0.000395060
0.000395298
0.000395060
0.000393391
0.000397205
0.000337839
0.000314951
0.000318766
0.000363111
0.000462532
0.000396490
0.000338078
0.000320911
0.000476599
0.000360012
0.000346661
0.000314713
0.000340939
0.000353336
0.000316858
0.000316858
0.000333071
0.000340939
0.000358820
0.000338793
0.000476837
0.000420332
0.000394344
0.000367641
0.000402451
0.000382662
0.000413656
0.000365734
0.000366449
0.000380278
0.000382662
0.000390530
0.000364780
0.000362396
0.000384808
0.000386000
0.000401735
0.000403643
0.000481606
0.000383854
0.000350237
0.000371933
0.000354052
0.000360012
0.000295639
0.000313759
0.000357866
0.000354767
0.000358582
0.000356913
0.000290155
0.000358582
0.000349045
0.000353336
0.000353336
0.000356436
0.000291586
0.000387907
0.000391722
0.000382662
0.000379562
0.000375986
0.000298738
0.000308514
0.000379324
0.000304699
0.000375032
0.000372887
0.000347137
0.000300407
0.001812458
