0.079649448
0.000334978
0.000412226
0.000391483
0.000379562
0.000334263
0.000321150
0.000558376
0.000440359
0.000339031
0.000687361
0.000407696
0.000397205
0.000412464
0.000598907
0.000362873
0.000399590
0.000695705
0.000384569
0.000343084
0.000363350
0.000375509
0.000422001
0.000743389
0.000446081
0.000782728
0.000430346
0.000408888
0.000407457
0.000400782
0.000384092
0.000406027
0.000404119
0.000405550
0.000398397
0.000409126
0.000429392
0.000393629
0.000364780
0.000334501
0.000339270
0.000343561
0.000408411
0.000390291
0.000389338
0.000402689
0.000388861
0.000388622
0.000377178
0.000386477
0.000350952
0.000378609
0.000389814
0.000392437
0.000412226
0.000386000
0.000385523
0.000390291
0.000408888
0.000415087
0.000323534
0.000445604
0.000452518
0.000423193
0.000456810
0.000422716
0.000448704
0.000507593
0.000416279
0.000423431
0.000353575
0.000422239
0.000444174
0.000420094
0.000420570
0.000401020
0.000411510
0.000423670
0.000418186
0.000417709
0.000351429
0.000414848
0.000413179
0.000416994
0.000423908
0.000419378
0.000399590
0.000408173
0.000349283
0.000419617
0.000355005
0.000415087
0.000416756
0.000399351
0.000386715
0.000411510
0.000408173
0.000363111
0.000444889
0.000445127
0.000377417
0.000458002
0.000430822
0.000428915
0.000429869
0.000443220
0.000448942
0.000451088
0.000425100
0.000456095
0.000344276
0.000436068
0.000437021
0.000435352
0.000466108
0.000445127
0.000457048
0.000454903
0.000447273
0.000453472
0.000467300
0.000432253
0.000444651
0.000433207
0.000454426
0.000435352
0.000474453
0.000429392
0.000433207
0.000452042
0.000433683
0.000461578
0.000453711
0.000356436
0.000456333
0.000424623
0.000433922
0.000435352
0.000349045
0.000481367
0.000455856
0.000463486
0.000459671
0.000453949
0.000444412
0.000433683
0.000455856
0.000429392
0.000436068
0.000442982
0.000450611
0.000441313
0.000441551
0.000453949
0.000440598
0.000432014
0.000434160
0.000433683
0.000452042
0.000437021
0.000433445
0.000448942
0.000436544
0.000422955
0.000422239
0.000437975
0.000429153
0.000458479
0.000431061
0.000433683
0.000432491
0.000424862
0.000450611
0.000428915
0.000452995
0.000424385
0.000434160
0.000427246
0.000454903
0.000458956
0.000447035
0.000459194
0.000457525
0.000425577
0.000481606
0.000447750
0.000446320
0.000426769
0.000408173
0.000469446
0.000464678
0.000471115
0.000463724
0.000489473
0.000460625
0.000456572
0.000452042
0.000456572
0.000451088
0.000456572
0.000463247
0.000467777
0.000459194
0.000461102
0.000455618
0.000454664
0.000460625
0.000461340
0.000456095
0.000468016
0.000460625
0.000333071
0.000375748
0.000379324
0.000377893
0.000378370
0.000427008
0.000376701
0.000379086
0.000377417
0.000378370
0.000378370
0.000384808
0.000387192
0.000382662
0.000383139
0.000411272
0.000382423
0.000407219
0.000381947
0.000417709
0.000379086
0.000417709
0.000379801
0.000413179
0.000379324
0.000383139
0.000373363
0.000391483
0.000389099
0.000416279
0.000345707
0.000412464
0.000419617
0.000387669
0.000422478
0.000379324
0.000462532
0.000459909
0.000464678
0.000407696
0.000391006
0.000402927
0.000441313
0.000379562
0.000407457
0.000387907
0.000398636
0.000398397
0.000398874
0.000395775
0.000423193
0.000396252
0.000398874
0.000386238
0.000386238
0.000389099
0.000401020
0.000406742
0.000395775
0.000407934
0.000395536
0.000361204
0.000381947
0.000370502
0.000359297
0.000360727
0.000312328
0.000367641
0.000341415
0.000340939
0.000360489
0.000357628
0.000347614
0.000341177
0.000339031
0.000346184
0.000352144
0.000340700
0.000343561
0.000340462
0.000338793
0.000365973
0.000352383
0.000367880
0.000361681
0.000364304
0.000359535
0.000347853
0.000371456
0.000400782
0.000476122
0.000475407
0.000458717
0.000456810
0.000456810
0.000443220
0.000444174
0.000447750
0.000452518
0.000455856
0.000463724
0.000449419
0.000444651
0.000447035
0.000449419
0.000452042
0.000465870
0.000482321
0.000474691
0.000472069
0.000472069
0.000479698
0.000450373
0.000448465
0.000454187
0.000444651
0.000445604
0.000450850
0.000449657
0.000451803
0.000451565
0.000450850
0.000447273
0.000448227
0.000446796
0.000445843
0.000445843
0.000390530
0.000463486
0.000449896
0.000448942
0.000452042
0.000452518
0.000454426
0.000452995
0.000402212
0.000490665
0.000450134
0.000454187
0.000458956
0.000453949
0.000459194
0.000461102
0.000452757
0.000460625
0.000452280
0.000451326
0.000446796
0.000449181
0.000447273
0.000450850
0.000455856
0.000452042
0.000446558
0.000450611
0.000444889
0.000447273
0.000443935
0.000448465
0.000455141
0.000446320
0.000455618
0.000449181
0.000452280
0.000445604
0.000386715
0.000445843
0.000447035
0.000444651
0.000409603
0.000443459
0.000444889
0.000445604
0.000440598
0.000440836
0.000377178
0.000470400
0.000384331
0.000441313
0.000452280
0.000431061
0.000403166
0.000408173
0.000403166
0.000407219
0.000290155
0.000403166
0.000390053
0.000428677
0.000421047
0.000419855
0.000429630
0.000436068
0.000414133
0.000453472
0.000342369
0.000456333
0.000411034
0.000418186
0.000428677
0.000429869
0.000453711
0.000405312
0.000409603
0.000413179
0.000360012
0.000445843
0.000412464
0.000414133
0.000410318
0.000463724
0.000453949
0.000454664
0.000443459
0.000482559
0.000336647
0.000453472
0.000441790
0.000486374
0.000474215
0.000475407
0.000471592
0.000438929
0.000470161
0.000447989
0.000394344
0.000469208
0.000387430
0.000473738
0.000476122
0.000471830
0.000472307
0.000473976
0.000467300
0.000474215
0.000414133
0.000461340
0.000473738
0.000458241
0.000482321
0.000497103
0.000480413
0.000460863
0.000455618
0.000446320
0.000405312
0.000446320
0.000468731
0.000447273
0.000447035
0.000441790
0.000442028
0.000450373
0.000447035
0.000446796
0.000457764
0.000471115
0.000450611
0.000447273
0.000445127
0.000429630
0.000448465
0.000446081
0.000445366
0.000439644
0.000444412
0.000448465
0.000445366
0.000441074
0.000443697
0.000437260
0.000419378
0.000412464
0.000411034
0.000412226
0.000411749
0.000414610
0.000351667
0.000416279
0.000419140
0.000406742
0.000417948
0.000410557
0.000411034
0.000413656
0.000409365
0.000416756
0.000439405
0.000438213
0.000433683
0.000443459
0.000435829
0.000415564
0.000447273
0.000440598
0.000447035
0.000479460
0.000435829
0.000417948
0.000412226
0.000462055
0.000419378
0.000451088
0.000410318
0.000414371
0.000443220
0.000425339
0.000443935
0.000442266
0.000427485
0.000390053
0.000434160
0.000368595
0.000358343
0.000389099
0.000351906
0.000484467
0.000466108
0.000468493
0.000468969
0.000463486
0.000437975
0.000459671
0.000464439
0.000432253
0.000437737
0.000424623
0.000404596
0.000468493
0.000469685
0.000446558
0.000508308
0.000483990
0.000470638
0.000500679
0.000470400
0.000467777
0.000484467
0.000476837
0.000509977
0.000493526
0.000508547
0.000499487
0.000462532
0.000459433
0.000487804
0.000478029
0.000498056
0.000464439
0.000469923
0.000501871
0.000464916
0.000468254
0.000463009
0.000474691
0.000465393
0.000469208
0.000468493
0.000467539
0.000469208
0.000472307
0.000468254
0.000469208
0.000471115
0.000465155
0.000452280
0.000463963
0.000470161
0.000469923
0.000467300
0.000470161
0.000469685
0.000474930
0.000465870
0.000469685
0.000470400
0.000416756
0.000419617
0.000468254
0.000472546
0.000501871
0.000464439
0.000499725
0.000500679
0.000501156
0.000494719
0.000484943
0.000458479
0.001827240
