0.078998089
0.000262499
0.000266075
0.000227690
0.000256777
0.000323057
0.000291348
0.000236034
0.000226021
0.000245094
0.000251532
0.000261545
0.000267029
0.000257969
0.000242710
0.000250101
0.000244141
0.000267267
0.000248432
0.000295401
0.000249147
0.000250578
0.000251293
0.000250101
0.000249386
0.000256777
0.000252485
0.000255108
0.000244856
0.000252962
0.000243425
0.000262260
0.000239372
0.000242949
0.000233412
0.000245333
0.000251532
0.000253677
0.000250340
0.000271082
0.000299692
0.000251293
0.000253439
0.000248671
0.000241041
0.000260830
0.000257015
0.000249624
0.000243425
0.000246048
0.000249624
0.000242949
0.000239849
0.000267029
0.000253677
0.000248671
0.000240803
0.000252962
0.000244379
0.000277281
0.000243187
0.000250578
0.000238895
0.000243425
0.000246763
0.000247478
0.000239849
0.000242710
0.000242710
0.000249386
0.000309944
0.000260353
0.000264645
0.000248194
0.000243664
0.000252962
0.000245810
0.000271082
0.000246048
0.000257015
0.000251532
0.000253677
0.000242949
0.000255585
0.000243902
0.000266075
0.000260353
0.000265360
0.000260115
0.000264645
0.000269175
0.000248671
0.000247955
0.000251055
0.000246048
0.000241280
0.000240088
0.000259399
0.000242472
0.000260115
0.000407457
0.000268221
0.000281096
0.000256300
0.000273228
0.000255108
0.000254393
0.000253439
0.000247717
0.000254154
0.000252485
0.000251293
0.000249386
0.000251532
0.000255346
0.000257730
0.000253677
0.000269890
0.000249624
0.000264645
0.000250340
0.000252485
0.000251055
0.000257254
0.000250101
0.000254869
0.000247717
0.000251770
0.000248909
0.000259876
0.000309944
0.000248194
0.000252962
0.000247240
0.000245094
0.000252247
0.000249863
0.000254154
0.000246525
0.000248194
0.000251532
0.000243187
0.000249147
0.000247717
0.000251293
0.000244141
0.000293493
0.000245094
0.000211954
0.000260115
0.000248671
0.000254393
0.000248194
0.000247478
0.000240088
0.000247240
0.000255108
0.000250340
0.000251055
0.000248194
0.000342369
0.000272512
0.000260592
0.000248194
0.000250101
0.000248432
0.000248909
0.000251770
0.000250816
0.000248194
0.000247002
0.000246763
0.000245333
0.000247955
0.000254869
0.000239134
0.000243425
0.000247478
0.000247240
0.000246048
0.000250340
0.000252008
0.000250578
0.000254869
0.000246763
0.000202417
0.000255108
0.000245333
0.000251055
0.000251770
0.000270128
0.000293255
0.000248671
0.000245571
0.000242710
0.000209332
0.000247955
0.000242949
0.000252008
0.000250578
0.000248194
0.000246525
0.000242949
0.000248671
0.000249147
0.000254869
0.000242710
0.000247955
0.000249147
0.000259638
0.000238657
0.000241280
0.000256777
0.000249386
0.000247240
0.000251770
0.000253677
0.000249386
0.000241518
0.000253677
0.000270128
0.000251532
0.000251770
0.000245810
0.000244856
0.000253439
0.000251293
0.000250578
0.000251532
0.000260592
0.000248194
0.000254393
0.000250816
0.000248671
0.000251770
0.000257254
0.000271797
0.000257969
0.000251293
0.000263214
0.000256777
0.000257492
0.000256300
0.000258684
0.000250578
0.000255346
0.000261307
0.000252485
0.000252485
0.000262022
0.000265598
0.000261307
0.000246525
0.000262737
0.000248194
0.000256300
0.000275612
0.000259399
0.000261068
0.000260830
0.000249863
0.000257015
0.000251532
0.000262499
0.000259876
0.000216722
0.000260830
0.000257969
0.000262499
0.000246286
0.000248432
0.000249624
0.000253677
0.000247002
0.000251770
0.000235319
0.000257730
0.000262260
0.000257730
0.000256538
0.000248909
0.000254869
0.000250578
0.000257730
0.000251770
0.000213623
0.000252008
0.000250816
0.000255108
0.000255585
0.000248432
0.000254393
0.000246763
0.000251770
0.000257015
0.000216961
0.000261784
0.000247478
0.000258923
0.000261307
0.000259399
0.000255585
0.000258684
0.000242949
0.000249386
0.000216722
0.000252724
0.000249386
0.000248909
0.000252485
0.000246763
0.000245094
0.000246763
0.000254631
0.000243664
0.000242710
0.000254869
0.000254393
0.000256777
0.000262260
0.000254393
0.000262499
0.000258207
0.000257492
0.000263214
0.000216007
0.000254393
0.000246763
0.000249863
0.000251293
0.000252008
0.000245810
0.000247717
0.000252247
0.000248671
0.000203848
0.000248671
0.000248432
0.000246286
0.000252724
0.000252962
0.000249624
0.000249147
0.000254869
0.000245571
0.000234127
0.000248909
0.000256062
0.000250578
0.000256300
0.000248909
0.000258923
0.000250816
0.000249863
0.000252485
0.000199795
0.000249386
0.000252247
0.000250101
0.000248671
0.000250578
0.000249863
0.000243187
0.000245571
0.000247240
0.000203609
0.000248194
0.000243425
0.000258207
0.000246048
0.000276566
0.000277042
0.000279665
0.000239849
0.000240564
0.000244617
0.000247478
0.000246286
0.000256300
0.000244141
0.000248909
0.000248671
0.000250578
0.000249624
0.000246286
0.000256062
0.000247240
0.000244617
0.000248671
0.000246286
0.000244379
0.000251770
0.000256777
0.000239372
0.000239849
0.000247478
0.000246286
0.000252724
0.000238895
0.000248194
0.000241280
0.000246048
0.000267506
0.000247240
0.000246048
0.000242233
0.000254631
0.000247955
0.000266552
0.000241995
0.000243425
0.000244141
0.000244856
0.000249624
0.000260830
0.000265360
0.000247717
0.000250578
0.000252724
0.000251055
0.000246525
0.000253439
0.000245571
0.000251532
0.000240564
0.000246525
0.000251055
0.000251293
0.000249386
0.000240803
0.000257015
0.000252962
0.000254154
0.000257730
0.000244379
0.000247240
0.000244617
0.000249147
0.000245810
0.000251293
0.000245810
0.000247002
0.000250340
0.000242710
0.000249386
0.000249863
0.000244379
0.000247002
0.000246525
0.000246763
0.000238180
0.000239611
0.000253677
0.000250578
0.000237942
0.000252485
0.000250816
0.000258684
0.000254154
0.000248671
0.000252962
0.000253201
0.000249624
0.000250101
0.000245810
0.000246525
0.000247002
0.000249147
0.000245333
0.000254393
0.000255585
0.000286579
0.000249147
0.000253916
0.000254869
0.000251055
0.000251055
0.000247478
0.000248194
0.000250340
0.000253916
0.000249386
0.000252008
0.000247002
0.000246286
0.000245571
0.000250816
0.000251770
0.000250816
0.000249147
0.000252008
0.000257254
0.000263453
0.000254869
0.000215769
0.000250816
0.000251293
0.000248432
0.000253677
0.000247478
0.000248194
0.000249624
0.000252485
0.000253916
0.000256300
0.000247002
0.000251770
0.000249624
0.000251055
0.000254631
0.000249386
0.000253916
0.000251293
0.000248909
0.000246048
0.000249863
0.000254154
0.000249147
0.000251770
0.000251770
0.000246048
0.000248194
0.000249386
0.000248671
0.000248671
0.000250340
0.000246286
0.000254154
0.000245810
0.000247002
0.000252247
0.000254393
0.000249147
0.000252724
0.000256062
0.000254869
0.000250816
0.000251055
0.000248432
0.000247240
0.000240326
0.000291109
0.000252724
0.000242949
0.000244379
0.000248671
0.000252724
0.000247002
0.000254154
0.000254393
0.000278711
0.000278234
0.000274897
0.000252962
0.000243664
0.000255108
0.000249386
0.000249863
0.000253677
0.000253439
0.000248909
0.000248194
0.000250816
0.000255346
0.000258207
0.000254393
0.000247717
0.000251055
0.000252008
0.000253439
0.000250578
0.000250816
0.000248194
0.000249624
0.000254154
0.000250340
0.000258923
0.000255585
0.000254869
0.000264168
0.000266075
0.000255585
0.000256300
0.000257492
0.000252485
0.000262260
0.000251532
0.000261545
0.000257730
0.000259399
0.000264168
0.000250578
0.000248671
0.000250578
0.000252724
0.000252724
0.000252485
0.000241756
0.000247240
0.000277281
