0.083453178
0.000371218
0.000508547
0.000501394
0.000512123
0.000477314
0.000465631
0.000493050
0.000472069
0.000468731
0.000471354
0.000468254
0.000478268
0.000491858
0.000490427
0.000474930
0.000466108
0.000477076
0.000479221
0.000474453
0.000484467
0.000478745
0.000489473
0.000468254
0.000479937
0.000482559
0.000491142
0.000497103
0.000476360
0.000486612
0.000481844
0.000459671
0.000405312
0.000405073
0.000402212
0.000399351
0.000398159
0.000408411
0.000402927
0.000406265
0.000396729
0.000401258
0.000401974
0.000396967
0.000516176
0.000400543
0.000400543
0.000397205
0.000405073
0.000408411
0.000433445
0.000428677
0.000424385
0.000432491
0.000436306
0.000484943
0.000426769
0.000406265
0.000420570
0.000427723
0.000435114
0.000494719
0.000502110
0.000502586
0.000495672
0.000497580
0.000488043
0.000491142
0.000490665
0.000474453
0.000475883
0.000518322
0.000475168
0.000474930
0.000487089
0.000475883
0.000473261
0.000479698
0.000474215
0.000478506
0.000484705
0.000479221
0.000473738
0.000373125
0.000480890
0.000474691
0.000475407
0.000480175
0.000483513
0.000482559
0.000507116
0.000511169
0.000488997
0.000488043
0.000488520
0.000440359
0.000428915
0.000439882
0.000440598
0.000449181
0.000442743
0.000443220
0.000448942
0.000450850
0.000451326
0.000452518
0.000441313
0.000457525
0.000434160
0.000450134
0.000449181
0.000442505
0.000455141
0.000449896
0.000459194
0.000484705
0.000451565
0.000452280
0.000450134
0.000442743
0.000449419
0.000454426
0.000448704
0.000450373
0.000453949
0.000438690
0.000449181
0.000442743
0.000448465
0.000452995
0.000435829
0.000447989
0.000452518
0.000449181
0.000447750
0.000447750
0.000447750
0.000449181
0.000456095
0.000449181
0.000459433
0.000472546
0.000457287
0.000460863
0.000459433
0.000452280
0.000462770
0.000459194
0.000442505
0.000453234
0.000454426
0.000463247
0.000537157
0.000514984
0.000500441
0.000518560
0.000496626
0.000510693
0.000496387
0.000513077
0.000497818
0.000494957
0.000504017
0.000488043
0.000507832
0.000501633
0.000502586
0.000498772
0.000492334
0.000502348
0.000482082
0.000484705
0.000488043
0.000498772
0.000492573
0.000500202
0.000478745
0.000495195
0.000466824
0.000496626
0.000496149
0.000514269
0.000520945
0.000504971
0.000486374
0.000486135
0.000494003
0.000482559
0.000499964
0.000509024
0.000478983
0.000491858
0.000484705
0.000523567
0.000511885
0.000512123
0.000511646
0.000522852
0.000504971
0.000524282
0.000514746
0.000496626
0.000518560
0.000514984
0.000496387
0.000492573
0.000477552
0.000449419
0.000458479
0.000479221
0.000488997
0.000481844
0.000415564
0.000475168
0.000409365
0.000416040
0.000422239
0.000440359
0.000455141
0.000435591
0.000413179
0.000411749
0.000419378
0.000424147
0.000410557
0.000476837
0.000412464
0.000410795
0.000417948
0.000418663
0.000409126
0.000409842
0.000410318
0.000419378
0.000408888
0.000423193
0.000407934
0.000411272
0.000410795
0.000425100
0.000409842
0.000476837
0.000420332
0.000407457
0.000473261
0.000405312
0.000412226
0.000474691
0.000472307
0.000425816
0.000447989
0.000442266
0.000437737
0.000481844
0.000419140
0.000474453
0.000424385
0.000444651
0.000454426
0.000431776
0.000423670
0.000440598
0.000426531
0.000475407
0.000413179
0.000423431
0.000413418
0.000436783
0.000415325
0.000415325
0.000479221
0.000477076
0.000442982
0.000476360
0.000503778
0.000440836
0.000447750
0.000450134
0.000421524
0.000442266
0.000425100
0.000447750
0.000431776
0.000495195
0.000409842
0.000413179
0.000428438
0.000434875
0.000411272
0.000425100
0.000445127
0.000426054
0.000439167
0.000436544
0.000477552
0.000338316
0.000417233
0.000424862
0.000414610
0.000472546
0.000450134
0.000498772
0.000451326
0.000471830
0.000447750
0.000483990
0.000449419
0.000475883
0.000447750
0.000454664
0.000450611
0.000447035
0.000467062
0.000451088
0.000453234
0.000447273
0.000480890
0.000485897
0.000472784
0.000457764
0.000459671
0.000471592
0.000453234
0.000468731
0.000433683
0.000507593
0.000478506
0.000483751
0.000448465
0.000452280
0.000451803
0.000435591
0.000447035
0.000473022
0.000472546
0.000480175
0.000474453
0.000477791
0.000449896
0.000453711
0.000476599
0.000476837
0.000457048
0.000441074
0.000485659
0.000511408
0.000478983
0.000484705
0.000487566
0.000480890
0.000481367
0.000478268
0.000447750
0.000490427
0.000487328
0.000375271
0.000477552
0.000473976
0.000455618
0.000475407
0.000456333
0.000471830
0.000458479
0.000472307
0.000478506
0.000455856
0.000474453
0.000437021
0.000477552
0.000468493
0.000450850
0.000471115
0.000474691
0.000478268
0.000477791
0.000476360
0.000478268
0.000472784
0.000470161
0.000454426
0.000459194
0.000475883
0.000481129
0.000456572
0.000480175
0.000378132
0.000461340
0.000471592
0.000454426
0.000470877
0.000475883
0.000449896
0.000475407
0.000496864
0.000474691
0.000373125
0.000455379
0.000475883
0.000385761
0.000445127
0.000445127
0.000529289
0.000517607
0.000492334
0.000525236
0.000414371
0.000478029
0.000478506
0.000530481
0.000493765
0.000521421
0.000506639
0.000521660
0.000523567
0.000457525
0.000417948
0.000543118
0.000529051
0.000516891
0.000512838
0.000521183
0.000511885
0.000514984
0.000466108
0.000478983
0.000362158
0.000451088
0.000466347
0.000521898
0.000539303
0.000537395
0.000531673
0.000549316
0.000544786
0.000524282
0.000418663
0.000524521
0.000532627
0.000538588
0.000521898
0.000531673
0.000506639
0.000522137
0.000539064
0.000536919
0.000400066
0.000540495
0.000513554
0.000500441
0.000526905
0.000532150
0.000528097
0.000519037
0.000535250
0.000529289
0.000415564
0.000550270
0.000526190
0.000556707
0.000499010
0.000502110
0.000497818
0.000508308
0.000498533
0.000504255
0.000414610
0.000534773
0.000501871
0.000538111
0.000501871
0.000532627
0.000500202
0.000536680
0.000504017
0.000535250
0.000412941
0.000531435
0.000498772
0.000533104
0.000504494
0.000507355
0.000452280
0.000489473
0.000542402
0.000539064
0.000448465
0.000555515
0.000550508
0.000531197
0.000549555
0.000528812
0.000542641
0.000548124
0.000562429
0.000565290
0.000551939
0.000545263
0.000529766
0.000542164
0.000525475
0.000533819
0.000510931
0.000525713
0.000496149
0.000525951
0.000526667
0.000537157
0.000517130
0.000519514
0.000516415
0.000524044
0.000540018
0.000515938
0.000530720
0.000548840
0.000531912
0.000555992
0.000534773
0.000526428
0.000529766
0.000560522
0.000536203
0.000559568
0.000541925
0.000530481
0.000520229
0.000523567
0.000530958
0.000545979
0.000532866
0.000565529
0.000558376
0.000537157
0.000526190
0.000520945
0.000546217
0.000545025
0.000548601
0.000548840
0.000544310
0.000545502
0.000544548
0.000533342
0.000547409
0.000542402
0.000530243
0.000545979
0.000528812
0.000528097
0.000533104
0.000536680
0.000530005
0.000514269
0.000531197
0.000538111
0.000535488
0.000559330
0.000452995
0.000449419
0.000450611
0.000451803
0.000453711
0.000525236
0.000458241
0.000460386
0.000445604
0.000457287
0.000554800
0.000550270
0.000532389
0.000550032
0.000535965
0.000555038
0.000553370
0.000549555
0.000550270
0.000524759
0.000451088
0.000446081
0.000454903
0.000459909
0.000459194
0.000450134
0.000510931
0.000535727
0.000550270
0.000542164
0.000571728
0.000524044
0.000511885
0.000533342
0.000525951
0.000519991
0.000516891
0.000528336
0.000546217
0.000465870
0.000422001
0.000499964
0.001977682
