0.087395191
0.000363111
0.000475883
0.000496864
0.000516176
0.000498295
0.000617266
0.000501633
0.000542641
0.000517607
0.000523329
0.000473976
0.000456572
0.000471354
0.000477076
0.000509262
0.000454426
0.000455856
0.000453949
0.000403881
0.000400305
0.000504494
0.000452995
0.000449181
0.000515461
0.000455618
0.000398874
0.000518322
0.000500917
0.000464439
0.000453949
0.000453949
0.000591755
0.000516653
0.000497818
0.000505924
0.000501633
0.000500679
0.000498295
0.000498056
0.000530958
0.000538826
0.000551224
0.000513315
0.000525475
0.000582695
0.000565290
0.000524759
0.000585556
0.000585556
0.000538349
0.000551224
0.000502110
0.000532389
0.000508308
0.000567198
0.000531673
0.000501394
0.000531435
0.000529289
0.000542402
0.000511408
0.000559807
0.000572681
0.000584126
0.000567198
0.000584364
0.000578642
0.000530243
0.000560045
0.000495434
0.000508308
0.000563145
0.000556469
0.000529289
0.000565767
0.000593901
0.000582457
0.000512123
0.000508785
0.000579357
0.000562191
0.000588655
0.000561714
0.000527620
0.000530005
0.000504732
0.000573158
0.000522852
0.000530005
0.000566959
0.000469208
0.000448465
0.000450611
0.000517368
0.000445366
0.000467062
0.000519037
0.000560045
0.000454664
0.000491858
0.000504494
0.000474215
0.000451326
0.000561714
0.000430107
0.000571012
0.000496387
0.000479460
0.000435352
0.000545502
0.000544310
0.000592947
0.000484943
0.000498772
0.000526667
0.000594139
0.000550747
0.000478268
0.000575066
0.000532389
0.000535488
0.000566006
0.000553131
0.000556707
0.000558615
0.000458956
0.000480890
0.000580788
0.000460625
0.000464439
0.000548601
0.000457287
0.000555754
0.000440359
0.000520945
0.000478029
0.000524282
0.000524521
0.000550747
0.000499964
0.000481606
0.000486612
0.000494480
0.000454903
0.000464916
0.000509739
0.000475645
0.000520229
0.000550508
0.000527859
0.000617027
0.000457764
0.000578165
0.000507116
0.000522137
0.000442743
0.000462532
0.000519514
0.000473738
0.000426531
0.000506878
0.000497341
0.000498056
0.000508308
0.000510454
0.000504494
0.000487804
0.000512362
0.000442982
0.000504732
0.000551224
0.000550270
0.000494003
0.000524282
0.000455379
0.000509739
0.000499725
0.000511646
0.000504494
0.000483990
0.000428438
0.000581741
0.000568867
0.000529528
0.000540495
0.000542879
0.000585794
0.000482321
0.000481844
0.000482321
0.000457525
0.000528574
0.000503778
0.000539780
0.000532627
0.000561953
0.000501394
0.000528574
0.000480890
0.000552416
0.000569582
0.000531673
0.000593185
0.000530005
0.000467300
0.000545979
0.000598907
0.000599146
0.000499725
0.000549793
0.000551939
0.000473499
0.000502348
0.000522614
0.000458002
0.000504494
0.000586033
0.000491858
0.000541687
0.000530958
0.000595093
0.000525713
0.000546694
0.000602722
0.000586748
0.000577450
0.000498295
0.000588894
0.000542879
0.000611782
0.000478983
0.000483751
0.000466108
0.000555754
0.000556946
0.000449181
0.000556231
0.000464201
0.000555992
0.000531912
0.000453711
0.000597239
0.000536680
0.000493526
0.000600338
0.000573397
0.000553370
0.000597239
0.000457048
0.000479460
0.000441313
0.000536203
0.000450373
0.000522852
0.000546455
0.000577927
0.000555277
0.000553131
0.000519991
0.000619411
0.000593901
0.000582218
0.000594854
0.000563860
0.000545263
0.000561953
0.000455141
0.000550270
0.000590801
0.000534534
0.000588655
0.000485659
0.000488758
0.000575781
0.000468016
0.000556946
0.000599861
0.000492334
0.000545025
0.000552177
0.000505447
0.000565290
0.000535488
0.000538111
0.000527859
0.000514746
0.000532627
0.000514030
0.000453472
0.000526190
0.000542164
0.000445604
0.000458956
0.000552893
0.000530243
0.000468731
0.000461578
0.000448227
0.000477791
0.000478268
0.000480175
0.000536680
0.000453234
0.000442505
0.000451803
0.000472307
0.000546455
0.000549078
0.000468731
0.000468016
0.000475407
0.000536919
0.000534058
0.000520468
0.000522852
0.000545740
0.000542164
0.000540257
0.000581026
0.000529289
0.000528097
0.000500679
0.000524998
0.000548601
0.000530005
0.000508070
0.000566959
0.000528812
0.000526667
0.000479937
0.000539780
0.000582218
0.000523806
0.000537157
0.000542641
0.000561953
0.000512600
0.000586987
0.000571012
0.000492334
0.000469446
0.000478268
0.000498295
0.000510931
0.000579596
0.000555754
0.000566006
0.000518322
0.000518322
0.000566006
0.000560522
0.000561237
0.000557899
0.000493765
0.000508785
0.000519037
0.000539064
0.000560284
0.000593662
0.000534534
0.000580788
0.000567675
0.000582218
0.000468969
0.000581503
0.000571728
0.000462294
0.000571012
0.000596285
0.000565290
0.000525236
0.000584364
0.000586510
0.000543118
0.000580788
0.000518322
0.000472784
0.000461340
0.000549793
0.000563383
0.000545263
0.000608444
0.000581980
0.000595808
0.000612497
0.000573397
0.000444174
0.000562191
0.000571489
0.000522852
0.000571728
0.000509262
0.000530005
0.000520229
0.000505447
0.000501871
0.000498295
0.000541687
0.000522852
0.000581026
0.000492573
0.000511408
0.000552177
0.000528574
0.000629663
0.000571966
0.000442028
0.000573158
0.000637770
0.000596523
0.000423431
0.000506163
0.000488520
0.000504255
0.000581741
0.000542879
0.000446558
0.000550508
0.000546217
0.000551224
0.000518084
0.000586987
0.000571251
0.000530243
0.000536442
0.000531912
0.000448227
0.000560522
0.000627756
0.000532627
0.000539303
0.000560284
0.000535011
0.000531197
0.000526190
0.000540495
0.000458241
0.000466585
0.000551224
0.000558853
0.000553608
0.000595570
0.000567198
0.000596762
0.000585556
0.000592232
0.000521183
0.000559330
0.000485420
0.000539780
0.000523329
0.000531197
0.000957251
0.000557661
0.000588655
0.000578880
0.000625372
0.000609875
0.000540495
0.000532627
0.000584364
0.000544310
0.000944138
0.000603914
0.000556231
0.000596285
0.000526667
0.000597715
0.000569820
0.000554323
0.000546455
0.000540018
0.000598907
0.000589132
0.000591278
0.000566959
0.000586987
0.000573874
0.000595570
0.000605345
0.000558138
0.000608444
0.000591516
0.000579357
0.000578642
0.000550985
0.000540495
0.000565052
0.000526667
0.000601530
0.000466824
0.000499487
0.000511169
0.000466585
0.000511408
0.000470161
0.000457525
0.000453711
0.000435591
0.000439167
0.000551701
0.000557661
0.000557184
0.000576019
0.000592947
0.000593424
0.000555038
0.000566959
0.000557899
0.000458717
0.000530481
0.000478029
0.000459433
0.000360727
0.000349998
0.000442982
0.000449896
0.000354052
0.000392914
0.000424385
0.000443935
0.000419617
0.000419140
0.000460625
0.000424147
0.000430584
0.000460625
0.000433445
0.000429630
0.000425816
0.000416517
0.000416517
0.000449181
0.000425100
0.000407457
0.000416279
0.000408173
0.000427485
0.000449657
0.000470400
0.000458002
0.000480652
0.000482559
0.000494480
0.000516653
0.000518084
0.000521421
0.000481367
0.000510931
0.000507832
0.000476360
0.000460148
0.000414848
0.000471354
0.000475645
0.000458241
0.000520945
0.000461817
0.000519991
0.000499249
0.000468969
0.000462532
0.000458241
0.000481844
0.000520468
0.000475407
0.000477791
0.000475407
0.000476599
0.000512362
0.000472784
0.000526190
0.000458717
0.000462770
0.000448704
0.000537872
0.000481367
0.000500441
0.000499725
0.000477076
0.000455856
0.000464439
0.000487804
0.000480652
0.000514746
0.000447512
0.000543594
0.000479698
0.000485420
0.000513554
0.000503302
0.000513792
0.000478029
0.000454187
0.000485659
0.000478745
0.000552416
0.000488997
0.002007723
