0.018058538
0.000233412
0.000222683
0.000161648
0.000203848
0.000285864
0.000205755
0.000229836
0.000246048
0.000236034
0.000240564
0.000277758
0.000222683
0.000448227
0.000253677
0.000199080
0.000196934
0.000224113
0.000226259
0.000347137
0.000186920
0.000194073
0.000189066
0.000230312
0.000218630
0.000206709
0.000225782
0.000255823
0.000202656
0.000202656
0.000231266
0.000198126
0.000212193
0.000206709
0.000217676
0.000229836
0.000230312
0.000191212
0.000201702
0.000197411
0.000224829
0.000214100
0.000225306
0.000228167
0.000223398
0.000231266
0.000236750
0.000231028
0.000214815
0.000197411
0.000218868
0.000240326
0.000215530
0.000230312
0.000197172
0.000190973
0.000194788
0.000194073
0.000199556
0.000225544
0.000229597
0.000227928
0.000222921
0.000198841
0.000209093
0.000194550
0.000194788
0.000193596
0.000187159
0.000228167
0.000230074
0.000288486
0.000206709
0.000222683
0.000219822
0.000193834
0.000227928
0.000234127
0.000228167
0.000236750
0.000230074
0.000196457
0.000240564
0.000225067
0.000207186
0.000230312
0.000228643
0.000243187
0.000228643
0.000233173
0.000230312
0.000240326
0.000198364
0.000193596
0.000166893
0.000249863
0.000226736
0.000231743
0.000226498
0.000252008
0.000261545
0.000252485
0.000234127
0.000243187
0.000234127
0.000235081
0.000227451
0.000264406
0.000269651
0.000206947
0.000245571
0.000248671
0.000245810
0.000267029
0.000258923
0.000235796
0.000251770
0.000232935
0.000268936
0.000233173
0.000230789
0.000234842
0.000239849
0.000205040
0.000225067
0.000230789
0.000195265
0.000233173
0.000204325
0.000211716
0.000210524
0.000238895
0.000238895
0.000233650
0.000232697
0.000232220
0.000198126
0.000230789
0.000236511
0.000231981
0.000233889
0.000196218
0.000236511
0.000234604
0.000199318
0.000236034
0.000229836
0.000221968
0.000239134
0.000230551
0.000236034
0.000254869
0.000234127
0.000253916
0.000230074
0.000234604
0.000237226
0.000237942
0.000234604
0.000236273
0.000237703
0.000234127
0.000241280
0.000240326
0.000264883
0.000234127
0.000241756
0.000234365
0.000220060
0.000238419
0.000235319
0.000234127
0.000232458
0.000237465
0.000233412
0.000236273
0.000236273
0.000231743
0.000234365
0.000231266
0.000232935
0.000233412
0.000230312
0.000230789
0.000227451
0.000229597
0.000231981
0.000230312
0.000239849
0.000230551
0.000239134
0.000234842
0.000233173
0.000232697
0.000233173
0.000230312
0.000232220
0.000239611
0.000237942
0.000225067
0.000230789
0.000229836
0.000221014
0.000233412
0.000232458
0.000240088
0.000233889
0.000195026
0.000236034
0.000232935
0.000228643
0.000231028
0.000234365
0.000224590
0.000222921
0.000233412
0.000235796
0.000234365
0.000233650
0.000224352
0.000231028
0.000235558
0.000232458
0.000232220
0.000233889
0.000226021
0.000234842
0.000234127
0.000236273
0.000233412
0.000234127
0.000231028
0.000231504
0.000234842
0.000231981
0.000237703
0.000233173
0.000231266
0.000234365
0.000236511
0.000232458
0.000235081
0.000239372
0.000235081
0.000218153
0.000233412
0.000237226
0.000239611
0.000237226
0.000239849
0.000232220
0.000236988
0.000235558
0.000240088
0.000234365
0.000236988
0.000234127
0.000237226
0.000234604
0.000236034
0.000232220
0.000234365
0.000228643
0.000231981
0.000236273
0.000235796
0.000263691
0.000258684
0.000259399
0.000239849
0.000238419
0.000236034
0.000234127
0.000236273
0.000220299
0.000238419
0.000236511
0.000231981
0.000238419
0.000238180
0.000231504
0.000234604
0.000238180
0.000235081
0.000231504
0.000238419
0.000229597
0.000234604
0.000243187
0.000236750
0.000230551
0.000223875
0.000230789
0.000222683
0.000258684
0.000236034
0.000240564
0.000233412
0.000248432
0.000235796
0.000240326
0.000225544
0.000247955
0.000231266
0.000229120
0.000227213
0.000257492
0.000231504
0.000231981
0.000237226
0.000231504
0.000230312
0.000231981
0.000234604
0.000222921
0.000230312
0.000233173
0.000232458
0.000230789
0.000232935
0.000229836
0.000232697
0.000235796
0.000232935
0.000231743
0.000226736
0.000234127
0.000232458
0.000231266
0.000226498
0.000227690
0.000232697
0.000232697
0.000227451
0.000244617
0.000203848
0.000194311
0.000216961
0.000194073
0.000234127
0.000234365
0.000235558
0.000236034
0.000232697
0.000232697
0.000235796
0.000236750
0.000233650
0.000238419
0.000237226
0.000231743
0.000229597
0.000227213
0.000232458
0.000235319
0.000233173
0.000229836
0.000231266
0.000225067
0.000226021
0.000232935
0.000234604
0.000232220
0.000228167
0.000214100
0.000236273
0.000233173
0.000233650
0.000229359
0.000231028
0.000231743
0.000231743
0.000231266
0.000227928
0.000227690
0.000231743
0.000230551
0.000234365
0.000237703
0.000239372
0.000232935
0.000234365
0.000236034
0.000248909
0.000259876
0.000231504
0.000235319
0.000228882
0.000226736
0.000238657
0.000230551
0.000235796
0.000236034
0.000236750
0.000228167
0.000237703
0.000245333
0.000231743
0.000234842
0.000233650
0.000234127
0.000229120
0.000232458
0.000233412
0.000240326
0.000237226
0.000235319
0.000233889
0.000229836
0.000232458
0.000235081
0.000240564
0.000232697
0.000238419
0.000235081
0.000238180
0.000232935
0.000232935
0.000235319
0.000241280
0.000229836
0.000240088
0.000237703
0.000233889
0.000208139
0.000235796
0.000235319
0.000243187
0.000232935
0.000231028
0.000235558
0.000233889
0.000235796
0.000230789
0.000234127
0.000236034
0.000232220
0.000239611
0.000233173
0.000232935
0.000230312
0.000235081
0.000235319
0.000233412
0.000236988
0.000237703
0.000233650
0.000240088
0.000234365
0.000236750
0.000239372
0.000232697
0.000236273
0.000259876
0.000233412
0.000232220
0.000236034
0.000238657
0.000231743
0.000235081
0.000231504
0.000234842
0.000235796
0.000233412
0.000233889
0.000230312
0.000235319
0.000234365
0.000238180
0.000231743
0.000234365
0.000234127
0.000231743
0.000231504
0.000238657
0.000234127
0.000233173
0.000254393
0.000229836
0.000240803
0.000236034
0.000250101
0.000229836
0.000236034
0.000220060
0.000233650
0.000200272
0.000267029
0.000239134
0.000237226
0.000247478
0.000265598
0.000253916
0.000239849
0.000248432
0.000231028
0.000191689
0.000237465
0.000255823
0.000226498
0.000231981
0.000223160
0.000194550
0.000229359
0.000237465
0.000188589
0.000234365
0.000231743
0.000229359
0.000230312
0.000190496
0.000232697
0.000196934
0.000234365
0.000204802
0.000195503
0.000193357
0.000234365
0.000193119
0.000230074
0.000234842
0.000197411
0.000235796
0.000230551
0.000233650
0.000230551
0.000227213
0.000235558
0.000237942
0.000233412
0.000234604
0.000238657
0.000232697
0.000235319
0.000231743
0.000233173
0.000229120
0.000232935
0.000228167
0.000229597
0.000235081
0.000226021
0.000233412
0.000233173
0.000220299
0.000235081
0.000238657
0.000228167
0.000236988
0.000234127
0.000231743
0.000227690
0.000227690
0.000234604
0.000236750
0.000226021
0.000234127
0.000233412
0.000235081
0.000231743
0.000235081
0.000236988
0.000235081
0.000233412
0.000228405
0.000234604
0.000230074
0.000229597
0.000236273
0.000235081
0.000232458
0.000231743
0.000228405
0.000235081
0.000226021
0.000232935
0.000239849
0.000235319
0.000227928
0.000235796
0.000244856
0.000235558
0.000236511
0.000229359
0.000232220
0.000241518
0.000237942
0.000236511
0.000231743
0.000235081
0.000231981
0.000234604
0.000232220
0.000236511
0.000235081
0.000230551
0.000193357
0.000226736
0.000231504
0.000250816
