0.079953671
0.000381470
0.000292540
0.000331640
0.000376701
0.000387907
0.000284433
0.000285864
0.000361443
0.000339746
0.000354528
0.000356674
0.000340700
0.000365257
0.000345945
0.000358105
0.000331163
0.000354290
0.000328064
0.000351429
0.000355244
0.000348568
0.000368357
0.000364304
0.000344753
0.000363350
0.000349998
0.000347137
0.000333309
0.000369072
0.000349998
0.000283718
0.000344515
0.000352621
0.000337362
0.000331402
0.000340939
0.000368834
0.000335932
0.000347137
0.000335455
0.000337362
0.000342846
0.000335693
0.000340462
0.000358582
0.000335932
0.000353813
0.000343800
0.000344038
0.000337601
0.000334024
0.000344992
0.000344992
0.000355482
0.000344038
0.000346899
0.000366926
0.000336885
0.000343323
0.000364542
0.000312805
0.000305414
0.000331879
0.000340939
0.000353575
0.000351906
0.000356197
0.000355244
0.000267029
0.000323057
0.000319004
0.000318050
0.000338078
0.000341654
0.000342369
0.000336647
0.000341892
0.000333786
0.000342369
0.000336647
0.000342846
0.000353336
0.000355482
0.000345707
0.000319719
0.000316143
0.000322819
0.000352859
0.000336647
0.000341415
0.000333309
0.000336409
0.000334501
0.000367165
0.000321388
0.000334740
0.000343561
0.000335693
0.000346661
0.000374794
0.000337124
0.000350475
0.000344515
0.000339746
0.000351429
0.000339031
0.000347614
0.000344276
0.000339985
0.000342131
0.000353098
0.000346184
0.000342131
0.000348330
0.000336170
0.000351429
0.000348091
0.000367880
0.000265598
0.000329733
0.000295639
0.000299215
0.000323296
0.000284672
0.000281811
0.000298500
0.000299931
0.000300646
0.000297308
0.000287056
0.000309467
0.000310183
0.000339746
0.000338316
0.000323534
0.000300407
0.000295639
0.000299931
0.000298977
0.000296116
0.000294685
0.000294685
0.000298977
0.000299215
0.000294209
0.000298738
0.000284195
0.000317335
0.000279903
0.000293970
0.000296831
0.000303030
0.000295639
0.000297546
0.000294685
0.000297546
0.000293970
0.000298262
0.000297308
0.000301600
0.000299931
0.000295877
0.000293970
0.000293732
0.000288010
0.000294209
0.000303745
0.000294447
0.000316381
0.000326633
0.000305176
0.000323534
0.000298023
0.000301123
0.000298262
0.000300169
0.000300169
0.000295162
0.000303030
0.000292540
0.000298500
0.000303268
0.000308037
0.000290871
0.000303984
0.000320673
0.000308752
0.000318289
0.000318050
0.000315905
0.000317097
0.000312805
0.000319481
0.000318050
0.000316620
0.000315428
0.000291109
0.000301838
0.000312090
0.000284910
0.000299931
0.000300407
0.000297070
0.000303507
0.000297308
0.000303507
0.000300407
0.000295877
0.000300169
0.000306845
0.000297308
0.000324965
0.000310183
0.000297070
0.000297785
0.000302315
0.000303268
0.000298500
0.000350714
0.000294924
0.000297070
0.000301600
0.000307322
0.000297070
0.000301838
0.000298500
0.000303507
0.000299215
0.000293493
0.000295639
0.000303984
0.000301123
0.000310183
0.000307083
0.000304699
0.000298977
0.000297546
0.000299215
0.000308275
0.000301838
0.000303268
0.000354528
0.000351191
0.000323534
0.000314474
0.000323534
0.000330210
0.000321865
0.000327110
0.000324249
0.000311375
0.000315189
0.000324011
0.000323534
0.000333786
0.000335693
0.000347853
0.000323534
0.000323296
0.000320196
0.000356197
0.000358343
0.000334263
0.000344038
0.000342846
0.000340700
0.000342846
0.000350475
0.000266552
0.000345945
0.000339031
0.000348091
0.000347614
0.000352621
0.000321150
0.000342131
0.000338078
0.000322819
0.000313997
0.000319004
0.000360250
0.000333548
0.000345230
0.000317574
0.000329018
0.000346661
0.000333548
0.000317574
0.000314236
0.000265837
0.000329018
0.000337124
0.000309467
0.000346899
0.000343084
0.000322104
0.000330925
0.000342846
0.000355244
0.000339031
0.000321627
0.000360012
0.000345230
0.000331879
0.000317574
0.000325680
0.000342846
0.000341415
0.000347614
0.000306129
0.000345469
0.000337124
0.000369310
0.000357628
0.000347853
0.000378847
0.000346422
0.000338316
0.000323057
0.000278711
0.000323296
0.000333071
0.000320435
0.000334978
0.000333786
0.000333071
0.000329494
0.000334501
0.000329733
0.000281096
0.000329256
0.000360489
0.000346661
0.000337601
0.000341177
0.000320911
0.000313044
0.000318527
0.000337124
0.000333548
0.000321388
0.000338793
0.000323296
0.000318766
0.000334978
0.000324488
0.000339746
0.000325680
0.000317097
0.000276566
0.000313520
0.000350952
0.000345945
0.000352621
0.000321388
0.000337124
0.000322580
0.000321627
0.000334263
0.000269651
0.000315666
0.000297070
0.000283718
0.000357866
0.000378609
0.000318050
0.000304937
0.000289917
0.000295401
0.000306368
0.000314713
0.000303984
0.000294924
0.000277758
0.000298262
0.000291109
0.000295877
0.000305176
0.000304699
0.000298500
0.000301600
0.000303030
0.000302076
0.000303030
0.000298262
0.000300646
0.000304699
0.000303268
0.000293493
0.000263691
0.000278473
0.000330687
0.000345230
0.000357628
0.000334263
0.000362158
0.000334024
0.000372887
0.000351667
0.000264645
0.000296831
0.000332594
0.000283241
0.000312090
0.000279903
0.000286102
0.000317097
0.000320196
0.000318289
0.000256062
0.000288725
0.000300169
0.000301123
0.000313997
0.000283957
0.000302553
0.000292063
0.000296831
0.000252008
0.000256062
0.000309467
0.000332594
0.000340223
0.000309706
0.000365257
0.000321388
0.000350714
0.000313520
0.000350475
0.000266552
0.000320196
0.000348568
0.000358105
0.000358343
0.000359774
0.000353098
0.000356913
0.000358582
0.000365257
0.000277519
0.000325680
0.000358582
0.000312567
0.000350714
0.000335693
0.000343323
0.000349522
0.000356197
0.000355005
0.000273705
0.000316381
0.000345707
0.000347376
0.000336170
0.000348568
0.000353813
0.000355244
0.000351429
0.000355959
0.000275850
0.000347137
0.000351667
0.000341892
0.000341415
0.000370741
0.000339031
0.000350475
0.000346422
0.000337124
0.000267267
0.000344515
0.000353336
0.000354528
0.000348091
0.000340462
0.000359535
0.000329018
0.000346661
0.000328779
0.000280857
0.000344515
0.000353098
0.000321865
0.000339985
0.000357628
0.000347137
0.000354528
0.000361919
0.000362873
0.000354052
0.000361204
0.000381947
0.000387192
0.000364304
0.000374794
0.000366449
0.000363111
0.000364065
0.000368357
0.000371695
0.000343561
0.000340223
0.000338078
0.000354767
0.000341415
0.000352383
0.000326633
0.000345230
0.000353336
0.000304222
0.000328779
0.000315189
0.000299215
0.000309944
0.000366449
0.000322104
0.000348091
0.000315666
0.000360727
0.000367641
0.000272274
0.000369310
0.000346661
0.000353336
0.000339270
0.000344515
0.000346422
0.000350475
0.000324726
0.000339270
0.000344515
0.000343561
0.000325918
0.000358343
0.000347137
0.000342131
0.000349522
0.000341177
0.000350475
0.000350475
0.000318050
0.000318050
0.000370264
0.000339746
0.000320673
0.000324965
0.000345707
0.000349998
0.000349760
0.000339746
0.000347376
0.000345230
0.000342846
0.000335217
0.000343084
0.000344515
0.000343800
0.000340700
0.000339746
0.000353813
0.000354767
0.000316381
0.000311852
0.000315428
0.000318289
0.000315666
0.000348568
0.000343323
0.000333309
0.000341892
0.000325441
0.000326872
0.000344753
0.000334024
0.000354528
0.000336885
0.000343800
0.000343800
0.000341415
0.000341177
0.000338793
0.000345230
0.000342846
0.000341892
0.000348568
0.000345469
0.000348091
0.000334024
0.000348806
0.000362158
0.000328302
0.000334740
0.000300884
0.000351191
0.000354767
0.000348568
0.000360727
0.000329494
0.001754761
