0.086266518
0.000270367
0.000384569
0.000373602
0.000458717
0.000404596
0.000401020
0.000381947
0.000377178
0.000335455
0.000320911
0.000383615
0.000354052
0.000379562
0.000380993
0.000370264
0.000379562
0.000315905
0.000330448
0.000326872
0.000311136
0.000315428
0.000314951
0.000308275
0.000361443
0.000363827
0.000368118
0.000361681
0.000364065
0.000360966
0.000372887
0.000316620
0.000317812
0.000314236
0.000385523
0.000378609
0.000375748
0.000306129
0.000348806
0.000383377
0.000325441
0.000377417
0.000371933
0.000338554
0.000366211
0.000374556
0.000379562
0.000378132
0.000358820
0.000371218
0.000381231
0.000375271
0.000370741
0.000309229
0.000353575
0.000371456
0.000363350
0.000370741
0.000302792
0.000375748
0.000373602
0.000400066
0.000376701
0.000379801
0.000376225
0.000375032
0.000378132
0.000374079
0.000386715
0.000381470
0.000381231
0.000373363
0.000376701
0.000324488
0.000380516
0.000379086
0.000370741
0.000383139
0.000383377
0.000390053
0.000379562
0.000383615
0.000378847
0.000374556
0.000382662
0.000372887
0.000382662
0.000390053
0.000397205
0.000384569
0.000378609
0.000380754
0.000380278
0.000393867
0.000375271
0.000384569
0.000387430
0.000375509
0.000381470
0.000408649
0.000399351
0.000378132
0.000394106
0.000407934
0.000400782
0.000397205
0.000406742
0.000397444
0.000402212
0.000341892
0.000417709
0.000397921
0.000411749
0.000407219
0.000402927
0.000409842
0.000408411
0.000389814
0.000412226
0.000409842
0.000404358
0.000401020
0.000416994
0.000421524
0.000399590
0.000411510
0.000407696
0.000405788
0.000421762
0.000413656
0.000411987
0.000402212
0.000414848
0.000416756
0.000421047
0.000420570
0.000409365
0.000400066
0.000377178
0.000416279
0.000428200
0.000415087
0.000418186
0.000419140
0.000408888
0.000429153
0.000425577
0.000415087
0.000418663
0.000414610
0.000413179
0.000402927
0.000411749
0.000399113
0.000396490
0.000404119
0.000399828
0.000405788
0.000421286
0.000423670
0.000428915
0.000428915
0.000397205
0.000408173
0.000399828
0.000413656
0.000397921
0.000401735
0.000411987
0.000418186
0.000400066
0.000408411
0.000410318
0.000395775
0.000398636
0.000401497
0.000409603
0.000408173
0.000401020
0.000397921
0.000411034
0.000405550
0.000424385
0.000419378
0.000441313
0.000426769
0.000394583
0.000401258
0.000424862
0.000389099
0.000409126
0.000407934
0.000442266
0.000428200
0.000436783
0.000466585
0.000463247
0.000428915
0.000398874
0.000417948
0.000427723
0.000483751
0.000407934
0.000413179
0.000400305
0.000438452
0.000351429
0.000411987
0.000385523
0.000385046
0.000410557
0.000410080
0.000417471
0.000403881
0.000403166
0.000405550
0.000411510
0.000394106
0.000409365
0.000406742
0.000408649
0.000404596
0.000401020
0.000411749
0.000409365
0.000410318
0.000415325
0.000406742
0.000409126
0.000407219
0.000410557
0.000407934
0.000402451
0.000408173
0.000401258
0.000410557
0.000408173
0.000394106
0.000414610
0.000408888
0.000414371
0.000409126
0.000426054
0.000384808
0.000390768
0.000402927
0.000387907
0.000393629
0.000415802
0.000390053
0.000396252
0.000413895
0.000403404
0.000394344
0.000404596
0.000405073
0.000400305
0.000394821
0.000410318
0.000396013
0.000409365
0.000401735
0.000394106
0.000397921
0.000410318
0.000395060
0.000402451
0.000404358
0.000410557
0.000406265
0.000410318
0.000408173
0.000396252
0.000396252
0.000388622
0.000389576
0.000394583
0.000393629
0.000388622
0.000400066
0.000391960
0.000397921
0.000389099
0.000402927
0.000391245
0.000327826
0.000386477
0.000397682
0.000400305
0.000411034
0.000399351
0.000423431
0.000401735
0.000413895
0.000402927
0.000382423
0.000389099
0.000401497
0.000397682
0.000417471
0.000398397
0.000394583
0.000466585
0.000442505
0.000442982
0.000407696
0.000406504
0.000395060
0.000404835
0.000391722
0.000412226
0.000418901
0.000389576
0.000411749
0.000411034
0.000391006
0.000405073
0.000398397
0.000403881
0.000385523
0.000411749
0.000410557
0.000430346
0.000411510
0.000418901
0.000385523
0.000406742
0.000406265
0.000409603
0.000402927
0.000406504
0.000325441
0.000388384
0.000419140
0.000410557
0.000411272
0.000402927
0.000427008
0.000437260
0.000403881
0.000442505
0.000415325
0.000409603
0.000410318
0.000406981
0.000392199
0.000404596
0.000412703
0.000397444
0.000406742
0.000402689
0.000392914
0.000406742
0.000406504
0.000326872
0.000336885
0.000426531
0.000355721
0.000330210
0.000781536
0.000328779
0.000330687
0.000329018
0.000326157
0.000332594
0.000444412
0.000438690
0.000410080
0.000414848
0.000343561
0.000426769
0.000421762
0.000330925
0.000451088
0.000422955
0.000426292
0.000390768
0.000422955
0.000422001
0.000398159
0.000461102
0.000487089
0.000461817
0.000473976
0.000453472
0.000353813
0.000749350
0.000350952
0.000496864
0.000756741
0.000630379
0.000563383
0.000597477
0.000552416
0.000488758
0.000307322
0.000272274
0.000341892
0.000328541
0.000303030
0.000265121
0.000266314
0.000283241
0.000277758
0.000296354
0.000267506
0.000325918
0.000512838
0.000278234
0.000394344
0.000651836
0.000522137
0.000567436
0.000342607
0.000420094
0.000509024
0.000371218
0.000504017
0.000532866
0.000260830
0.000281334
0.000336647
0.000349522
0.000364065
0.000372887
0.000356436
0.000344038
0.000356436
0.000351429
0.000354052
0.000392199
0.000437260
0.000407457
0.000372171
0.000372171
0.000372171
0.000400782
0.000338078
0.000427961
0.000412941
0.000401258
0.000364542
0.000367880
0.000357151
0.000369310
0.000317574
0.000361204
0.000356674
0.000360250
0.000362873
0.000371933
0.000563622
0.000515223
0.000584126
0.000460863
0.000616550
0.000286341
0.000494957
0.000409365
0.000466824
0.000355721
0.000363588
0.000364065
0.000310421
0.000332832
0.000286579
0.000324249
0.000356913
0.000319719
0.000342131
0.000362873
0.000318050
0.000320196
0.000319242
0.000324249
0.000367403
0.000367641
0.000324249
0.000324965
0.000275850
0.000320435
0.000321865
0.000333548
0.000363588
0.000355244
0.000321150
0.000324011
0.000338316
0.000330210
0.000324488
0.000321627
0.000325203
0.000318289
0.000362396
0.000331402
0.000335217
0.000335693
0.000321388
0.000324249
0.000332355
0.000359535
0.000321865
0.000345230
0.000324011
0.000336409
0.000345707
0.000290871
0.000349522
0.000297785
0.000339508
0.000317574
0.000305653
0.000273466
0.000338078
0.000361204
0.000329018
0.000277281
0.000279903
0.000329018
0.000373840
0.000345230
0.000322104
0.000326157
0.000324965
0.000333786
0.000332117
0.000340939
0.000339031
0.000307560
0.000362635
0.000405073
0.000417471
0.000380516
0.000378132
0.000391483
0.000441790
0.000387430
0.000385523
0.000385523
0.000384331
0.000363111
0.000373363
0.000336647
0.000317574
0.000320673
0.000260830
0.000316143
0.000322342
0.000302076
0.000309229
0.000409126
0.000359535
0.000342846
0.000386000
0.000344276
0.000380993
0.000376701
0.000374794
0.000390291
0.000402927
0.000399828
0.000386953
0.000399828
0.000423193
0.000399351
0.000388622
0.000395298
0.000495672
0.000402451
0.000373840
0.000388622
0.000357628
0.000412464
0.000409365
0.000419855
0.000361681
0.000367165
0.000377655
0.000336170
0.000295639
0.000769377
0.000618935
0.000473738
0.000513077
0.000456095
0.000446081
0.000412941
0.000469208
0.000413895
0.000422716
0.000394106
0.000348091
0.000352621
0.000397444
0.000352621
0.000402212
0.000350475
0.000438690
0.000358820
0.001810789
