0.087756634
0.000292301
0.000302553
0.000284672
0.000288486
0.000276804
0.000270367
0.000275850
0.000273705
0.000329256
0.000278473
0.000293255
0.000270844
0.000272989
0.000271797
0.000273705
0.000267506
0.000272989
0.000274658
0.000266790
0.000265837
0.000274897
0.000272751
0.000278950
0.000266552
0.000273705
0.000269413
0.000280619
0.000265598
0.000272512
0.000273466
0.000314236
0.000296831
0.000285149
0.000279427
0.000297785
0.000283957
0.000297546
0.000284433
0.000284433
0.000281811
0.000285625
0.000290155
0.000296116
0.000297070
0.000296831
0.000285149
0.000283718
0.000298738
0.000311613
0.000284672
0.000293732
0.000292540
0.000284910
0.000274897
0.000297308
0.000289917
0.000288486
0.000284195
0.000283957
0.000293732
0.000293255
0.000292540
0.000304461
0.000303745
0.000324965
0.000294685
0.000284433
0.000298738
0.000288725
0.000289917
0.000276804
0.000284910
0.000293016
0.000293016
0.000295639
0.000279188
0.000295401
0.000293016
0.000296831
0.000299931
0.000287294
0.000293493
0.000277758
0.000283241
0.000283480
0.000285625
0.000280619
0.000278711
0.000289917
0.000281096
0.000335217
0.000312805
0.000326872
0.000306368
0.000304699
0.000312805
0.000314474
0.000309467
0.000309706
0.000323296
0.000302792
0.000308990
0.000316620
0.000312328
0.000329018
0.000329494
0.000332832
0.000310659
0.000321627
0.000339270
0.000330448
0.000305414
0.000367165
0.000373363
0.000330448
0.000305176
0.000361443
0.000344515
0.000325918
0.000303030
0.000300646
0.000308990
0.000307083
0.000307083
0.000300646
0.000296116
0.000305414
0.000308037
0.000294924
0.000303030
0.000310659
0.000300407
0.000297546
0.000296116
0.000298738
0.000269413
0.000313520
0.000312090
0.000308990
0.000303030
0.000310183
0.000303984
0.000306845
0.000286102
0.000302315
0.000311375
0.000271559
0.000313520
0.000258684
0.000298023
0.000293016
0.000307322
0.000312567
0.000302076
0.000308752
0.000311375
0.000313044
0.000313044
0.000311852
0.000308275
0.000310659
0.000303268
0.000313997
0.000310183
0.000307560
0.000304461
0.000305414
0.000307560
0.000312567
0.000314236
0.000303030
0.000310421
0.000311375
0.000288486
0.000309944
0.000310659
0.000308037
0.000309944
0.000308990
0.000306368
0.000319242
0.000319481
0.000290632
0.000292301
0.000295162
0.000291109
0.000294924
0.000288963
0.000292301
0.000289679
0.000296354
0.000292540
0.000289917
0.000289440
0.000285625
0.000252962
0.000298023
0.000293016
0.000284433
0.000303984
0.000290155
0.000299931
0.000293016
0.000272036
0.000296593
0.000245810
0.000294447
0.000294447
0.000288486
0.000292540
0.000291824
0.000310898
0.000298500
0.000290394
0.000293255
0.000248909
0.000293016
0.000294685
0.000294685
0.000289202
0.000289917
0.000294924
0.000295401
0.000293016
0.000296593
0.000253201
0.000297546
0.000287771
0.000295401
0.000297070
0.000296593
0.000293970
0.000293970
0.000274658
0.000305176
0.000261307
0.000289917
0.000284910
0.000289917
0.000291109
0.000299454
0.000331879
0.000320673
0.000318289
0.000298977
0.000303507
0.000294924
0.000294924
0.000300169
0.000293970
0.000294447
0.000293016
0.000296116
0.000288486
0.000291109
0.000289679
0.000299215
0.000297546
0.000289917
0.000301361
0.000298023
0.000296354
0.000298738
0.000265598
0.000267029
0.000287533
0.000265121
0.000283718
0.000275373
0.000267744
0.000280619
0.000329256
0.000318289
0.000312567
0.000328064
0.000317574
0.000330925
0.000277042
0.000273228
0.000264406
0.000268221
0.000265598
0.000274897
0.000272036
0.000272036
0.000263214
0.000278950
0.000305891
0.000281572
0.000299692
0.000336170
0.000303984
0.000298023
0.000312567
0.000337839
0.000340700
0.000381470
0.000324011
0.000330925
0.000344038
0.000356674
0.000282288
0.000340939
0.000310183
0.000287771
0.000293732
0.000309706
0.000313282
0.000293493
0.000273943
0.000302315
0.000288248
0.000255585
0.000276327
0.000253677
0.000288486
0.000288248
0.000318527
0.000290632
0.000286341
0.000290394
0.000287771
0.000254393
0.000344753
0.000309706
0.000296354
0.000288725
0.000289917
0.000294924
0.000290632
0.000298023
0.000312090
0.000293970
0.000201702
0.000296593
0.000290871
0.000289440
0.000289202
0.000252247
0.000296831
0.000295877
0.000295401
0.000288248
0.000296116
0.000295162
0.000293732
0.000297308
0.000295639
0.000289202
0.000291109
0.000291824
0.000292301
0.000297070
0.000374079
0.000309229
0.000296354
0.000291348
0.000293255
0.000292063
0.000288963
0.000289917
0.000309944
0.000288010
0.000293255
0.000303030
0.000290871
0.000302792
0.000298738
0.000288963
0.000292540
0.000290394
0.000286818
0.000294447
0.000298262
0.000289440
0.000294924
0.000292540
0.000295877
0.000299215
0.000290155
0.000302792
0.000296354
0.000297546
0.000336409
0.000287294
0.000287533
0.000294924
0.000295877
0.000297785
0.000295162
0.000291586
0.000343800
0.000316620
0.000298977
0.000308275
0.000316143
0.000312090
0.000297308
0.000321865
0.000326157
0.000290155
0.000294924
0.000285625
0.000286818
0.000286579
0.000293732
0.000288248
0.000286579
0.000314474
0.000295162
0.000298262
0.000292778
0.000293255
0.000435591
0.000319958
0.000303984
0.000307798
0.000305414
0.000309467
0.000304937
0.000304699
0.000330210
0.000319719
0.000313997
0.000302792
0.000299215
0.000299454
0.000293732
0.000292540
0.000286818
0.000299215
0.000296831
0.000312328
0.000292778
0.000295162
0.000297546
0.000298738
0.000290394
0.000300407
0.000304937
0.000299692
0.000299215
0.000294209
0.000302076
0.000298977
0.000295639
0.000302315
0.000291586
0.000312090
0.000301838
0.000298023
0.000330925
0.000321150
0.000307322
0.000328064
0.000329733
0.000336409
0.000326395
0.000327110
0.000325918
0.000335455
0.000332832
0.000328302
0.000326395
0.000325203
0.000329494
0.000325680
0.000336647
0.000325918
0.000326633
0.000320673
0.000321150
0.000332117
0.000349998
0.000308990
0.000311375
0.000340462
0.000332117
0.000365973
0.000376463
0.000336885
0.000343084
0.000288963
0.000274897
0.000276089
0.000313520
0.000278473
0.000313282
0.000324488
0.000290155
0.000284672
0.000292063
0.000290871
0.000285625
0.000296593
0.000268936
0.000273228
0.000268459
0.000264645
0.000274897
0.000244141
0.000284433
0.000273943
0.000276327
0.000272036
0.000278950
0.000274420
0.000273943
0.000272512
0.000273466
0.000273705
0.000289917
0.000226259
0.000259399
0.000276089
0.000278950
0.000278711
0.000278711
0.000282288
0.000278234
0.000277281
0.000275135
0.000275373
0.000280142
0.000279665
0.000223637
0.000280380
0.000277519
0.000276804
0.000276089
0.000275612
0.000228405
0.000279903
0.000264645
0.000275612
0.000272036
0.000272751
0.000275612
0.000295639
0.000272751
0.000279903
0.000290632
0.000282049
0.000258684
0.000284910
0.000274181
0.000279188
0.000284433
0.000275373
0.000281096
0.000276327
0.000274897
0.000271559
0.000277042
0.000278473
0.000278711
0.000278473
0.000277042
0.000273705
0.000276804
0.000273228
0.000278473
0.000275850
0.000268698
0.000276327
0.000274897
0.000270367
0.000274658
0.000275612
0.000282049
0.000277996
0.000350714
0.000313997
0.000269175
0.000292778
0.000311613
0.000305653
0.000292063
0.000306845
0.000300169
0.000298262
0.000298500
0.000303507
0.000314236
0.000296354
0.000290632
0.000295162
0.000295639
0.000301361
0.000305891
0.000297546
0.000296116
0.000307083
0.000288010
0.000305891
0.000297308
0.000287056
0.000309706
0.001639605
