0.096435785
0.001857042
0.001923323
0.001710892
0.001989365
0.002024889
0.001934052
0.001994848
0.011560917
0.002121687
0.001668930
0.001684189
0.001972675
0.001971722
0.001997471
0.001983166
0.001952887
0.002291679
0.002118349
0.002175808
0.002207994
0.001976728
0.002116442
0.002000809
0.002010107
0.001742840
0.002293587
0.001962900
0.001472473
0.001908541
0.001686573
0.001846313
0.002009630
0.001548290
0.001675367
0.002821684
0.001572371
0.001663923
0.001619577
0.001638412
0.001669645
0.002079010
0.001896620
0.002473831
0.002432585
0.001894236
0.001623392
0.001662016
0.001650810
0.001820564
0.001863480
0.001869202
0.001711130
0.001589775
0.001688004
0.002192259
0.001674175
0.001631021
0.001677990
0.001662493
0.001597404
0.001597404
0.002066851
0.001663446
0.001828194
0.001919985
0.001621246
0.001642704
0.001640081
0.001461267
0.001900911
0.001642704
0.001583815
0.002089977
0.001572609
0.001882076
0.001785040
0.001977682
0.001975536
0.001620531
0.002310991
0.001590014
0.001851797
0.001925468
0.002065897
0.001760960
0.001586199
0.001669407
0.001674175
0.001835108
0.001600027
0.001711607
0.002043962
0.001946926
0.001848936
0.001688480
0.001816034
0.001696587
0.001637697
0.001971006
0.001755476
0.001819134
0.001923800
0.001991510
0.001806736
0.002015829
0.001941681
0.001969099
0.001806498
0.001566648
0.001586676
0.001610279
0.002010822
0.001964331
0.001806736
0.001990080
0.001921654
0.001994848
0.001837730
0.001946926
0.001740932
0.001963854
0.001975775
0.001688004
0.001945972
0.001984835
0.001964331
0.001932859
0.001830578
0.001817465
0.001836300
0.001889467
0.001951456
0.001933575
0.001917839
0.001742840
0.001914978
0.001889944
0.001993179
0.001923800
0.001641989
0.001931190
0.001932621
0.001968861
0.001959324
0.001684427
0.001976967
0.001907349
0.001916647
0.002027750
0.001984596
0.002036572
0.001922607
0.001934290
0.001919031
0.001958132
0.002044916
0.001929998
0.002062798
0.002024889
0.001941442
0.001956463
0.001957178
0.001939774
0.001869440
0.002094030
0.002146721
0.002007961
0.002073050
0.002092838
0.001989841
0.002152443
0.002078772
0.002054691
0.002041817
0.011347771
0.001855135
0.002052784
0.002051830
0.001970291
0.001919746
0.001837492
0.001778126
0.001986265
0.001932859
0.002104044
0.002058029
0.001664639
0.001694441
0.001945257
0.001621485
0.001918316
0.001860619
0.001919508
0.001938105
0.001945734
0.001974821
0.001648664
0.001987457
0.001948595
0.001928091
0.001951456
0.001605749
0.001909494
0.001913309
0.001816511
0.001815557
0.001834393
0.001888275
0.001823187
0.001537561
0.001957417
0.001708508
0.001827478
0.001929760
0.001910925
0.001525164
0.001868963
0.001892328
0.001875401
0.001931429
0.001752853
0.001952171
0.001899958
0.001915216
0.001888037
0.001862526
0.001929998
0.001908064
0.001703739
0.001896858
0.001869440
0.001922846
0.001852751
0.001915455
0.001927853
0.001742125
0.001744747
0.001921892
0.001893282
0.001890182
0.001952410
0.001907349
0.001904964
0.001939535
0.001920462
0.001934528
0.001942635
0.001866102
0.001927137
0.001973867
0.001943827
0.001947165
0.001962662
0.001955986
0.001858711
0.001873016
0.001927137
0.001921654
0.001844883
0.001913309
0.001867533
0.001917601
0.001811504
0.001921892
0.001963139
0.001896620
0.001888990
0.001878500
0.001917601
0.002018452
0.001952887
0.001970291
0.001952648
0.001586914
0.001822710
0.001868010
0.001993179
0.001627922
0.001949072
0.001824856
0.001934052
0.001934528
0.001877785
0.001957655
0.002007246
0.001990318
0.001636505
0.001608849
0.001867771
0.001697302
0.001751900
0.001901388
0.001706123
0.001973391
0.001931190
0.002003908
0.001936674
0.001544952
0.001910686
0.001984358
0.001929522
0.001916647
0.001870632
0.001755238
0.001995564
0.001885414
0.001815796
0.001451015
0.001965523
0.001912832
0.001900673
0.001890659
0.001952887
0.001902342
0.001948833
0.001950979
0.001933098
0.001593590
0.001944065
0.001855135
0.002031565
0.001914263
0.001833200
0.001891136
0.001879454
0.002052784
0.001941681
0.001596689
0.001876354
0.001853704
0.001946926
0.001917839
0.002034664
0.001970291
0.001958132
0.001902819
0.001979113
0.001500607
0.001826763
0.001908064
0.001947403
0.001944542
0.001832008
0.001829863
0.001779318
0.002032280
0.001922369
0.001725435
0.001755953
0.002049923
0.001893997
0.002099991
0.002056122
0.001987934
0.002057791
0.002011299
0.001837254
0.002084494
0.002058506
0.001998901
0.001953125
0.001744032
0.002022028
0.001913309
0.002109051
0.001692295
0.002013922
0.002041578
0.001968861
0.001967907
0.002084255
0.001874685
0.002090693
0.001727343
0.002107620
0.001557827
0.002001762
0.001591682
0.001551390
0.001856565
0.001608372
0.001599550
0.001670122
0.001606464
0.001526117
0.002089977
0.001921177
0.001867771
0.001803875
0.001737833
0.001784563
0.001889944
0.001731396
0.001975298
0.001935720
0.001931190
0.002024412
0.002005100
0.002010107
0.001398563
0.001701832
0.001943350
0.001969576
0.001984835
0.001831532
0.001894474
0.001866817
0.001869202
0.001908541
0.001960516
0.001967192
0.001775980
0.001930475
0.001926184
0.002055168
0.001958847
0.001928329
0.001920700
0.001812935
0.001901150
0.001929760
0.001918554
0.001874924
0.001968861
0.001957178
0.001957893
0.001941919
0.001905918
0.001876354
0.001903057
0.001963854
0.001811028
0.001940012
0.001946449
0.001958847
0.001775026
0.001963615
0.001904726
0.001943588
0.001932859
0.001999617
0.001939058
0.001945972
0.001946211
0.001988649
0.001945019
0.001951456
0.001829863
0.001862288
0.001977682
0.001959085
0.001956224
0.001972914
0.001636028
0.001976728
0.001976728
0.001872301
0.002006054
0.002005339
0.001992702
0.001918793
0.001903057
0.001901388
0.001919746
0.001984358
0.001944542
0.001972675
0.011229753
0.001896381
0.001893520
0.001772404
0.001789093
0.001984835
0.001807928
0.001975298
0.001930714
0.002009153
0.001698017
0.001919508
0.001899004
0.001856089
0.001729965
0.001931429
0.001872540
0.001903296
0.001879930
0.001841784
0.001957417
0.001868486
0.001886606
0.001949787
0.001939058
0.001856089
0.001924515
0.001897573
0.001779318
0.001659632
0.001738548
0.001962900
0.002003908
0.001855373
0.001958370
0.001881838
0.001989603
0.001947641
0.001890182
0.001901150
0.001965284
0.001935482
0.002058983
0.001985312
0.001989365
0.001992464
0.001945734
0.001771688
0.001822233
0.001784563
0.001947641
0.001902342
0.002009153
0.001822233
0.001801968
0.001926661
0.001996040
0.001944304
0.001908064
0.001973152
0.001728058
0.001925707
0.001821518
0.001900196
0.001862288
0.001898766
0.001941442
0.001965046
0.001947641
0.002029896
0.001889706
0.002004623
0.001972437
0.002027988
0.002100706
0.001951933
0.001856804
0.002013206
0.002076864
0.002093315
0.001988888
0.002035141
0.001954794
0.002012730
0.001976013
0.011610985
0.002037048
0.002062321
0.002109528
0.001874685
0.001922131
0.001958132
0.001991510
0.001684666
0.002038240
0.001878262
0.001976728
0.001994848
0.001635075
0.001567125
0.001691103
0.001904011
0.001975298
0.001950979
0.001964808
0.001928806
0.001934528
0.001592875
0.001986504
0.001955986
0.001966238
0.001824856
0.001997471
0.001939058
0.002036810
0.001938820
0.001931667
0.001827002
0.001803398
0.001911640
0.001601458
0.001921892
0.001959085
0.001935244
0.001931667
0.001981020
0.001976252
0.001822233
0.001925945
0.001874924
0.001866102
0.003434420
