0.105775356
0.005874634
0.001328468
0.001379251
0.001647711
0.001646519
0.001662970
0.001644850
0.001620531
0.001783133
0.001290321
0.001472712
0.001513720
0.001744986
0.001250029
0.001456261
0.001472712
0.001146078
0.001237392
0.001353979
0.001330614
0.001650095
0.001714468
0.001303434
0.001204491
0.001362801
0.001637936
0.001633644
0.001703024
0.001745224
0.001141548
0.001201630
0.001679420
0.001299620
0.001505613
0.001441479
0.001114130
0.001107931
0.001167536
0.001459122
0.001451492
0.001504660
0.001679182
0.001619101
0.001174212
0.001199484
0.001292229
0.001147032
0.001158476
0.001174450
0.001371622
0.001193762
0.001265764
0.001174688
0.001225471
0.001283407
0.001252413
0.001121044
0.001119137
0.001295328
0.001282215
0.001314878
0.001310825
0.001181126
0.001263142
0.001313686
0.001311302
0.001232386
0.001190901
0.001367092
0.001237392
0.001370192
0.001307726
0.001353741
0.001463652
0.001589775
0.001594782
0.001665115
0.001621246
0.001605272
0.001663208
0.001501560
0.001604319
0.001602650
0.001578093
0.001486063
0.001612902
0.001444817
0.001660347
0.001651049
0.001600981
0.001599550
0.001485586
0.001453400
0.001577139
0.001486778
0.001554012
0.001454592
0.001439810
0.001553297
0.001711130
0.001438141
0.001479864
0.001595259
0.001643658
0.001613855
0.001447201
0.001515865
0.001655102
0.001611710
0.001508951
0.001475573
0.001452923
0.001465797
0.001516342
0.001533508
0.001453400
0.001546383
0.001244307
0.001581430
0.001628399
0.001674414
0.001663685
0.001543283
0.001573563
0.001461267
0.001426697
0.001443148
0.001514673
0.001571655
0.001513481
0.001419544
0.001525164
0.001590252
0.001584530
0.001587868
0.001480579
0.001510620
0.001430750
0.001584768
0.001469612
0.001626492
0.001548290
0.001431704
0.001472712
0.001600742
0.001545906
0.001600981
0.001620770
0.001615763
0.001543522
0.001593590
0.001618385
0.001555920
0.001632690
0.001682043
0.001593351
0.001481533
0.001554012
0.001653671
0.001587152
0.001626730
0.001587629
0.001469851
0.001625538
0.001466751
0.001571178
0.001539230
0.001418591
0.001471996
0.001617432
0.001578569
0.001607895
0.001519680
0.001434326
0.001646519
0.001611710
0.001609087
0.001106977
0.001621485
0.001530170
0.001629353
0.001572132
0.001574516
0.001559973
0.001453876
0.001469851
0.001418591
0.001493692
0.001704216
0.001658201
0.001599073
0.001507521
0.001477957
0.001618385
0.001627445
0.001508236
0.001544952
0.001538992
0.001621723
0.001573324
0.001481533
0.001534462
0.001504898
0.001518726
0.001497746
0.001456261
0.001443386
0.001598120
0.001435757
0.001422644
0.001482487
0.001568556
0.001606226
0.001615286
0.001632452
0.001614332
0.001606226
0.001296520
0.001590490
0.001605511
0.001630306
0.001560926
0.001538992
0.001500130
0.001507282
0.001570225
0.001544237
0.001461506
0.001517057
0.001607895
0.001623154
0.001611948
0.001610279
0.001556396
0.001476765
0.001494169
0.001625776
0.001589775
0.001430750
0.001522303
0.001605988
0.001609802
0.001581669
0.001586199
0.001487017
0.001597404
0.001592398
0.001578569
0.001583815
0.001586437
0.001562595
0.001645327
0.001645088
0.001669884
0.001483440
0.001269817
0.001493931
0.001683712
0.001548767
0.001462936
0.001631975
0.001628399
0.001518488
0.001441479
0.001436472
0.001539707
0.001546144
0.001609802
0.001580000
0.001625538
0.001474142
0.001477480
0.001555204
0.001334190
0.001482964
0.001598597
0.001639605
0.001604080
0.001430273
0.001432419
0.001471043
0.001625538
0.001632214
0.001620531
0.001607180
0.001667261
0.001580000
0.001613855
0.001597404
0.001468420
0.001585960
0.001619577
0.001560211
0.001560450
0.001566648
0.001566648
0.001414776
0.001420021
0.001412868
0.001483679
0.001568794
0.001545668
0.001570225
0.001567364
0.001631498
0.001465082
0.001596689
0.001560688
0.001516104
0.001405478
0.001452208
0.001486301
0.001451492
0.001454592
0.001628399
0.001580477
0.001469851
0.001425505
0.001438618
0.001621485
0.001592398
0.001573086
0.001423120
0.001426697
0.001491308
0.001578569
0.001497507
0.001485586
0.001452446
0.001366138
0.001455307
0.001580477
0.001477003
0.001617432
0.001621008
0.001589775
0.001460791
0.001554489
0.001654148
0.001572371
0.001650572
0.001580238
0.001510859
0.001443863
0.001490593
0.001421213
0.001439333
0.001595974
0.001593590
0.001592398
0.001608849
0.001630306
0.001393557
0.001448870
0.001591921
0.001501560
0.001494169
0.001622200
0.001539230
0.001692533
0.001426458
0.001600266
0.001584053
0.001497269
0.001634359
0.001623869
0.001605511
0.001645803
0.001631737
0.001595736
0.001618147
0.001595497
0.001559258
0.001244068
0.001482487
0.001614332
0.001674652
0.001581669
0.001610756
0.001610994
0.001595736
0.001469374
0.001435995
0.001489401
0.001544952
0.001532316
0.001610518
0.001571655
0.001595974
0.001655579
0.001633406
0.001602650
0.001447201
0.001446247
0.001643419
0.001625776
0.001609564
0.001638174
0.001601458
0.001634359
0.001600266
0.001615047
0.001647234
0.001613140
0.001633644
0.001467705
0.001603365
0.001586676
0.001642704
0.001662970
0.001595974
0.001366377
0.001587629
0.001590014
0.001536608
0.001679420
0.001597643
0.001270771
0.001612186
0.001609802
0.001609564
0.001599073
0.001646042
0.001591921
0.001691818
0.001553535
0.001538277
0.001605272
0.001570463
0.001556158
0.001504898
0.001540899
0.001537323
0.001501322
0.001489162
0.001530409
0.001530886
0.001510620
0.001609802
0.001595736
0.001570225
0.001627207
0.001555204
0.001513958
0.001463652
0.001545906
0.001472235
0.001460075
0.001482487
0.001551867
0.001455784
0.001563311
0.001496792
0.001445770
0.001488686
0.001651525
0.001618862
0.001559258
0.001599073
0.001610041
0.001605034
0.001630783
0.001595974
0.001646519
0.001611471
0.001519680
0.001595259
0.001451492
0.001424551
0.001404524
0.001425028
0.001425982
0.001434326
0.001545906
0.001670837
0.001599073
0.001672983
0.001589537
0.001650333
0.001380682
0.001471996
0.001424551
0.001433849
0.001477480
0.001599312
0.001592636
0.001633883
0.001583099
0.001458406
0.001609325
0.001449585
0.001648426
0.001613140
0.001636982
0.001630306
0.001460791
0.001461506
0.001569748
0.001591444
0.001617908
0.001632690
0.001426935
0.001499653
0.001582384
0.001613855
0.001512289
0.001579523
0.001597166
0.001577616
0.001693964
0.001566410
0.001528978
0.001636744
0.001504898
0.001623392
0.001600742
0.001607895
0.001582623
0.001591682
0.001623631
0.001577616
0.001593590
0.001560926
0.001413584
0.001420975
0.001598835
0.001558781
0.001563787
0.001574755
0.001308680
0.001410723
0.001559019
0.001410723
0.001570702
0.001548290
0.001242876
0.001665831
0.001621962
0.001609564
0.001723766
0.001587629
0.001629353
0.001638651
0.001549482
0.001520634
0.001679897
0.001659632
0.001440287
0.001661539
0.001650333
0.001671076
0.001634598
0.001519442
0.001652479
0.001596928
0.001581430
0.001630306
0.001625299
0.001615047
0.001640081
0.001560926
0.001582623
0.001563787
0.001463890
0.001447201
0.001499653
0.001580238
0.001646042
0.001557589
0.001677990
0.001549244
0.001440763
0.001504660
0.001629114
0.001617432
0.001653433
0.001613617
0.001588583
0.001596928
0.001566172
0.001434088
0.001449108
0.001565218
0.001440763
0.001474857
0.001242638
0.001457691
0.001420021
0.001628399
0.001657963
0.001598358
0.001632690
0.001528263
0.001663923
0.001521826
0.001103878
0.001575708
0.001596928
0.003016472
