0.088903666
0.001157045
0.000978470
0.000711203
0.000956297
0.000974417
0.000993729
0.000971079
0.001006126
0.001056910
0.001023054
0.001110077
0.001075983
0.001080990
0.001097202
0.001051426
0.001090050
0.001068354
0.001103163
0.001010180
0.001011133
0.000996113
0.001020432
0.001000881
0.001072884
0.001067877
0.001043797
0.001042843
0.001091957
0.001083374
0.001025677
0.001060486
0.001107931
0.001071453
0.001042843
0.001011610
0.001017094
0.001070738
0.001073122
0.001116991
0.001001120
0.001034021
0.000773907
0.001015902
0.001117229
0.001077890
0.001076698
0.001115561
0.001107931
0.001078367
0.001037836
0.001000404
0.001054287
0.001062870
0.001086473
0.000752449
0.000971079
0.001063824
0.001039505
0.000741959
0.001024961
0.001062870
0.001053095
0.001048088
0.000764847
0.000894547
0.001023531
0.001043797
0.001018763
0.001133680
0.001011610
0.001155615
0.001017094
0.001045227
0.001031160
0.001129866
0.001146317
0.000996113
0.001119375
0.001142979
0.001172304
0.001071930
0.000952005
0.001128912
0.001174927
0.001060724
0.000832796
0.001057148
0.000788689
0.000966311
0.000733614
0.000808001
0.000808001
0.000915051
0.000968695
0.000796795
0.000793695
0.000968933
0.000965118
0.001037359
0.001051903
0.000903845
0.000905514
0.000921011
0.000902891
0.000917196
0.000909567
0.000931740
0.000652552
0.001002789
0.000647783
0.000938416
0.000899792
0.000933886
0.000915051
0.000938416
0.000943899
0.000942469
0.000900269
0.000897408
0.000906467
0.000938177
0.000937223
0.000897408
0.000933886
0.000914335
0.000942469
0.000996351
0.000922680
0.000937223
0.000928164
0.000915289
0.000897408
0.000921488
0.000917435
0.000941992
0.000893116
0.000938416
0.000920296
0.000922680
0.000984669
0.000909805
0.000907660
0.000906229
0.000923395
0.000966072
0.000927210
0.000914574
0.000954151
0.000673294
0.000947714
0.000928164
0.000587940
0.000893831
0.000641823
0.000915051
0.000899315
0.000936508
0.000881433
0.000938892
0.000896931
0.000895500
0.000898361
0.000930786
0.000902891
0.000913382
0.000919104
0.000948906
0.000894785
0.000914812
0.000929832
0.000908136
0.000913858
0.000947952
0.000890970
0.000927687
0.000924110
0.000905991
0.000948191
0.000952005
0.000941992
0.000899553
0.000944376
0.000898361
0.000902414
0.000941992
0.000906229
0.000937939
0.000894547
0.000887394
0.000913858
0.000919342
0.000931501
0.000907183
0.000910997
0.000903368
0.000917673
0.000911713
0.000909090
0.000912189
0.000932455
0.000888824
0.001013279
0.000930548
0.000924587
0.000910521
0.000954390
0.000890732
0.000927210
0.000889540
0.000905752
0.000936747
0.000941753
0.000902653
0.000909090
0.000899792
0.000910997
0.000890493
0.000891209
0.000910759
0.000926971
0.000925779
0.000965834
0.000920296
0.000935793
0.000935555
0.000929832
0.000926018
0.000952482
0.000937939
0.000897646
0.000896454
0.000917673
0.000916004
0.000904322
0.000910759
0.000913620
0.000920773
0.000913620
0.000920773
0.000935555
0.000898838
0.000922918
0.000924826
0.000889301
0.000893116
0.000913382
0.000923157
0.000907660
0.000641584
0.000891685
0.000934839
0.000908136
0.000923395
0.000936747
0.000999689
0.001005888
0.001009703
0.000947237
0.000937939
0.001046896
0.001064062
0.001027346
0.001031399
0.001044273
0.000993490
0.001100540
0.001003265
0.001025200
0.001064062
0.000996828
0.001148462
0.001004219
0.000985146
0.000946522
0.000980854
0.000974417
0.000936747
0.000668049
0.000717402
0.000849247
0.000656366
0.000993729
0.000708342
0.000644445
0.000659227
0.000913143
0.000903606
0.000936747
0.000916243
0.000933647
0.000938416
0.000934124
0.001001596
0.000999689
0.000951290
0.000913858
0.000889540
0.000894308
0.000899076
0.000904083
0.000985384
0.000906467
0.000945568
0.000893354
0.000676870
0.000939131
0.000917673
0.000935316
0.000886917
0.000917196
0.000924826
0.000962734
0.000921011
0.000935793
0.000954866
0.000932217
0.000912905
0.000948191
0.000912428
0.000938177
0.000887632
0.000910997
0.000928164
0.000994444
0.000944853
0.000895500
0.000989914
0.000933409
0.000892878
0.000888586
0.000927925
0.000932455
0.000938177
0.000567675
0.000922680
0.000926971
0.000909328
0.000993729
0.000933409
0.000946045
0.000901461
0.000917912
0.000914335
0.000925541
0.000921011
0.000941992
0.000901461
0.000921726
0.000910759
0.000897646
0.000931501
0.000906706
0.000921011
0.000939846
0.000967741
0.000902891
0.000916719
0.000900030
0.000942469
0.000893831
0.000911713
0.000914574
0.000943661
0.000884771
0.000895977
0.000931263
0.000893354
0.000944853
0.000891447
0.000910997
0.001008272
0.000919819
0.000933886
0.000895500
0.000936270
0.000891209
0.000919342
0.000904322
0.000940323
0.000890732
0.000924826
0.000907660
0.000909328
0.000937462
0.000897884
0.000971794
0.000983238
0.000930309
0.000898361
0.000933409
0.000893116
0.000922441
0.000922680
0.000961304
0.000938416
0.000943422
0.000886440
0.000928640
0.000925064
0.000945330
0.000920057
0.000939131
0.000954628
0.001029491
0.000937223
0.000953913
0.000950098
0.000927687
0.001008749
0.000931263
0.000935793
0.000941038
0.000918865
0.000913620
0.000943899
0.000929356
0.000935555
0.000899315
0.000901222
0.000950575
0.000929356
0.000911713
0.000897169
0.000983715
0.000900745
0.000936508
0.000884533
0.000938177
0.000893593
0.000906229
0.000932455
0.000913620
0.000937700
0.000596762
0.000888824
0.000939608
0.000927925
0.000926971
0.000892401
0.000931263
0.000924349
0.000588894
0.000893831
0.001012325
0.000927925
0.000974655
0.000970840
0.001064301
0.000695705
0.000984907
0.001088142
0.000694990
0.001035929
0.000964880
0.001094341
0.000977039
0.000963449
0.001065493
0.000986814
0.001001835
0.000988960
0.000948429
0.000730753
0.001029491
0.001128197
0.000968456
0.001034260
0.000928879
0.000972986
0.000883818
0.000643969
0.000898838
0.000932932
0.000682592
0.000656843
0.000596523
0.001001120
0.000990629
0.000911713
0.000934362
0.000996351
0.000910759
0.000963688
0.000918627
0.000930071
0.000903368
0.000932932
0.000941515
0.000966787
0.000929832
0.000913858
0.000970840
0.000964880
0.000935078
0.000899792
0.000909328
0.000901937
0.000912905
0.000905514
0.000919342
0.000902891
0.000907421
0.000952244
0.000926018
0.000933409
0.000904560
0.000916243
0.000930309
0.000913858
0.000916481
0.000929356
0.000631332
0.000903368
0.000858307
0.000926256
0.000931978
0.000951767
0.000908852
0.000984669
0.000971317
0.000918388
0.000931978
0.000922203
0.000911474
0.000643969
0.000915289
0.000989914
0.000894070
0.000937700
0.000900269
0.000937700
0.000640392
0.000890732
0.000900269
0.001010656
0.000943661
0.000943184
0.000914335
0.000893593
0.000911236
0.000935316
0.000895977
0.000921965
0.000859261
0.000928402
0.000889778
0.000930309
0.000934839
0.000893593
0.000898600
0.000914574
0.000607491
0.000903368
0.000921488
0.000913382
0.000645638
0.000930786
0.000930309
0.000925779
0.000936270
0.000939369
0.000634193
0.000900269
0.000939608
0.000933409
0.000933170
0.000880718
0.000914574
0.000971794
0.000926018
0.000905991
0.000609875
0.000938416
0.001011372
0.000907898
0.000910759
0.000920296
0.000916958
0.000916004
0.000897169
0.000925064
0.000641823
0.000941515
0.000925779
0.000962257
0.000937462
0.000944138
0.000934839
0.000951767
0.000937939
0.000913382
0.000683784
0.000926018
0.000925541
0.000925779
0.000936985
0.000928164
0.000925064
0.001007080
