0.086384773
0.000708103
0.000677109
0.000591755
0.000857592
0.000866890
0.000788212
0.000650883
0.000650167
0.001061440
0.000647306
0.000873089
0.000792742
0.001363754
0.000752687
0.000931978
0.000694275
0.000591755
0.000620365
0.000586748
0.000622988
0.000725508
0.001316786
0.000894547
0.000656605
0.000589132
0.000896692
0.000952721
0.000908852
0.000870228
0.000860214
0.000875950
0.000889778
0.000878334
0.000872135
0.000848770
0.000855684
0.000879765
0.000919342
0.000874281
0.000870466
0.000903606
0.000903368
0.000901222
0.000889301
0.000926733
0.000904322
0.000903845
0.000881910
0.000896692
0.000902414
0.000896454
0.000926971
0.000952244
0.000936031
0.000940084
0.000945807
0.000935316
0.000918150
0.000944614
0.000947714
0.000900030
0.000921488
0.000929117
0.000869513
0.000932455
0.000940323
0.000932217
0.000935316
0.000935078
0.000936747
0.000931501
0.000945330
0.000946283
0.000930309
0.000930309
0.000931740
0.000939846
0.000929832
0.000938177
0.000933886
0.000935316
0.000941515
0.000925779
0.000885248
0.000922441
0.000942230
0.000926495
0.000915051
0.000916481
0.000936031
0.000903845
0.000828981
0.000926971
0.000870943
0.000945568
0.000925541
0.000921965
0.000899315
0.000939131
0.000959635
0.000854969
0.000854969
0.000812531
0.000799417
0.000801086
0.000807762
0.000807047
0.000804186
0.000808477
0.000819206
0.000801802
0.000849009
0.000849962
0.000850201
0.000805855
0.000802279
0.000844955
0.000857592
0.000843763
0.000799417
0.000800848
0.000831127
0.000873327
0.000827312
0.000862837
0.000828266
0.000842810
0.000885487
0.000892639
0.000853777
0.000844479
0.000813723
0.000799417
0.000842333
0.000795126
0.000804186
0.000808716
0.000794172
0.000799179
0.000797033
0.000800371
0.000771046
0.000801563
0.000798941
0.000797033
0.000797033
0.000815392
0.000789404
0.000808477
0.000817776
0.000801086
0.000841141
0.000846863
0.000844479
0.000853062
0.000849247
0.000850677
0.000868320
0.000852108
0.000797987
0.000806332
0.000806093
0.000803947
0.000790358
0.000798464
0.000800133
0.000800848
0.000800848
0.000789642
0.000799894
0.000796080
0.000832558
0.000804663
0.000795126
0.000801325
0.000799894
0.000804901
0.000805616
0.000809193
0.000807047
0.000807047
0.000795364
0.000807047
0.000523806
0.000592232
0.000527382
0.000499010
0.000495911
0.000819206
0.000767469
0.000856638
0.000842333
0.000859022
0.000855446
0.000802517
0.000842094
0.000843525
0.000849485
0.000803709
0.000801563
0.000798702
0.000797987
0.000796318
0.000842810
0.000845194
0.000854492
0.000808239
0.000799894
0.000800848
0.000791311
0.000800610
0.000790119
0.000804186
0.000813007
0.000804901
0.000799179
0.000855923
0.000806570
0.000851870
0.000844717
0.000846863
0.000864029
0.000848293
0.000805378
0.000801563
0.000850677
0.000845432
0.000853062
0.000810146
0.000803947
0.000801086
0.000730753
0.000807285
0.000812769
0.000798702
0.000808716
0.000797749
0.000860214
0.000853300
0.000846386
0.000846863
0.000853777
0.000844717
0.000787497
0.000796556
0.000475168
0.000830889
0.000811338
0.000802040
0.000851154
0.000801086
0.000810862
0.000802755
0.000796080
0.000826597
0.000480890
0.000819921
0.000767946
0.000821590
0.000807047
0.000808716
0.000811338
0.000861168
0.000853539
0.000860691
0.000476837
0.000856638
0.000859261
0.000862122
0.000872850
0.000856161
0.000854969
0.000849962
0.000850916
0.000786543
0.000466347
0.000859499
0.000853062
0.000803471
0.000804186
0.000791788
0.000792742
0.000794411
0.000795841
0.000803947
0.000481844
0.000801325
0.000796556
0.000811338
0.000804663
0.000797510
0.000893116
0.000858545
0.000801086
0.000804424
0.000484943
0.000799179
0.000783205
0.000790119
0.000802279
0.000831842
0.000821829
0.000783682
0.000875473
0.000883341
0.000500202
0.000889778
0.000812054
0.000783205
0.000793934
0.000784159
0.000784159
0.000786781
0.000798702
0.000791311
0.000479698
0.000803471
0.000809193
0.000805855
0.000799417
0.000798941
0.000845909
0.000853300
0.000857115
0.000848293
0.000557899
0.000842810
0.000819683
0.000827789
0.000873566
0.000846148
0.000844717
0.000816822
0.000849247
0.000855207
0.000516891
0.000853539
0.000864506
0.000849009
0.000846624
0.000854015
0.000848293
0.000854969
0.000846148
0.000819683
0.000512362
0.000827551
0.000852346
0.000861645
0.000854969
0.000844240
0.000877619
0.000863314
0.000860453
0.000850916
0.000550508
0.000854731
0.000848770
0.000847578
0.000864267
0.000847101
0.000852585
0.000852823
0.000850677
0.000849009
0.000709772
0.000854492
0.000848055
0.000854015
0.000859261
0.000853539
0.000845432
0.000864744
0.000846863
0.000856161
0.000908375
0.000849247
0.000853777
0.000852585
0.000854731
0.000850201
0.000915527
0.000863075
0.000819683
0.000847578
0.000851154
0.000825882
0.000851631
0.000853062
0.000829697
0.000847101
0.000848532
0.000829935
0.000839472
0.000850201
0.000822067
0.000846863
0.000892162
0.000859737
0.000856161
0.000846624
0.000833988
0.000848055
0.000845194
0.000847578
0.000854254
0.000851870
0.000819683
0.000827551
0.000826597
0.000868559
0.000863791
0.000853300
0.000799656
0.000850916
0.000802517
0.000852585
0.000863314
0.000847578
0.000858784
0.000843525
0.000799894
0.000808954
0.000814676
0.000803709
0.000797987
0.000796318
0.000790834
0.000488758
0.000806808
0.000822306
0.000809669
0.000840187
0.000818729
0.000806808
0.000810146
0.000810385
0.000797749
0.000812292
0.000801086
0.000799894
0.000906229
0.000838995
0.000852108
0.000858068
0.000849962
0.000845909
0.000838995
0.000841379
0.000849962
0.000849247
0.000843763
0.000851393
0.000838995
0.000851631
0.000838280
0.000849724
0.000855684
0.000858545
0.000842333
0.000850201
0.000858545
0.000854015
0.000836611
0.000850916
0.000854015
0.000844240
0.000856400
0.000844479
0.000860453
0.000838757
0.000855446
0.000845671
0.000839233
0.000849485
0.000843763
0.000853300
0.000850201
0.000883579
0.000895977
0.000844717
0.000875711
0.000885010
0.000875473
0.000874758
0.000868797
0.000896931
0.000845432
0.000845194
0.000817776
0.000843525
0.000844479
0.000855923
0.000839949
0.000852108
0.000851870
0.000846386
0.000852823
0.000851154
0.000850677
0.000847101
0.000884295
0.000849009
0.000838995
0.000853539
0.000839233
0.000846863
0.000842094
0.000845194
0.000864029
0.000833988
0.000818729
0.000871658
0.000844955
0.000842810
0.000847578
0.000850201
0.000852823
0.000840902
0.000856161
0.000846148
0.000858784
0.000841856
0.000837564
0.000863791
0.000843048
0.000836849
0.000847578
0.000842571
0.000848532
0.000843763
0.000873566
0.000863791
0.000846863
0.000854015
0.000836372
0.000839949
0.000855207
0.000849247
0.000847340
0.000853300
0.000839949
0.000846624
0.000834465
0.000846863
0.000840902
0.000849485
0.000844717
0.000864506
0.000857830
0.000859737
0.000840664
0.000854015
0.000839949
0.000845671
0.000859499
0.000858784
0.000852108
0.000856876
0.000854969
0.000847340
0.000915289
0.000849485
0.000845432
0.000848770
0.000844479
0.000842571
0.000855207
0.000859261
0.000849247
0.000853300
0.000856876
0.000861168
0.000844955
0.000839949
0.000857353
0.000844955
0.000841379
0.000855207
0.000853062
0.000848055
0.000864506
0.000856638
0.000857830
0.000838280
0.000841856
0.000842571
0.000850439
0.000840187
0.000848532
0.000854254
0.000947475
0.000803471
0.000804186
0.000870228
0.000813484
0.000858784
0.000805378
0.000885725
