0.094092846
0.001363754
0.001785994
0.001714468
0.001732588
0.001762867
0.001708031
0.001521349
0.001773357
0.001946449
0.001834631
0.001622677
0.001751661
0.001448154
0.001628876
0.001465082
0.001811504
0.001747847
0.001411438
0.001777649
0.001708508
0.001562357
0.001748562
0.001737356
0.001800060
0.001722097
0.001770735
0.001821756
0.001782417
0.001776934
0.001786232
0.001761913
0.001606703
0.001607895
0.001858950
0.001747370
0.001779556
0.001859903
0.001512766
0.001770258
0.001738310
0.001616716
0.001599789
0.001758099
0.001801252
0.001812220
0.001847506
0.001811504
0.001796007
0.001629829
0.001776218
0.001766920
0.001782417
0.001738071
0.001910925
0.001834869
0.001832724
0.001780748
0.001581669
0.001836061
0.001742601
0.001806498
0.001945496
0.001796007
0.001955748
0.001465321
0.001677036
0.001666307
0.001810789
0.001843691
0.001868725
0.001514196
0.001511574
0.001721621
0.001385689
0.001689911
0.001678228
0.001544237
0.001501322
0.001687050
0.001513243
0.001187086
0.001744032
0.001755238
0.001648426
0.001718521
0.001770973
0.001557112
0.001555443
0.001754045
0.001871586
0.001711845
0.001660585
0.001739740
0.001652002
0.001752853
0.001704454
0.001743793
0.001729488
0.001797438
0.001819134
0.001745939
0.001747847
0.001779556
0.001663208
0.001770496
0.001618862
0.001585960
0.001482964
0.001488686
0.001809597
0.001775265
0.001707792
0.001709461
0.001744509
0.001724720
0.001746416
0.001707792
0.001752615
0.001781702
0.001723766
0.001713037
0.001679659
0.001776457
0.001749992
0.001744509
0.001677036
0.001758575
0.001749516
0.001715899
0.001764774
0.001760960
0.001762867
0.001533508
0.001730919
0.001407146
0.001750946
0.001763105
0.001785278
0.001655340
0.001739979
0.001675844
0.001733780
0.001701593
0.001775980
0.001786470
0.001712799
0.001699448
0.001535892
0.001744270
0.001643419
0.001722574
0.001862288
0.001712561
0.001710892
0.001807928
0.001728296
0.001692295
0.001739025
0.001772404
0.001754999
0.001644850
0.001718044
0.001736403
0.001560211
0.001736403
0.001732826
0.001712799
0.001721859
0.001733065
0.001530409
0.001680374
0.001713991
0.001763344
0.001821995
0.001727343
0.001562834
0.001594543
0.001721621
0.001770735
0.001714230
0.001735210
0.001785994
0.001546383
0.001368284
0.001598358
0.001535416
0.001662254
0.001777411
0.001689196
0.001698256
0.001627445
0.001520157
0.001776934
0.001715899
0.001692057
0.001732588
0.001726151
0.001706600
0.001546860
0.001805544
0.001798868
0.001720190
0.001688480
0.001810312
0.001728058
0.001745701
0.001772881
0.001754522
0.001718283
0.001642704
0.001562834
0.001712084
0.001661062
0.001707554
0.001505136
0.001741886
0.001739025
0.001847506
0.001641512
0.001683950
0.001552582
0.001744509
0.001739264
0.001721144
0.001717567
0.001697540
0.001734018
0.001805782
0.001764536
0.001789093
0.001664162
0.001756191
0.001710415
0.001740217
0.001732349
0.001597166
0.001684904
0.001764774
0.001717567
0.001773834
0.001854181
0.001794338
0.001877308
0.001852274
0.001756907
0.001919985
0.001853704
0.001748562
0.001825333
0.001868725
0.001794100
0.001809359
0.001712322
0.001792669
0.001910448
0.001711845
0.001716137
0.001641750
0.001449585
0.001493931
0.001918793
0.001631260
0.001886845
0.001524210
0.001779556
0.001480818
0.001680136
0.001570225
0.001620770
0.001636505
0.001491308
0.001384974
0.001380205
0.001396656
0.001646519
0.001420259
0.001767874
0.001800537
0.001740932
0.001675367
0.001712322
0.001684189
0.001746655
0.001749516
0.001741171
0.001736403
0.001730442
0.001769304
0.001683950
0.001753569
0.001706600
0.001751423
0.001714706
0.001772881
0.001725674
0.001585007
0.001705885
0.001771927
0.001536131
0.001735926
0.001691580
0.001735687
0.001725674
0.001698017
0.001716614
0.001691580
0.001755714
0.001758099
0.001754761
0.001723289
0.001354933
0.001704454
0.001509666
0.001735687
0.001539946
0.001785755
0.001771927
0.001777172
0.001717329
0.001682758
0.001727819
0.001679420
0.001627684
0.001677275
0.001718998
0.001727819
0.001791716
0.001658916
0.001734495
0.001655102
0.001516342
0.001715660
0.001710415
0.001783848
0.001725435
0.001753807
0.001785040
0.001660109
0.001782417
0.001776934
0.001779795
0.001542807
0.001514673
0.001847029
0.001733303
0.001755714
0.001542568
0.001751900
0.001784563
0.001840591
0.001775026
0.001775742
0.001747370
0.001763582
0.001725197
0.001771927
0.001798868
0.001764059
0.001726866
0.001770735
0.001755953
0.001775026
0.001762152
0.001599312
0.001724005
0.001738787
0.001610518
0.001758337
0.001749277
0.001730442
0.001827478
0.001764774
0.001745224
0.001771450
0.001786709
0.001705170
0.001744270
0.001751900
0.001661539
0.001716137
0.001699686
0.001769066
0.001761675
0.001739502
0.001554966
0.001761913
0.001659393
0.001658440
0.001682758
0.001878023
0.001740456
0.001755714
0.001778364
0.001765013
0.001570463
0.001760483
0.001692533
0.001734257
0.001705170
0.001736164
0.001746893
0.001739025
0.001719952
0.001678944
0.001640320
0.001540422
0.001775980
0.001717329
0.001813412
0.001774549
0.001678467
0.001733065
0.001711845
0.001721144
0.001742363
0.001526594
0.001689911
0.001713753
0.001747370
0.001784801
0.001664400
0.001742125
0.001805067
0.001658440
0.001705170
0.001800537
0.001711845
0.001739264
0.001724005
0.001828194
0.001826286
0.001712561
0.001557350
0.001788616
0.001818657
0.001766443
0.001724482
0.001792431
0.001850843
0.001987934
0.001749992
0.001778364
0.001881361
0.001821756
0.001767159
0.001710415
0.001714468
0.001772165
0.001550436
0.001546621
0.001696348
0.001676798
0.001469612
0.001776457
0.001620293
0.001527309
0.001366138
0.001695156
0.001410007
0.001379251
0.001696110
0.001697063
0.001732349
0.001692533
0.001709700
0.001570702
0.001682520
0.001677990
0.001377344
0.001367331
0.001352787
0.001745701
0.001723766
0.001695395
0.001783133
0.001554012
0.001630068
0.001618862
0.001765251
0.001747370
0.001686573
0.001645088
0.001697540
0.001698017
0.001815796
0.001788378
0.001786947
0.001756430
0.001770020
0.001686811
0.001637697
0.001706600
0.001739740
0.001744032
0.001722336
0.001682997
0.001788616
0.001642942
0.001732588
0.001634598
0.001570463
0.001654387
0.001656771
0.001600027
0.001617670
0.001711369
0.001724720
0.001778364
0.001650333
0.001472950
0.001775742
0.001743793
0.001757622
0.001677275
0.001841545
0.001657486
0.001761198
0.001773834
0.001734972
0.001722336
0.001768589
0.001754284
0.001736641
0.001808882
0.001749039
0.001548290
0.001534224
0.001732349
0.001740456
0.001788616
0.001754999
0.001601696
0.001717091
0.001696348
0.001740932
0.001716614
0.001737595
0.001722336
0.001552582
0.001772165
0.001593351
0.001533747
0.001751184
0.001784563
0.001587868
0.001793623
0.001784563
0.001741886
0.001661062
0.001805544
0.001752377
0.001752138
0.001715899
0.001736879
0.001755476
0.001361847
0.001714230
0.001791000
0.001727819
0.001699924
0.001711130
0.001703978
0.001658201
0.001738787
0.001744509
0.001373768
0.001746655
0.001787424
0.001782179
0.001714945
0.001767635
0.001636744
0.001785755
0.001753092
0.001765728
0.001182556
0.001754999
0.001706123
0.001762152
0.001796961
0.001800299
0.001724482
0.001806974
0.001695395
0.001726151
0.001411438
0.001786232
0.001777172
0.001742125
0.001717806
0.001743317
0.001751900
0.001652479
0.001575470
0.001730442
0.001384974
0.001722574
0.001708031
0.001742363
