0.084204435
0.002682686
0.002439022
0.002395630
0.002355099
0.002515793
0.002274513
0.002330780
0.002445936
0.002727270
0.002256632
0.002471685
0.002114534
0.002134562
0.002201080
0.002009392
0.002055645
0.001950979
0.001897335
0.001739264
0.002212763
0.001865149
0.002130508
0.002099514
0.001944542
0.002193213
0.002210855
0.002025366
0.002255917
0.002233267
0.001862764
0.002015114
0.002275467
0.002272844
0.001858950
0.002147198
0.002123356
0.002143145
0.002169132
0.002124071
0.002138615
0.002319336
0.002266645
0.002289295
0.001880169
0.001721621
0.002054214
0.002240896
0.002066851
0.002159834
0.002192020
0.001768112
0.002219439
0.002197504
0.002157927
0.002151728
0.002228260
0.001944780
0.001947880
0.002221823
0.002300262
0.002112389
0.002256870
0.001836538
0.002273560
0.002211571
0.001936436
0.001912117
0.002227068
0.001935720
0.001955032
0.001990795
0.001839161
0.001854420
0.001863718
0.001750469
0.002157688
0.002167940
0.002128363
0.002125502
0.002118587
0.002302170
0.002319336
0.002255917
0.002302408
0.002082586
0.002175570
0.001767397
0.002305984
0.002231598
0.002103806
0.002205133
0.002079248
0.001725197
0.002270222
0.002251863
0.002313137
0.002186537
0.002342463
0.001782179
0.002327204
0.002134800
0.002079010
0.002053976
0.002276659
0.002304554
0.002277851
0.002214909
0.002239943
0.002159834
0.002325296
0.001941204
0.002163649
0.002156258
0.002286911
0.002121449
0.002153873
0.002126694
0.001823425
0.002240896
0.002234697
0.002242088
0.002256155
0.002073765
0.002328157
0.002240658
0.002276897
0.002151728
0.002264500
0.002114773
0.002190828
0.001942396
0.001756907
0.002252340
0.002312422
0.002273321
0.002029419
0.002133846
0.001963854
0.001869678
0.002170801
0.002203465
0.002148151
0.002135277
0.001808405
0.002290726
0.002264977
0.001869202
0.002305746
0.002137423
0.002162695
0.002246857
0.002101183
0.002002954
0.002200127
0.002125502
0.002130270
0.001940250
0.002033234
0.002124548
0.002262115
0.002305746
0.002207994
0.002225876
0.002207994
0.002209902
0.002295732
0.002341747
0.002309084
0.001912594
0.002189398
0.002282619
0.002110481
0.002233028
0.002059221
0.001707792
0.002380848
0.002083063
0.002139091
0.002211809
0.002197504
0.002185345
0.002187490
0.002073526
0.002150536
0.002003431
0.001966238
0.002405167
0.002496243
0.002290726
0.002672434
0.002356768
0.002213001
0.002359390
0.002465487
0.002659798
0.002371311
0.001970530
0.002241135
0.002439499
0.002282381
0.002290964
0.002175570
0.001734257
0.002260447
0.002182722
0.001817226
0.001801014
0.001783371
0.001940012
0.001973867
0.001837492
0.001757622
0.001826048
0.002143383
0.002080917
0.002223015
0.002269030
0.002200365
0.002234459
0.002323866
0.002315998
0.002165794
0.002209902
0.002202749
0.002254009
0.002219915
0.001817703
0.002090216
0.002249718
0.001904488
0.002095222
0.002109051
0.001992702
0.002199411
0.002173901
0.002306938
0.001986504
0.002203465
0.002117634
0.002309084
0.002325058
0.001914024
0.002248049
0.001840591
0.002303362
0.002279282
0.001786232
0.001893282
0.002323389
0.002297163
0.002282858
0.002065897
0.002089500
0.002224207
0.002254009
0.002068758
0.002214193
0.002287388
0.002080917
0.002048969
0.002124548
0.002109528
0.002219439
0.002291203
0.002313137
0.001942635
0.001869202
0.002217293
0.002212286
0.002240658
0.002328396
0.002272367
0.002160549
0.002191544
0.002273798
0.002294779
0.001960039
0.001826525
0.001879930
0.002340317
0.002330780
0.002264738
0.002196550
0.002156258
0.002232075
0.002306700
0.001830816
0.002158642
0.002163410
0.002254248
0.002257109
0.002216816
0.002221107
0.002264977
0.002118349
0.001906872
0.002223730
0.002179146
0.002194881
0.002182007
0.001985550
0.002216578
0.002192497
0.002268314
0.002245665
0.002226830
0.002195358
0.002203465
0.002253056
0.002243280
0.002210617
0.002063274
0.002089500
0.002012730
0.002119303
0.002190113
0.002021074
0.001925707
0.002016306
0.002274036
0.002277851
0.002292633
0.002281427
0.002324581
0.002292871
0.002285004
0.002231598
0.002279043
0.002227306
0.002304316
0.002257824
0.002326488
0.002150297
0.002119780
0.002290964
0.001858473
0.002200127
0.002108335
0.002115488
0.002162218
0.002298594
0.002202034
0.002153158
0.002159834
0.002205372
0.002220154
0.002256393
0.002323389
0.002299309
0.002237797
0.002195835
0.002308130
0.002245903
0.002465248
0.002382994
0.002432346
0.002348423
0.002120018
0.002378225
0.002408028
0.002331257
0.002431631
0.002102613
0.002144814
0.001871586
0.001792908
0.002334118
0.002328396
0.002076626
0.001920938
0.001689911
0.002075195
0.001754761
0.002052546
0.001881838
0.002222538
0.002222776
0.002171755
0.002192736
0.002251148
0.002140522
0.002275467
0.002278090
0.002025604
0.002271414
0.001986742
0.002259254
0.002247572
0.002267361
0.002156973
0.001706362
0.002091646
0.002253294
0.002227783
0.002199888
0.002182007
0.001810074
0.002198458
0.002238274
0.002214670
0.002187967
0.002190351
0.002192259
0.002253532
0.002239943
0.002270460
0.002253771
0.002260685
0.002277136
0.002217770
0.002274513
0.002202988
0.002198935
0.002240658
0.002250433
0.002236128
0.002191067
0.002224922
0.002260447
0.002225876
0.002238274
0.002265930
0.002203703
0.002237082
0.002060890
0.002286196
0.002240896
0.002256155
0.002214909
0.002262831
0.002177715
0.002235413
0.002256870
0.001926184
0.002233267
0.002192020
0.002141714
0.002237797
0.002321482
0.002197027
0.002252340
0.002137661
0.002117395
0.002159834
0.002046347
0.002211571
0.002286434
0.002087355
0.002067804
0.002206802
0.002177954
0.002090454
0.002034903
0.002033234
0.002227306
0.002165318
0.002283096
0.002213955
0.002134800
0.002134800
0.002212286
0.001864433
0.002104521
0.002278090
0.002266884
0.002264261
0.002286911
0.002268553
0.002069712
0.001984119
0.002166271
0.002125025
0.002157688
0.002323151
0.002234459
0.002290010
0.002171516
0.002203226
0.002340794
0.002275944
0.002258778
0.001982212
0.001964092
0.002245665
0.002269268
0.002053261
0.002179861
0.001989841
0.002090454
0.002309084
0.002254248
0.001956701
0.002035379
0.002129316
0.002246380
0.002101183
0.002091408
0.002121210
0.002119303
0.002214670
0.002180099
0.002260685
0.002240658
0.002185106
0.002045155
0.001932859
0.002054214
0.002369404
0.002177954
0.002205849
0.002248764
0.002183437
0.002280474
0.002238035
0.002212286
0.002163887
0.002296448
0.002299070
0.002204895
0.002384901
0.002321243
0.002314091
0.002247810
0.002335310
0.002333164
0.002249002
0.002197266
0.002083778
0.002340317
0.002349138
0.001978397
0.002175331
0.002103567
0.002282619
0.002136707
0.002066851
0.002159595
0.002149343
0.002321720
0.002282619
0.002218723
0.002213001
0.002220392
0.002213478
0.002278328
0.002331734
0.002350330
0.002283335
0.002273083
0.002261400
0.002211571
0.002335310
0.002235889
0.002410412
0.002216816
0.002311707
0.002049208
0.001691103
0.001962662
0.002225637
0.002196074
0.001976728
0.002288103
0.001936197
0.002095699
0.001955032
0.001987934
0.002310276
0.002379179
0.002321720
0.001922131
0.001884937
0.002128363
0.002022505
0.001929283
0.002284050
0.001896858
0.002158165
0.001861572
0.001847267
0.002188921
0.001914501
0.001829386
0.002022982
0.002200842
0.002171993
0.002265930
0.002182245
0.002145767
0.002127409
0.002130985
0.001986742
0.002147198
0.002114296
0.002125978
0.002116680
0.002110481
0.002218008
0.003692389
