0.096764565
0.000769615
0.000638723
0.000669003
0.000689030
0.000665903
0.000665903
0.000669718
0.000666380
0.000671387
0.000689983
0.000674963
0.000663280
0.000657082
0.000656605
0.000662804
0.000694513
0.000661850
0.000674725
0.000772476
0.000658035
0.000705004
0.000686169
0.000664949
0.000663996
0.000663280
0.000681400
0.000661612
0.000690699
0.000713825
0.000666618
0.000671625
0.000665903
0.000671864
0.000673532
0.000664234
0.000658989
0.000663042
0.000668287
0.000700235
0.000695229
0.000686884
0.000682592
0.000698566
0.000688076
0.000690937
0.000728846
0.000714302
0.000704765
0.000728130
0.000703573
0.000712395
0.000675678
0.000681639
0.000671864
0.000677586
0.000669003
0.000688553
0.000679016
0.000805140
0.000653505
0.000630140
0.000667810
0.000659943
0.000673294
0.000671864
0.000659704
0.000671625
0.000668764
0.000688553
0.000702858
0.000667572
0.000672817
0.000683546
0.000672340
0.000682354
0.000677824
0.000656366
0.000664234
0.000670195
0.000653744
0.000657558
0.000694036
0.000657320
0.000669956
0.000673532
0.000664473
0.000651121
0.000681639
0.000715017
0.000668526
0.000646114
0.000661612
0.000784636
0.000683546
0.000656605
0.000657320
0.000662565
0.000644922
0.000713110
0.000740290
0.000602961
0.000593424
0.000596762
0.000593662
0.000648499
0.000613213
0.000591755
0.000591040
0.000717163
0.000550032
0.000600338
0.000598669
0.000593901
0.000593424
0.000601053
0.000596523
0.000593424
0.000590324
0.000614882
0.000597477
0.000560999
0.000602722
0.000580788
0.000592470
0.000599146
0.000597715
0.000584364
0.000598669
0.000577688
0.000554800
0.000541925
0.000543118
0.000541687
0.000547409
0.000541210
0.000544071
0.000555754
0.000541210
0.000576735
0.000545025
0.000545740
0.000547409
0.000546455
0.000545740
0.000606060
0.000599146
0.000595570
0.000552177
0.000622511
0.000595570
0.000589609
0.000598669
0.000604153
0.000599384
0.000599146
0.000581741
0.000594616
0.000596046
0.000577688
0.000570536
0.000590563
0.000583649
0.000597000
0.000594139
0.000595093
0.000601292
0.000601053
0.000593424
0.000566244
0.000584126
0.000600100
0.000590563
0.000544786
0.000540733
0.000543118
0.000546217
0.000605106
0.000593424
0.000588655
0.000461578
0.000588179
0.000587463
0.000598669
0.000580072
0.000603199
0.000590086
0.000599384
0.000584364
0.000638008
0.000595570
0.000551939
0.000591278
0.000591278
0.000600100
0.000543594
0.000544786
0.000540733
0.000547409
0.000597477
0.000547647
0.000548363
0.000549793
0.000555992
0.000527859
0.000546455
0.000549316
0.000552416
0.000542402
0.000566006
0.000554085
0.000540972
0.000536919
0.000550508
0.000537634
0.000530958
0.000541210
0.000540733
0.000592470
0.000577450
0.000549555
0.000550508
0.000533342
0.000542641
0.000536919
0.000542402
0.000577450
0.000573397
0.000560522
0.000602722
0.000576496
0.000572920
0.000540495
0.000540972
0.000549793
0.000545263
0.000541449
0.000555038
0.000542879
0.000560284
0.000544548
0.000542879
0.000549078
0.000537395
0.000535488
0.000554800
0.000538349
0.000555277
0.000537157
0.000576496
0.000541687
0.000545502
0.000536442
0.000540972
0.000548601
0.000543594
0.000534534
0.000543833
0.000555754
0.000562906
0.000540018
0.000554085
0.000540733
0.000545740
0.000545263
0.000543833
0.000535727
0.000601530
0.000595808
0.000626802
0.000617504
0.000609636
0.000595093
0.000602007
0.000589371
0.000603914
0.000596762
0.000606060
0.000595570
0.000624418
0.000598192
0.000602722
0.000585318
0.000595808
0.000587463
0.000583887
0.000602722
0.000593662
0.000596523
0.000610352
0.000601053
0.000604868
0.000592947
0.000593662
0.000597954
0.000602722
0.000591993
0.000592470
0.000594616
0.000624180
0.000591993
0.000600576
0.000594616
0.000585556
0.000595570
0.000552177
0.000603914
0.000599623
0.000597954
0.000624418
0.000546932
0.000553608
0.000534773
0.000544786
0.000551224
0.000534534
0.000539064
0.000555038
0.000595808
0.000630617
0.000596523
0.000590324
0.000601292
0.000596762
0.000591755
0.000590801
0.000598431
0.000602245
0.000599623
0.000611305
0.000605106
0.000591755
0.000583649
0.000601530
0.000589371
0.000601292
0.000588894
0.000589609
0.000603914
0.000619650
0.000592232
0.000599146
0.000589848
0.000592947
0.000591278
0.000590324
0.000607729
0.000591278
0.000596762
0.000592232
0.000387430
0.000550032
0.000540018
0.000545025
0.000541925
0.000543118
0.000542402
0.000548601
0.000559807
0.000613689
0.000389099
0.000550032
0.000552177
0.000540495
0.000536680
0.000553846
0.000545025
0.000557184
0.000598431
0.000622511
0.000443697
0.000593662
0.000587225
0.000602961
0.000589132
0.000539541
0.000528097
0.000534534
0.000552416
0.000582457
0.000540972
0.000557661
0.000547409
0.000542879
0.000540733
0.000544548
0.000546694
0.000548363
0.000532389
0.000572920
0.000550270
0.000541210
0.000538588
0.000547171
0.000350475
0.000587940
0.000596285
0.000586033
0.000591040
0.000571728
0.000544310
0.000554085
0.000536919
0.000543594
0.000529528
0.000540733
0.000599146
0.000611544
0.000638008
0.000651360
0.000460863
0.000628948
0.000595093
0.000602007
0.000595093
0.000606537
0.000589371
0.000599384
0.000587463
0.000620842
0.000589609
0.000601053
0.000602484
0.000598431
0.000584602
0.000589132
0.000596285
0.000609636
0.000596762
0.000569582
0.000385761
0.000544548
0.000541925
0.000546217
0.000540495
0.000543594
0.000544786
0.000546455
0.000541925
0.000611544
0.000430107
0.000540972
0.000550032
0.000535965
0.000541687
0.000539541
0.000536203
0.000555277
0.000529528
0.000624418
0.000429869
0.000602007
0.000584364
0.000545025
0.000540733
0.000555277
0.000546455
0.000553608
0.000539303
0.000613213
0.000584602
0.000596523
0.000604391
0.000598907
0.000579596
0.000590563
0.000596762
0.000594854
0.000586510
0.000614882
0.000595331
0.000550032
0.000541449
0.000539064
0.000548840
0.000553370
0.000541687
0.000548363
0.000599623
0.000642776
0.000428677
0.000590086
0.000552177
0.000549316
0.000536442
0.000554085
0.000539780
0.000545979
0.000538588
0.000570059
0.000547886
0.000548840
0.000541925
0.000549316
0.000539780
0.000544548
0.000544310
0.000549316
0.000531435
0.000576496
0.000383615
0.000545263
0.000547647
0.000544071
0.000538349
0.000545740
0.000551462
0.000548601
0.000544071
0.000564337
0.000392914
0.000522614
0.000539541
0.000549555
0.000577211
0.000603676
0.000604153
0.000591516
0.000599384
0.000621796
0.000437260
0.000599146
0.000595808
0.000592470
0.000602007
0.000584126
0.000600338
0.000593424
0.000590086
0.000621557
0.000371218
0.000595093
0.000593662
0.000604153
0.000598192
0.000593662
0.000585556
0.000599861
0.000598431
0.000605106
0.000366211
0.000588179
0.000590324
0.000589848
0.000535727
0.000554800
0.000545263
0.000545979
0.000591516
0.000623941
0.000360727
0.000598192
0.000602245
0.000595570
0.000613213
0.000595331
0.000541449
0.000543118
0.000599384
0.000564337
0.000372648
0.000547171
0.000547171
0.000546694
0.000550032
0.000592709
0.000602722
0.000607491
0.000591278
0.000688076
0.000473976
0.000607252
0.000594616
0.000605345
0.000532389
0.000574112
0.000541687
0.000549555
0.000540257
0.000612259
0.000582695
0.000606298
0.000585318
0.000609159
0.000594378
0.000592947
0.000620127
0.000621796
0.000613451
0.000609875
0.000618458
0.000629902
0.000588417
0.000589848
0.000599623
0.000589848
0.000592947
0.000586033
0.000607967
0.000602007
