0.097393990
0.001081944
0.001281500
0.001263618
0.001303196
0.001232386
0.001241207
0.001252890
0.001231909
0.000962734
0.001283169
0.001236200
0.001224041
0.001241446
0.001230478
0.001221180
0.001258850
0.001227856
0.001235247
0.001224518
0.001259565
0.001246691
0.001282692
0.001271009
0.001239777
0.001267910
0.001297712
0.001245975
0.001154661
0.000972509
0.001237869
0.001127005
0.001268387
0.001269341
0.001023769
0.001000881
0.001219988
0.001022577
0.001229048
0.001259327
0.001311779
0.001394749
0.001391411
0.001255274
0.001259089
0.001291752
0.001271486
0.001273155
0.001280546
0.001282454
0.001287699
0.000988007
0.001070976
0.001264811
0.001063824
0.000985622
0.000953674
0.000987053
0.000878334
0.001273155
0.000962973
0.001292229
0.000966787
0.000986814
0.000935793
0.001012087
0.001339436
0.001505375
0.001333237
0.001090765
0.001121521
0.001341343
0.001105309
0.001177549
0.001011372
0.001410484
0.001057625
0.001420736
0.001106024
0.001323462
0.001228571
0.001313448
0.000979424
0.001089811
0.001081705
0.001328945
0.001326561
0.000982523
0.001319170
0.001305819
0.000981331
0.001002073
0.000971079
0.001053333
0.000945330
0.000933886
0.001837015
0.000885010
0.001205206
0.001002312
0.001025200
0.000917196
0.001072884
0.001208544
0.001200438
0.001330137
0.001178980
0.001139164
0.000910044
0.002123594
0.000876665
0.001605749
0.001246691
0.001040220
0.000897646
0.000913382
0.000927210
0.000867844
0.000894547
0.000882149
0.000879526
0.001348734
0.001195431
0.001201153
0.001181364
0.001186609
0.001198530
0.000868559
0.001192570
0.001199245
0.001174927
0.001019478
0.001195669
0.001187325
0.001175880
0.001216412
0.001176596
0.000888348
0.001217604
0.001174212
0.001212835
0.001180649
0.001169205
0.001185417
0.001189947
0.001165867
0.001165390
0.001155376
0.001169682
0.001213074
0.001219034
0.001204729
0.001212358
0.001200199
0.001195431
0.001212597
0.001181841
0.001193047
0.001182079
0.001194477
0.001189470
0.001201868
0.001176596
0.001176119
0.001172543
0.001161337
0.001207352
0.001172781
0.001216650
0.001165390
0.001199961
0.001201868
0.001220226
0.001184464
0.001159668
0.001166582
0.001145363
0.001201391
0.001183987
0.001221418
0.001190662
0.001202822
0.001174212
0.001203775
0.001187563
0.001195431
0.001211643
0.001192093
0.001196623
0.001158476
0.001153469
0.001160383
0.001198292
0.001211405
0.001193762
0.001182795
0.001203537
0.001184464
0.000882626
0.001202822
0.001136780
0.001182079
0.001162767
0.001218557
0.001182556
0.001163721
0.001193285
0.001173496
0.001204491
0.001167059
0.001167774
0.001194477
0.001157522
0.001164436
0.001177788
0.001210451
0.001207590
0.001157761
0.001187801
0.001194239
0.001189709
0.001218557
0.001235485
0.001200438
0.001249075
0.001225471
0.001215458
0.001215219
0.001252651
0.001211643
0.001266956
0.001170874
0.001189709
0.001170635
0.001210213
0.001221895
0.001193762
0.001179934
0.001174927
0.001173973
0.001174450
0.001203537
0.001170635
0.001163244
0.001181602
0.001221657
0.001180649
0.001171589
0.001179934
0.001207590
0.001274347
0.001240492
0.001328707
0.001251936
0.001178265
0.001233578
0.001251221
0.001226187
0.001236200
0.001281261
0.001298904
0.001364470
0.001233816
0.001222610
0.001269579
0.001095295
0.001326799
0.001012564
0.001180887
0.001269579
0.001164675
0.001046658
0.001185656
0.000925541
0.001065254
0.000900030
0.000891924
0.000887394
0.000915527
0.001183033
0.000901937
0.001207113
0.001178741
0.001188993
0.001197577
0.000845194
0.001197338
0.001216650
0.001210451
0.001202345
0.001169920
0.001227856
0.001184464
0.001208305
0.001194954
0.001199245
0.001199722
0.001192331
0.001203537
0.001238346
0.001178026
0.001174927
0.001203537
0.001203060
0.000878572
0.001199722
0.001196384
0.001188755
0.001228809
0.001201153
0.001211405
0.001124859
0.001168251
0.001214743
0.001208782
0.001200914
0.001206875
0.001198769
0.001192093
0.001209974
0.001233339
0.001178741
0.000849247
0.001193047
0.001214981
0.001219749
0.001192331
0.001198530
0.001216888
0.001198053
0.001212358
0.001218081
0.001212835
0.001183987
0.001164675
0.001164913
0.001222610
0.000923872
0.001223326
0.001205444
0.001220942
0.001172781
0.000916481
0.001183510
0.001163721
0.001199961
0.001205921
0.001201391
0.001165390
0.001202822
0.001198530
0.001182079
0.001209021
0.001210690
0.001183033
0.001196861
0.001228094
0.001184940
0.001168251
0.001210451
0.001181126
0.001169443
0.001194477
0.001173019
0.001171350
0.001204729
0.001208305
0.001230240
0.001214027
0.001192093
0.001203060
0.001216650
0.001192331
0.001218557
0.001200199
0.001226664
0.001202345
0.001158714
0.001191139
0.001194239
0.001189947
0.001218081
0.001189947
0.001191854
0.001206875
0.001180887
0.001219034
0.001184464
0.001222849
0.001215219
0.001216412
0.001179457
0.001193762
0.001226664
0.001207590
0.001194954
0.001206875
0.001201630
0.001173019
0.001222134
0.001219273
0.001196623
0.001233101
0.001209497
0.001225471
0.001216650
0.001209021
0.001206875
0.001197577
0.001219273
0.001227617
0.001232862
0.001217365
0.001199007
0.001173019
0.001186609
0.001201630
0.001220226
0.001207590
0.001204967
0.001227140
0.001213074
0.001162529
0.001184464
0.001192093
0.001208782
0.001167297
0.001194239
0.001171112
0.001199961
0.001131773
0.001200199
0.001214504
0.001192570
0.001265764
0.001253843
0.001175404
0.001206160
0.001230955
0.001245022
0.001257181
0.001223326
0.001181602
0.001276731
0.001248598
0.001271725
0.001265764
0.000902891
0.001266956
0.001329899
0.001316547
0.001219988
0.001325369
0.001146317
0.001015186
0.001344919
0.001361847
0.001083374
0.001306295
0.000927448
0.001192808
0.000917196
0.000959396
0.001311779
0.001179934
0.001272202
0.001206875
0.000858545
0.000890017
0.001173019
0.001169920
0.001182079
0.001162052
0.001172543
0.001194715
0.001187086
0.001190424
0.001197100
0.001215219
0.001198530
0.001186371
0.001188040
0.001175880
0.001188993
0.001173496
0.000889778
0.001228333
0.001210928
0.001157284
0.001157522
0.001167059
0.001174450
0.001163006
0.001209021
0.001187086
0.001199722
0.001209259
0.001212597
0.000867844
0.001198769
0.001197338
0.001181364
0.001199484
0.000872135
0.001200914
0.001188278
0.001203060
0.000845432
0.001197815
0.001209497
0.001191378
0.001198769
0.001216888
0.001207352
0.001206398
0.001208544
0.001201153
0.001209736
0.001173258
0.001186371
0.001228571
0.001194000
0.001216888
0.001230717
0.001178503
0.001224518
0.001216650
0.001199007
0.001220703
0.001179695
0.001178980
0.001235723
0.001160622
0.001200914
0.001199245
0.001203775
0.001210690
0.001229525
0.001184225
0.001191139
0.001200199
0.001203299
0.001214743
0.001174212
0.001179934
0.001194000
0.001208544
0.001197100
0.001196623
0.001189709
0.001204014
0.001219034
0.001177788
0.000928879
0.001213551
0.001193762
0.001205444
0.001221418
0.001197100
0.001216412
0.001213312
0.001207113
0.001200676
0.001242876
0.001170158
0.001163006
0.001202822
0.001216888
0.001173496
0.001194477
0.001192331
0.001180649
0.001168013
0.001148939
0.001158953
0.001156807
0.001143456
0.001150608
0.001201391
0.001170158
0.001195431
0.001169443
0.001223803
0.001216650
0.001228571
0.001231194
0.001139164
0.001215458
0.001197577
0.001235962
0.001218557
0.001233339
0.001216173
0.001207352
0.001223564
0.001193523
0.001174450
0.001188993
0.001227617
0.001981735
