0.111140490
0.011240244
0.001144886
0.001128912
0.001132727
0.001461506
0.001353502
0.001342535
0.001472235
0.001455069
0.001479387
0.001455784
0.001410723
0.001315355
0.001473665
0.001115322
0.001194715
0.001443863
0.001431227
0.001339912
0.001323938
0.001018524
0.001399279
0.001423120
0.001195192
0.001185179
0.001408577
0.001475573
0.001489878
0.001135588
0.001196146
0.001135349
0.001072407
0.001234293
0.001208782
0.001249552
0.001451015
0.001460075
0.001179218
0.001567125
0.001329422
0.001572609
0.001359463
0.001516581
0.001115799
0.001408100
0.001478434
0.001095295
0.001444817
0.001494408
0.001525640
0.001478434
0.001207113
0.001496077
0.001506805
0.001556158
0.001502275
0.001494408
0.001483917
0.001441479
0.001332521
0.001343012
0.001348019
0.001321793
0.001326799
0.001329899
0.001334906
0.001358271
0.001308441
0.001487970
0.001468420
0.001500130
0.001345158
0.001352072
0.001402855
0.001470089
0.001449585
0.001406908
0.001226187
0.001111031
0.001169682
0.000986814
0.001198530
0.001548529
0.001560926
0.001259089
0.001275063
0.001411438
0.001374245
0.001021147
0.001187563
0.001183748
0.001477957
0.001229286
0.001522064
0.001166582
0.001427650
0.001517296
0.001102686
0.001111269
0.001228094
0.001008034
0.001151562
0.001259804
0.001116514
0.001055002
0.001183748
0.001461983
0.001446962
0.001459360
0.001460075
0.001291275
0.001067877
0.001456499
0.001382828
0.001516342
0.001425743
0.001406670
0.001428366
0.001433849
0.001411438
0.001471519
0.001447439
0.001364708
0.001403332
0.001379728
0.001331568
0.001466274
0.001302481
0.001264811
0.001339436
0.001457214
0.001339912
0.001431227
0.001464128
0.001430035
0.001440525
0.001341820
0.001411438
0.001361132
0.000976324
0.000999451
0.001154423
0.001036406
0.001023769
0.001345396
0.001304388
0.001357555
0.001092672
0.001074791
0.001147032
0.001165390
0.001059294
0.001089334
0.001041412
0.001300812
0.001146317
0.001088381
0.001379251
0.001390696
0.001240015
0.001428843
0.001477242
0.001434803
0.001413107
0.001441479
0.001131296
0.001425743
0.001458883
0.001417875
0.002172709
0.001054525
0.001343250
0.001451015
0.001338720
0.001314402
0.001422644
0.001404285
0.001095533
0.001097441
0.001161575
0.000983953
0.001466990
0.001462221
0.001316071
0.001447201
0.001353025
0.001145601
0.001020908
0.000993252
0.001405239
0.001340866
0.001332998
0.001319647
0.001487494
0.001399755
0.001410961
0.001358271
0.001323223
0.001292944
0.001326561
0.001370430
0.001353741
0.001413345
0.001437426
0.001338482
0.001399994
0.001333714
0.001044750
0.001034498
0.001035929
0.000897408
0.001052380
0.001475334
0.001485586
0.001372337
0.001290321
0.001323223
0.001398802
0.001353025
0.001418829
0.001403093
0.001501083
0.001484394
0.001446247
0.001365185
0.001004457
0.001328707
0.001345873
0.001356602
0.001365900
0.001333952
0.000960827
0.000986338
0.000936031
0.001352787
0.001018763
0.001421452
0.001099586
0.001921892
0.000952482
0.000961304
0.001443148
0.001073599
0.001071215
0.001188040
0.001441717
0.001482964
0.001441717
0.001455545
0.001484871
0.001602650
0.001355410
0.001326799
0.001354694
0.000968218
0.001071692
0.001016378
0.001002312
0.000998497
0.001488209
0.001101017
0.001428604
0.001130342
0.001460314
0.001004457
0.001095533
0.001053095
0.001051664
0.001536846
0.001037836
0.000998497
0.001466990
0.001404762
0.000970364
0.001009703
0.000960827
0.001187801
0.001127005
0.001034737
0.001626015
0.001399755
0.001558304
0.002874613
0.001105785
0.001389265
0.001480341
0.001166105
0.001498461
0.001242876
0.001383781
0.001303434
0.001141310
0.001178265
0.001131773
0.001465082
0.001400709
0.001398087
0.000980616
0.001403809
0.001125574
0.001447439
0.001415014
0.001454353
0.001456022
0.001405001
0.001442909
0.001451015
0.001414776
0.001371861
0.001459837
0.001413345
0.001440525
0.001457214
0.001436234
0.001455545
0.001425266
0.001494169
0.001079798
0.001483202
0.001424551
0.001463175
0.001441956
0.001428604
0.001346827
0.001443624
0.001437426
0.001428843
0.001444340
0.001412392
0.001448631
0.001457691
0.001456738
0.001422405
0.001459837
0.001321554
0.001395702
0.001457930
0.001361847
0.001421452
0.001450062
0.001526356
0.001365185
0.001456499
0.001404047
0.001402378
0.001435280
0.001413345
0.001391888
0.001484871
0.001481533
0.001490831
0.001467705
0.001429081
0.001461983
0.001420736
0.001341343
0.001338959
0.001288652
0.001366377
0.001324177
0.001524687
0.001445293
0.001413345
0.001023531
0.001371384
0.001420259
0.001484156
0.001396894
0.001410246
0.001405001
0.001338720
0.001339912
0.001385927
0.001386166
0.001397133
0.001414299
0.001418114
0.001402140
0.001408815
0.001321554
0.001479864
0.001425743
0.001415014
0.001463413
0.001502752
0.001393557
0.001469612
0.001481056
0.001533508
0.001428127
0.001474619
0.001444340
0.001404047
0.001440048
0.001446724
0.001456738
0.001406431
0.001433611
0.001437426
0.001378536
0.001363754
0.001333475
0.001330376
0.001426697
0.001366854
0.001306772
0.001396179
0.001317739
0.001337528
0.001329660
0.001332998
0.001479864
0.001461506
0.001384020
0.001445770
0.001462460
0.001446962
0.001363754
0.001490593
0.001515865
0.001435280
0.001470089
0.001456499
0.001467228
0.001424074
0.001438141
0.001428127
0.001424789
0.001473665
0.001456976
0.001457930
0.001403809
0.001467228
0.001460552
0.001461506
0.001443863
0.001415253
0.001435518
0.001395464
0.001370192
0.001299858
0.001411438
0.001433611
0.001431942
0.001443624
0.000978231
0.001462698
0.001330137
0.001390696
0.001329660
0.001317739
0.001480579
0.001511812
0.001448393
0.001483679
0.001551628
0.001433849
0.001444817
0.001475573
0.001446962
0.001610279
0.001486301
0.001541853
0.001444340
0.001548052
0.001502991
0.001404047
0.001418114
0.001485348
0.001603365
0.001247644
0.001399517
0.001223803
0.001287460
0.001547337
0.001274824
0.001447678
0.001448631
0.001195669
0.001458168
0.001425266
0.001423359
0.001048088
0.001300573
0.000983477
0.001305342
0.001034737
0.000993729
0.001026392
0.001055479
0.000965595
0.001307249
0.001326799
0.001322508
0.001343966
0.001332521
0.001476765
0.001393080
0.001428127
0.001344681
0.001470804
0.001330614
0.001326323
0.001462936
0.001453876
0.001452684
0.001286745
0.001446486
0.001484156
0.001309872
0.001335859
0.001360178
0.001307726
0.001426220
0.001451492
0.001342058
0.001366138
0.001416206
0.001414537
0.001418591
0.001417637
0.001407623
0.001396418
0.001408815
0.001456976
0.001353025
0.001349449
0.001473665
0.001504898
0.001435041
0.001422882
0.001483440
0.001422167
0.001146317
0.001412868
0.001386881
0.001277924
0.001295567
0.001410484
0.001257896
0.001408577
0.001315117
0.001369953
0.001372576
0.001313686
0.001331806
0.001316547
0.001410246
0.001405239
0.001432419
0.001468420
0.001407862
0.001385927
0.001377583
0.001411438
0.001359224
0.001519203
0.001442909
0.001417398
0.001410961
0.001410484
0.001116276
0.001433849
0.001442432
0.001352072
0.001418114
0.001330853
0.001360178
0.001387119
0.001331806
0.001370430
0.000915289
0.001327753
0.001421452
0.001418829
0.001415491
0.001321554
0.001315594
0.001334190
0.001398087
0.001363277
0.001417875
0.001041651
0.001469851
0.001430988
0.001428843
0.001430988
0.001389980
0.001435995
0.001411915
0.001475096
0.001430035
0.001496792
0.001410961
0.001295328
0.001312494
0.001434803
0.001269817
0.002852678
