0.095357895
0.002143860
0.002017260
0.001997948
0.002033472
0.001895905
0.002047300
0.001841784
0.001520395
0.002413511
0.002115488
0.001927853
0.002030611
0.002119541
0.001857758
0.002051115
0.001955509
0.002030611
0.001768827
0.001986742
0.001947165
0.001828432
0.002066851
0.002042294
0.002022743
0.002081156
0.002012730
0.002065659
0.001830101
0.001961231
0.001968384
0.001921177
0.002166033
0.001907349
0.002012491
0.001935005
0.002108097
0.002122164
0.001767874
0.002085447
0.001803398
0.002144337
0.002055407
0.001810312
0.002051115
0.002119303
0.002065659
0.002030134
0.001786470
0.002094030
0.001899481
0.001951218
0.002061605
0.002050877
0.002053261
0.002076387
0.002029181
0.002015591
0.001735210
0.002050638
0.001775265
0.001966715
0.002056122
0.002079010
0.001969337
0.002134085
0.002085209
0.002088070
0.001686335
0.002098799
0.002119541
0.002079725
0.002175570
0.002133369
0.002113581
0.002100229
0.001986265
0.001896143
0.001591206
0.002096653
0.001944542
0.002015114
0.002008438
0.002102137
0.001982689
0.002050877
0.002034187
0.002084255
0.001857519
0.002159834
0.002035379
0.001962185
0.001989365
0.001998901
0.002012730
0.002062559
0.002132416
0.002039909
0.001987457
0.002068996
0.002135277
0.002114296
0.002096176
0.002089500
0.002081156
0.002077818
0.002062798
0.002091646
0.002168179
0.002067804
0.002053976
0.002040386
0.002122402
0.001992941
0.001971722
0.002064466
0.002067089
0.002070904
0.001882553
0.001880884
0.002092600
0.002069235
0.002118826
0.002101660
0.002052069
0.002212048
0.002050161
0.002028942
0.002037048
0.002047539
0.002055168
0.001934528
0.002119303
0.002139091
0.002138376
0.002251625
0.002145290
0.002148151
0.002116442
0.002130270
0.002125978
0.002061605
0.002115011
0.002101660
0.002076864
0.002010584
0.001852274
0.001863003
0.001876116
0.001940489
0.001774311
0.002095461
0.002080441
0.002059937
0.001995564
0.002181053
0.002004385
0.002026558
0.001978397
0.001996994
0.002035379
0.002037764
0.001994371
0.002012491
0.002041578
0.002158165
0.002091885
0.002063274
0.002072334
0.002038240
0.002049446
0.002067327
0.001967907
0.002080441
0.002045393
0.002198696
0.002113342
0.002125263
0.002094746
0.002120018
0.002072334
0.002115250
0.002049923
0.001924753
0.001628160
0.002028227
0.001882792
0.001868963
0.001901388
0.001785517
0.001786709
0.001800776
0.001959324
0.001837730
0.001990318
0.001978874
0.002047062
0.002071619
0.002048969
0.002083302
0.001893520
0.002111673
0.002058506
0.002021790
0.001988888
0.001945972
0.002043962
0.001999378
0.002020121
0.002043009
0.002037048
0.002013206
0.001746893
0.001968384
0.001909018
0.002124786
0.002001762
0.001977921
0.001961470
0.002093077
0.002112627
0.002090931
0.002069712
0.002051830
0.002091885
0.002088070
0.002102613
0.002136230
0.002058506
0.002037048
0.002105474
0.001991987
0.002067089
0.002036095
0.002045393
0.002093554
0.002033710
0.002054691
0.002036572
0.002076626
0.002006292
0.002024889
0.002080917
0.002060175
0.002071857
0.002154350
0.002090454
0.002087831
0.002005577
0.001920700
0.002119303
0.002093077
0.002007723
0.002007484
0.001845598
0.002030134
0.001994133
0.002002954
0.002010822
0.002008438
0.001981735
0.001988888
0.002005816
0.002001524
0.002002716
0.002019644
0.001948595
0.002050400
0.001997232
0.001979589
0.002062321
0.002082825
0.002027512
0.001792192
0.002056360
0.002117872
0.002038002
0.002026558
0.001892567
0.001924276
0.001948595
0.002071619
0.002080441
0.002024174
0.002082825
0.001949787
0.002135992
0.001996994
0.001888990
0.002149820
0.001909018
0.002020121
0.002095222
0.001928091
0.002022028
0.001973391
0.002075434
0.002084017
0.001989603
0.002083778
0.002029419
0.002045393
0.002086878
0.002154350
0.002056360
0.002062082
0.001926899
0.001959801
0.002098560
0.002086163
0.002085686
0.002132893
0.002131701
0.002026320
0.002058506
0.002157688
0.002158642
0.002134323
0.002110243
0.002072334
0.002088547
0.002062082
0.002076387
0.001993895
0.001973391
0.002157688
0.001949549
0.001979113
0.001973152
0.001976013
0.002088070
0.002081156
0.002076149
0.002090216
0.002062559
0.002133369
0.002062321
0.001998663
0.002044916
0.002016544
0.002077579
0.002077579
0.002000332
0.002073050
0.002116680
0.002014399
0.002116919
0.002079487
0.002140760
0.001820564
0.001976490
0.002110243
0.002087116
0.002078772
0.001987219
0.002120495
0.002027988
0.002099991
0.002083063
0.002101183
0.002106190
0.001859188
0.001993895
0.002067804
0.002127171
0.002118826
0.002048731
0.002168655
0.002076149
0.002052546
0.002108335
0.002076387
0.002092600
0.002137899
0.001942396
0.002072573
0.002103329
0.001905441
0.001953602
0.001950026
0.002075911
0.002036572
0.001996517
0.002099991
0.002092838
0.002089024
0.001935005
0.002063990
0.002079248
0.002139568
0.002112150
0.002085447
0.002008438
0.002122879
0.002048492
0.002072096
0.002039194
0.002046824
0.001847982
0.001859665
0.002004623
0.002071619
0.002023935
0.002085924
0.002087831
0.002063990
0.002071142
0.002096891
0.002096415
0.002134562
0.002122641
0.002110004
0.002114058
0.001986027
0.002104282
0.002141237
0.002026081
0.002143621
0.001996040
0.002126932
0.002127171
0.002094030
0.002110481
0.002110958
0.002128124
0.002198458
0.001794577
0.001980305
0.002093554
0.001947880
0.001995564
0.002098799
0.001992226
0.002067089
0.002052546
0.002125025
0.002075672
0.002059221
0.002063036
0.002078772
0.002054930
0.002070427
0.002058983
0.002058744
0.002053499
0.002097368
0.002072573
0.001987457
0.002009153
0.002020597
0.002053261
0.002048016
0.001937389
0.001919508
0.001776934
0.002027273
0.002009153
0.002042770
0.002079010
0.002021313
0.002072096
0.002038002
0.002026796
0.002042294
0.001999855
0.001922846
0.002032518
0.001975298
0.001973867
0.002140284
0.002102375
0.002145052
0.002139330
0.002109051
0.002031326
0.002168417
0.002032042
0.002004385
0.002005577
0.001994610
0.001980782
0.001868725
0.002031565
0.002127647
0.001917362
0.002068281
0.001918554
0.001880646
0.001933336
0.001902819
0.001986504
0.001949787
0.001916647
0.002122164
0.002126694
0.002112627
0.002134323
0.002100706
0.002028942
0.002057314
0.001828194
0.002116919
0.002116203
0.002182245
0.002086401
0.002119303
0.002135754
0.001766920
0.001934767
0.001775265
0.002050400
0.002074480
0.001906872
0.002069950
0.001966476
0.002015352
0.001966476
0.002137184
0.002063274
0.002020597
0.002103329
0.002117157
0.002070904
0.002058506
0.002017736
0.002201080
0.002018213
0.002010107
0.002010107
0.002007723
0.002007008
0.002034187
0.002017260
0.002004862
0.002003431
0.002112150
0.002151251
0.002092600
0.002075434
0.002104044
0.001943827
0.001969337
0.001983166
0.002042532
0.013125420
0.001985312
0.001960516
0.002014637
0.002050400
0.002030373
0.002013922
0.001948357
0.001945496
0.002119780
0.002110243
0.002121210
0.001990318
0.002113819
0.001932144
0.002111435
0.002104521
0.002103090
0.002094746
0.002045393
0.001898527
0.002084732
0.002100945
0.002009392
0.002083063
0.002049923
0.002103329
0.001957417
0.002098083
0.002117395
0.002274513
0.002143860
0.002044916
0.002044201
0.002020359
0.002022743
0.001956224
0.002145052
0.002004147
0.001958132
0.001825571
0.001820803
0.001888990
0.001927614
0.002128601
0.001802206
0.001773357
0.002118111
0.001962185
0.001877546
0.001884460
0.002225876
0.002072811
0.002071142
0.002147913
0.004958868
